6 0.216797 0.646528 0.094531 0.065278
0 0.023047 0.619444 0.033594 0.150000
1 0.322266 0.649306 0.063281 0.068056
2 0.420312 0.674306 0.109375 0.040278
3 0.128516 0.640278 0.088281 0.105556
1 0.343750 0.680556 0.034375 0.036111
4 0.534766 0.668056 0.089844 0.050000
7 0.536719 0.661806 0.045312 0.040278
1 0.301953 0.689583 0.024219 0.029167
16 0.154688 0.536806 0.142187 0.243056
15 0.160547 0.686806 0.217969 0.048611
17 0.868750 0.605556 0.040625 0.219444
4 0.971484 0.677083 0.057031 0.043056
11 0.986328 0.670833 0.022656 0.033333