6 0.21729543209075927 0.6473993513319227 0.0931023895740509 0.06687463654412164
0 0.025508815050125123 0.624745347764757 0.03203302919864655 0.14706894556681316
2 0.425357723236084 0.6784531487358941 0.10846210718154907 0.041771348317464194
1 0.3224846124649048 0.6527523464626737 0.06153111457824707 0.06896528667873807
7 0.5352169036865234 0.6650868733723958 0.04502116143703461 0.03910435835520427
3 0.12845927476882935 0.6413147396511502 0.08759242296218872 0.10565577612982856
1 0.34513652324676514 0.6824309878879123 0.03437486290931702 0.0360140323638916
1 0.30358047485351564 0.6927135043674045 0.023824232816696166 0.029077752431233724
4 0.533667516708374 0.6698382059733073 0.08685168027877807 0.04959480497572157
15 0.160156 0.678472 0.200000 0.062500
16 0.155469 0.532639 0.134375 0.243056
17 0.874219 0.612500 0.032813 0.225000
4 0.971484 0.672222 0.057031 0.044444
11 0.987109 0.672222 0.022656 0.033333