0 0.025000 0.627083 0.031250 0.154167
6 0.213281 0.654861 0.093750 0.087500
2 0.421094 0.675000 0.117188 0.055556
4 0.534766 0.677083 0.078906 0.045833
3 0.129297 0.640278 0.089844 0.113889
1 0.308984 0.655556 0.066406 0.077778
1 0.343750 0.681944 0.035937 0.041667
7 0.425391 0.663889 0.080469 0.033333
1 0.303125 0.689583 0.023438 0.034722
15 0.158594 0.683333 0.190625 0.050000
16 0.158984 0.531944 0.138281 0.225000
17 0.870703 0.611806 0.033594 0.220833
4 0.974219 0.669444 0.051562 0.061111
11 0.983984 0.666667 0.019531 0.038889