6 0.21303915977478027 0.6563278622097439 0.09653112888336182 0.0900202645195855
0 0.025467130541801452 0.627035395304362 0.030743548274040224 0.152733580271403
2 0.4213252067565918 0.6746841854519314 0.11701537370681762 0.05335981051127116
1 0.341817831993103 0.6794672648111979 0.03286706805229187 0.045186297098795576
3 0.12970468997955323 0.6410461849636502 0.09001032114028931 0.11478116777208117
4 0.5359947681427002 0.6754955715603299 0.08543059825897217 0.04444895850287543
1 0.3096585273742676 0.6573313395182292 0.06622906923294067 0.08004860348171658
7 0.4264363765716553 0.6652005513509115 0.09043440818786622 0.030632016393873425
1 0.30411248207092284 0.6892147064208984 0.02076365202665329 0.03133795526292589
15 0.158594 0.683333 0.190625 0.050000
16 0.158984 0.531944 0.138281 0.225000
17 0.870703 0.611806 0.033594 0.220833
4 0.974219 0.669444 0.051562 0.061111
11 0.983984 0.666667 0.019531 0.038889