6 0.2170178174972534 0.647427495320638 0.09307587146759033 0.06663793987698025
0 0.02559712529182434 0.6246175130208333 0.032023188471794126 0.14689631991916233
1 0.3225194215774536 0.6523169199625651 0.060985273122787474 0.06914145681593153
2 0.4255363464355469 0.6784367031521268 0.10834720134735107 0.041986197895473906
7 0.5352202415466308 0.6649519178602431 0.04516310691833496 0.03921566539340549
3 0.1285869598388672 0.6412451850043402 0.0872887372970581 0.10539717144436306
1 0.3450708150863647 0.682591798570421 0.03441572487354279 0.03524968094295926
4 0.5336363315582275 0.6698312123616537 0.08661878108978271 0.0498462888929579
1 0.3037492036819458 0.692702399359809 0.02305077910423279 0.028963944647047254
15 0.160156 0.678472 0.200000 0.062500
16 0.155469 0.532639 0.134375 0.243056
17 0.874219 0.612500 0.032813 0.225000
4 0.971484 0.672222 0.057031 0.044444
11 0.987109 0.672222 0.022656 0.033333