0 0.025415170192718505 0.6268049028184679 0.030754446983337402 0.1533326784769694
6 0.21307716369628907 0.6563145107693142 0.09626608490943908 0.08987340927124024
1 0.34180755615234376 0.679261737399631 0.03262166678905487 0.0444610595703125
1 0.3096616744995117 0.6575902303059896 0.06650204062461854 0.08027295536465115
3 0.12960951328277587 0.6408471849229601 0.09035453200340271 0.11410858366224501
4 0.5365185260772705 0.675498538547092 0.08125519156455993 0.04574828677707248
2 0.4214160919189453 0.6739880032009549 0.11770008802413941 0.05459081331888835
7 0.42696495056152345 0.6659627702501085 0.10273634195327759 0.03347643216451009
1 0.30388240814208983 0.6896212683783637 0.021875919401645662 0.03363888793521457
15 0.158594 0.683333 0.190625 0.050000
16 0.158984 0.531944 0.138281 0.225000
17 0.870703 0.611806 0.033594 0.220833
4 0.974219 0.669444 0.051562 0.061111
11 0.983984 0.666667 0.019531 0.038889