6 0.21307954788208008 0.6566936916775173 0.0956878662109375 0.08745226860046387
0 0.02546702027320862 0.6269043816460503 0.030854630470275878 0.15340056949191624
1 0.34164884090423586 0.6794843037923177 0.03231871724128723 0.044787735409206816
1 0.30958640575408936 0.6591920640733507 0.06769274473190308 0.08071915838453504
3 0.12963969707489015 0.6407531314425998 0.0897091269493103 0.11362584431966145
7 0.42737431526184083 0.6648972829182943 0.10185141563415527 0.036198727289835614
4 0.5366170883178711 0.6746958414713542 0.085656076669693 0.04597889052497016
2 0.42102780342102053 0.6737213558620877 0.11167690753936768 0.058600627051459415
1 0.3039932489395142 0.6900020175509982 0.022576886415481567 0.033904931280348036
15 0.158594 0.683333 0.190625 0.050000
16 0.158984 0.531944 0.138281 0.225000
17 0.870703 0.611806 0.033594 0.220833
4 0.974219 0.669444 0.051562 0.061111
11 0.983984 0.666667 0.019531 0.038889