0 0.02551754117012024 0.6269896613226996 0.030816373229026795 0.1535924275716146
6 0.21311674118041993 0.6568207210964627 0.09479027390480041 0.08671411938137479
1 0.34157495498657225 0.6796518961588541 0.03247294425964355 0.04511813587612576
1 0.3096390008926392 0.6594989352756077 0.0681839108467102 0.07997992833455404
3 0.12962175607681276 0.6407510121663411 0.08989577293395996 0.11334335539076064
4 0.5349507808685303 0.6746183183458117 0.08328943252563477 0.045019743177625866
7 0.4279585838317871 0.6639347076416016 0.1024219274520874 0.03775921397738986
2 0.42067852020263674 0.6736462063259548 0.10988154411315917 0.059247530831231014
1 0.3038966178894043 0.6901165856255426 0.02251368761062622 0.03394255108303494
15 0.158594 0.683333 0.190625 0.050000
16 0.158984 0.531944 0.138281 0.225000
17 0.870703 0.611806 0.033594 0.220833
4 0.974219 0.669444 0.051562 0.061111
11 0.983984 0.666667 0.019531 0.038889