0 0.02547096908092499 0.6269070095486111 0.0308589905500412 0.15445031060112846
6 0.21351423263549804 0.6565007103814019 0.09315449595451356 0.08496805826822916
1 0.34219648838043215 0.6805158827039931 0.03242899775505066 0.04136848449707031
1 0.30958578586578367 0.6589011722140842 0.06883552670478821 0.07847648726569281
2 0.41895503997802735 0.6738268110487197 0.1170843482017517 0.055610375934176975
3 0.12953546047210693 0.6407037523057726 0.08904898762702942 0.11386470794677735
4 0.537522268295288 0.6748569064670139 0.08380869626998902 0.046214093102349176
7 0.4242969036102295 0.6667641957600912 0.09536880254745483 0.0346315171983507
1 0.3038949489593506 0.6904028574625651 0.02296968698501587 0.03392043378618029
15 0.158594 0.683333 0.190625 0.050000
16 0.158984 0.531944 0.138281 0.225000
17 0.870703 0.611806 0.033594 0.220833
4 0.974219 0.669444 0.051562 0.061111
11 0.983984 0.666667 0.019531 0.038889