6 0.21719663143157958 0.6489568498399523 0.09357798099517822 0.06685441864861383
0 0.025457143783569336 0.6236874050564236 0.031867998838424685 0.14561245176527235
1 0.319950532913208 0.652424791124132 0.06530786156654358 0.07114428944057888
2 0.42523865699768065 0.6781692504882812 0.10853826999664307 0.04236671659681532
7 0.5346442222595215 0.6651144239637586 0.044542250037193296 0.038319219483269586
3 0.128255295753479 0.6410420735677084 0.08699410557746887 0.10630890528361002
1 0.3451369762420654 0.6828346676296658 0.03490772545337677 0.03723983499738905
1 0.30376882553100587 0.6928288353814019 0.024419236183166503 0.02951592869228787
4 0.53349928855896 0.670098622639974 0.0867010235786438 0.049825286865234374
15 0.160156 0.678472 0.200000 0.062500
16 0.155469 0.532639 0.134375 0.243056
17 0.874219 0.612500 0.032813 0.225000
4 0.971484 0.672222 0.057031 0.044444
11 0.987109 0.672222 0.022656 0.033333