6 0.217529296875 0.6494532267252604 0.09504177570343017 0.06453787485758464
7 0.5340084075927735 0.6655305650499131 0.04430922865867615 0.03893551296657986
0 0.025504884123802186 0.6219632466634114 0.032590603828430174 0.14262243906656902
1 0.32367074489593506 0.6519244723849826 0.06089667677879333 0.07063788837856716
2 0.4242096424102783 0.6777893914116754 0.10746389627456665 0.042271182272169326
3 0.12817821502685547 0.6404637230767144 0.0862289011478424 0.10567580329047309
1 0.3452315807342529 0.6830558776855469 0.033921658992767334 0.03680959807501899
1 0.3039431095123291 0.6932751549614801 0.024188902974128724 0.02794282701280382
4 0.53475341796875 0.6716874864366319 0.08621891736984252 0.05305280685424805
15 0.160156 0.678472 0.200000 0.062500
16 0.155469 0.532639 0.134375 0.243056
17 0.874219 0.612500 0.032813 0.225000
4 0.971484 0.672222 0.057031 0.044444
11 0.987109 0.672222 0.022656 0.033333