6 0.2173847198486328 0.6499792734781901 0.0958877146244049 0.0656445927090115
7 0.5337240695953369 0.6658038669162326 0.04357379674911499 0.04019336435529921
0 0.02546919584274292 0.6210622999403211 0.03290021121501922 0.14271783828735352
1 0.32547547817230227 0.6525840759277344 0.060156834125518796 0.06911316447787814
2 0.42408185005187987 0.6777073330349392 0.10833230018615722 0.04330647256639269
3 0.12817413806915284 0.640382809109158 0.0854371428489685 0.10544647640652127
1 0.3451758861541748 0.6828858693440755 0.03351706862449646 0.03565825621287028
1 0.30347752571105957 0.6927491505940755 0.023622074723243715 0.028844563166300456
4 0.5347689628601074 0.6712417602539062 0.0837899923324585 0.0531257152557373
15 0.160156 0.678472 0.200000 0.062500
16 0.155469 0.532639 0.134375 0.243056
17 0.874219 0.612500 0.032813 0.225000
4 0.971484 0.672222 0.057031 0.044444
11 0.987109 0.672222 0.022656 0.033333