6 0.21738333702087403 0.6500653160942925 0.09559062719345093 0.06550326877170139
0 0.02549726963043213 0.6213861253526476 0.03269821703433991 0.14213485717773439
7 0.5340142250061035 0.6659355163574219 0.04228430390357971 0.03854369057549371
2 0.4241930961608887 0.677322514851888 0.10845034122467041 0.04448599285549588
1 0.3257587194442749 0.6527296278211806 0.06088032722473145 0.06818386713663736
3 0.12819002866744994 0.6403124915228949 0.08565703630447388 0.10555217530992296
1 0.34520931243896485 0.6826039632161458 0.03330636024475098 0.03573364151848687
4 0.5348196506500245 0.6722494337293837 0.08509620428085327 0.05202533933851454
1 0.3038966417312622 0.6928195529513889 0.023500250279903413 0.028378838962978787
15 0.160156 0.678472 0.200000 0.062500
16 0.155469 0.532639 0.134375 0.243056
17 0.874219 0.612500 0.032813 0.225000
4 0.971484 0.672222 0.057031 0.044444
11 0.987109 0.672222 0.022656 0.033333