0 0.025215458869934083 0.6239744398328994 0.032079273462295534 0.14748998218112522
6 0.21724612712860109 0.6470973544650608 0.09355188608169555 0.06787060101826986
1 0.3222970724105835 0.6522087521023221 0.06415646076202393 0.06833744049072266
2 0.42400507926940917 0.6784625583224826 0.10788168907165527 0.03847781287299262
3 0.12840335369110106 0.641619618733724 0.08720450401306153 0.10657501220703125
1 0.34489920139312746 0.6832383897569444 0.03540917932987213 0.03481452200147841
7 0.5365561962127685 0.6629193623860677 0.045604532957077025 0.040609600808885364
4 0.5343684196472168 0.6674175686306424 0.08924559354782105 0.05186040136549208
1 0.3041302919387817 0.6919879913330078 0.022937506437301636 0.02796544763776991
15 0.160156 0.678472 0.200000 0.062500
16 0.155469 0.532639 0.134375 0.243056
17 0.874219 0.612500 0.032813 0.225000
4 0.971484 0.672222 0.057031 0.044444
11 0.987109 0.672222 0.022656 0.033333