6 0.21699025630950927 0.6495844523111979 0.09540822505950927 0.06466734144422744
0 0.0254384309053421 0.6210454728868272 0.03278132677078247 0.14372184541490343
3 0.12788255214691163 0.6403728908962674 0.08580111265182495 0.1065283457438151
7 0.5340260982513427 0.6657953050401476 0.04273486733436584 0.03931214544508192
2 0.42389717102050783 0.6772722032335069 0.10946307182312012 0.04301004144880507
1 0.332415246963501 0.6521458095974393 0.0583342969417572 0.06636747784084744
1 0.34487404823303225 0.6828461117214627 0.03227879405021668 0.032519202762179907
4 0.5348247528076172 0.671265368991428 0.08431074023246765 0.053523921966552736
1 0.30369184017181394 0.6927580091688368 0.023252564668655395 0.025902999771965876
15 0.160156 0.678472 0.200000 0.062500
16 0.155469 0.532639 0.134375 0.243056
17 0.874219 0.612500 0.032813 0.225000
4 0.971484 0.672222 0.057031 0.044444
11 0.987109 0.672222 0.022656 0.033333