6 0.21747970581054688 0.6493641323513455 0.09565860629081727 0.0646848996480306
0 0.0254830539226532 0.6210165235731336 0.03271011114120483 0.14245430628458658
7 0.534404706954956 0.6657470279269748 0.04205267131328583 0.03933477666642931
3 0.12803492546081544 0.6403656005859375 0.08571060895919799 0.10618572235107422
2 0.4237391471862793 0.6771717071533203 0.10977591276168823 0.043456498781840006
1 0.33576359748840334 0.6520963880750869 0.05778071880340576 0.06592122713724773
1 0.3448726892471313 0.6828253851996527 0.03201366066932678 0.03265302181243897
1 0.30352225303649905 0.6931126912434896 0.023117245733737947 0.024892708990308973
4 0.5352251052856445 0.6712852054172092 0.08476218581199646 0.05346793598598904
15 0.160156 0.678472 0.200000 0.062500
16 0.155469 0.532639 0.134375 0.243056
17 0.874219 0.612500 0.032813 0.225000
4 0.971484 0.672222 0.057031 0.044444
11 0.987109 0.672222 0.022656 0.033333