0 0.025608572363853454 0.6208558824327257 0.0330230325460434 0.14359654320610893
6 0.21753356456756592 0.6491531795925565 0.09495579600334167 0.06440905994839138
7 0.5343209266662597 0.6657504611545139 0.04200941622257233 0.03904296822018093
2 0.4238294124603271 0.6772522396511502 0.11024243831634521 0.04356316725413004
3 0.12827465534210206 0.6402560340033637 0.08599072098731994 0.10526705847846138
1 0.33589491844177244 0.6514898512098525 0.058422279357910153 0.06615378591749403
1 0.3448362112045288 0.682418229844835 0.0321041077375412 0.03271425035264757
1 0.30376720428466797 0.6930063883463542 0.022692172229290007 0.024730043941073948
4 0.5346656322479248 0.671499506632487 0.0847232460975647 0.05380491680569119
15 0.160156 0.678472 0.200000 0.062500
16 0.155469 0.532639 0.134375 0.243056
17 0.874219 0.612500 0.032813 0.225000
4 0.971484 0.672222 0.057031 0.044444
11 0.987109 0.672222 0.022656 0.033333