0 0.025391 0.627083 0.030469 0.156944
6 0.212891 0.654861 0.097656 0.090278
3 0.128516 0.640972 0.091406 0.112500
1 0.342578 0.680556 0.032031 0.041667
2 0.421094 0.673611 0.118750 0.052778
1 0.308594 0.654861 0.065625 0.076389
1 0.302734 0.689583 0.022656 0.034722
7 0.426953 0.665972 0.091406 0.037500
8 0.377734 0.640972 0.032031 0.056944
16 0.156641 0.525694 0.132031 0.240278
15 0.159766 0.679167 0.199219 0.055556
17 0.871875 0.607639 0.040625 0.237500
4 0.976562 0.670833 0.046875 0.047222
11 0.983594 0.670139 0.025000 0.029167