0 0.025391 0.627083 0.030469 0.156944
6 0.212891 0.654861 0.097656 0.090278
3 0.128906 0.640278 0.090625 0.113889
1 0.342187 0.679861 0.031250 0.043056
1 0.308984 0.654861 0.064844 0.076389
2 0.423438 0.674306 0.114062 0.045833
1 0.303125 0.689583 0.021875 0.034722
7 0.421484 0.663194 0.092969 0.037500
8 0.384375 0.640972 0.032813 0.062500
16 0.156641 0.525694 0.132031 0.240278
15 0.159766 0.679167 0.199219 0.055556
17 0.871875 0.607639 0.040625 0.237500
4 0.976562 0.670833 0.046875 0.047222
11 0.983594 0.670139 0.025000 0.029167