0 0.025391 0.624306 0.030469 0.156944
6 0.212500 0.654167 0.096875 0.091667
3 0.127734 0.640278 0.091406 0.113889
1 0.341406 0.680556 0.031250 0.041667
2 0.419531 0.674306 0.115625 0.051389
8 0.383203 0.624306 0.039844 0.043056
1 0.308594 0.655556 0.065625 0.077778
1 0.301953 0.686806 0.024219 0.034722
7 0.419922 0.663194 0.097656 0.037500
16 0.156641 0.525694 0.132031 0.240278
15 0.159766 0.679167 0.199219 0.055556
17 0.871875 0.607639 0.040625 0.237500
4 0.976562 0.670833 0.046875 0.047222
11 0.983594 0.670139 0.025000 0.029167