0 0.025391 0.625694 0.030469 0.156944
6 0.212891 0.655556 0.096094 0.091667
1 0.342187 0.680556 0.031250 0.038889
2 0.420703 0.674306 0.119531 0.054167
3 0.129297 0.640278 0.089844 0.113889
1 0.308594 0.655556 0.067187 0.077778
8 0.377344 0.609722 0.023438 0.047222
1 0.301953 0.688194 0.024219 0.034722
7 0.423438 0.664583 0.093750 0.034722
16 0.156641 0.525694 0.132031 0.240278
15 0.159766 0.679167 0.199219 0.055556
17 0.871875 0.607639 0.040625 0.237500
4 0.976562 0.670833 0.046875 0.047222
11 0.983594 0.670139 0.025000 0.029167