0 0.027344 0.625694 0.031250 0.154167
1 0.308594 0.656250 0.065625 0.081944
1 0.342578 0.684722 0.033594 0.036111
2 0.422266 0.675694 0.117969 0.048611
3 0.127344 0.641667 0.089063 0.116667
6 0.210938 0.655556 0.100000 0.088889
8 0.366797 0.618056 0.019531 0.050000
1 0.301953 0.690972 0.021094 0.040278
7 0.421484 0.664583 0.099219 0.037500
16 0.156641 0.525694 0.132031 0.240278
15 0.159766 0.679167 0.199219 0.055556
17 0.871875 0.607639 0.040625 0.237500
4 0.976562 0.670833 0.046875 0.047222
11 0.983594 0.670139 0.025000 0.029167