0 0.02522287964820862 0.6242741478814019 0.032117173075675964 0.14795151816474067
6 0.21735568046569825 0.6472412533230252 0.09396646022796631 0.06808807055155436
1 0.3221808910369873 0.652428224351671 0.06275778412818908 0.0695174323187934
2 0.4240311622619629 0.6784076690673828 0.10797393321990967 0.038598124186197916
3 0.12831807136535645 0.6418113284640842 0.08710170388221741 0.10642437405056424
1 0.3452844858169556 0.6831531524658203 0.03517906665802002 0.03649478753407796
7 0.536726999282837 0.6630370669894748 0.045893076062202456 0.0415319283803304
4 0.5344725131988526 0.6677656809488932 0.08855993747711181 0.05241094695197211
1 0.303686261177063 0.6925667656792535 0.024231287837028503 0.028902339935302734
15 0.160156 0.678472 0.200000 0.062500
16 0.155469 0.532639 0.134375 0.243056
17 0.874219 0.612500 0.032813 0.225000
4 0.971484 0.672222 0.057031 0.044444
11 0.987109 0.672222 0.022656 0.033333