0 0.025754055380821227 0.6269626193576389 0.03128368258476257 0.1535633087158203
6 0.21389153003692626 0.6556022220187717 0.09450421333312989 0.09108592139350044
2 0.4216751575469971 0.6759503682454427 0.12312021255493164 0.05118847423129612
1 0.3422407627105713 0.6841833750406902 0.03222409188747406 0.03515439033508301
3 0.12990331649780273 0.640718502468533 0.08935165405273438 0.11438241534762912
1 0.3085646390914917 0.6567813025580512 0.06403111219406128 0.0772556675804986
7 0.42156620025634767 0.6655943552652995 0.09570676684379578 0.03524188730451796
1 0.30288708209991455 0.6908572726779514 0.02401290535926819 0.03474307325151232
8 0.36426692008972167 0.6163562350802951 0.020510733127593994 0.038005330827501085
16 0.156641 0.525694 0.132031 0.240278
15 0.159766 0.679167 0.199219 0.055556
17 0.871875 0.607639 0.040625 0.237500
4 0.976562 0.670833 0.046875 0.047222
11 0.983594 0.670139 0.025000 0.029167