0 0.025448447465896605 0.6223531934950087 0.03269047141075134 0.14367571936713325
6 0.2177347183227539 0.6487677256266277 0.09495848417282104 0.06445477803548177
7 0.5338306903839112 0.6661656697591146 0.04061919748783112 0.03800525930192736
3 0.1282357692718506 0.6400674608018663 0.0866852045059204 0.10519224802652995
2 0.4222775936126709 0.6769105275472005 0.10957767963409423 0.04461443159315321
1 0.33671271800994873 0.6509162055121528 0.058749163150787355 0.06618627972073025
1 0.3447124719619751 0.6839589012993706 0.03330249190330505 0.03169365723927816
4 0.533318567276001 0.6701134575737847 0.0880273461341858 0.05197039710150825
1 0.3040382623672485 0.6929518381754557 0.0234849750995636 0.023538404040866427
15 0.160156 0.678472 0.200000 0.062500
16 0.155469 0.532639 0.134375 0.243056
17 0.874219 0.612500 0.032813 0.225000
4 0.971484 0.672222 0.057031 0.044444
11 0.987109 0.672222 0.022656 0.033333