0 0.025000 0.626389 0.031250 0.152778
6 0.211719 0.654861 0.098437 0.090278
2 0.421094 0.675694 0.106250 0.054167
3 0.128906 0.640278 0.090625 0.113889
1 0.342578 0.679167 0.032031 0.047222
1 0.308984 0.655556 0.063281 0.080556
7 0.425391 0.665972 0.086719 0.034722
8 0.367969 0.615278 0.021875 0.022222
7 0.451953 0.634722 0.024219 0.044444
16 0.156641 0.525694 0.132031 0.240278
15 0.159766 0.679167 0.199219 0.055556
17 0.871875 0.607639 0.040625 0.237500
4 0.976562 0.670833 0.046875 0.047222
11 0.983594 0.670139 0.025000 0.029167