0 0.025391 0.625694 0.030469 0.154167
6 0.211719 0.654167 0.098437 0.091667
2 0.421094 0.674306 0.104688 0.054167
3 0.128125 0.640278 0.090625 0.113889
1 0.342187 0.679167 0.031250 0.050000
1 0.308203 0.655556 0.063281 0.080556
8 0.368359 0.609028 0.022656 0.034722
7 0.424219 0.666667 0.084375 0.033333
7 0.454297 0.627778 0.030469 0.061111
16 0.156641 0.525694 0.132031 0.240278
15 0.159766 0.679167 0.199219 0.055556
17 0.871875 0.607639 0.040625 0.237500
4 0.976562 0.670833 0.046875 0.047222
11 0.983594 0.670139 0.025000 0.029167