0 0.02557733952999115 0.6271566602918837 0.030537721514701844 0.1532151116265191
6 0.21266214847564696 0.6553627438015408 0.09865805506706238 0.09070629543728298
2 0.42413015365600587 0.6759452395968967 0.10568172931671142 0.05080530908372667
3 0.1293284296989441 0.6407257503933377 0.09084064960479736 0.11513713200887045
1 0.34247019290924074 0.679958004421658 0.03231513500213623 0.05078395207722982
8 0.3694556951522827 0.6139241536458333 0.02180394232273102 0.024823255009121366
1 0.3091529607772827 0.6529042561848958 0.07147779464721679 0.08283341725667318
7 0.4264650344848633 0.6681038326687283 0.08570176959037781 0.03452978399064806
16 0.156641 0.525694 0.132031 0.240278
15 0.159766 0.679167 0.199219 0.055556
17 0.871875 0.607639 0.040625 0.237500
4 0.976562 0.670833 0.046875 0.047222
11 0.983594 0.670139 0.025000 0.029167