0 0.025408214330673216 0.6227580176459419 0.03274816870689392 0.14462287690904405
6 0.2177279233932495 0.6487522125244141 0.09558815360069275 0.06492040422227648
7 0.5338633537292481 0.6663174099392362 0.04086421132087707 0.03864937358432346
2 0.4222255229949951 0.6766989390055339 0.10978546142578124 0.04483286009894477
3 0.1281280755996704 0.6402195824517144 0.08723967671394348 0.1054387198554145
1 0.33735835552215576 0.6508761511908637 0.05929234027862549 0.0662385622660319
1 0.3446176290512085 0.6837134891086154 0.03327557444572449 0.03203842375013563
4 0.5334052562713623 0.6698872460259332 0.08737844824790955 0.05193932321336534
1 0.3042562246322632 0.6930395762125651 0.023544059693813325 0.02382047176361084
15 0.160156 0.678472 0.200000 0.062500
16 0.155469 0.532639 0.134375 0.243056
17 0.874219 0.612500 0.032813 0.225000
4 0.971484 0.672222 0.057031 0.044444
11 0.987109 0.672222 0.022656 0.033333