0 0.025617840886116027 0.6269663492838542 0.03038367033004761 0.15364321602715386
6 0.21351377964019774 0.6556606292724609 0.09520851373672486 0.09119362301296657
2 0.4206357955932617 0.676376215616862 0.10870308876037597 0.051147953669230146
3 0.12967170476913453 0.6408094194200303 0.08958373069763184 0.1166075070699056
1 0.34393725395202634 0.6820718129475911 0.034168857336044314 0.04144924481709798
1 0.3098917484283447 0.6525958591037326 0.07305712699890136 0.08227089246114096
8 0.3777278423309326 0.6568169063991971 0.016601178050041198 0.039389967918395996
1 0.30394678115844725 0.6897004869249131 0.022843560576438902 0.034962701797485354
7 0.4245504379272461 0.6682602776421441 0.07570323348045349 0.030065353711446127
16 0.156641 0.525694 0.132031 0.240278
15 0.159766 0.679167 0.199219 0.055556
17 0.871875 0.607639 0.040625 0.237500
4 0.976562 0.670833 0.046875 0.047222
11 0.983594 0.670139 0.025000 0.029167