0 0.02567080855369568 0.6268809424506293 0.03049837350845337 0.15239476097954643
6 0.2136519193649292 0.6556619008382162 0.09535917043685913 0.09067404005262587
3 0.12970579862594606 0.6407559712727865 0.08946701884269714 0.11644932428995768
2 0.4218883514404297 0.676010004679362 0.11053346395492554 0.05154554049173991
1 0.3439829111099243 0.682035870022244 0.034197890758514406 0.04065002070532905
1 0.3098845720291138 0.6525490230984158 0.07279144525527954 0.08121735784742568
8 0.37792837619781494 0.6574683719211154 0.016485245525836946 0.03765347533755832
1 0.3040642499923706 0.6898464626736112 0.022862546145915985 0.034390044212341306
7 0.4254202365875244 0.6679649776882596 0.08216999769210816 0.029988347159491644
16 0.156641 0.525694 0.132031 0.240278
15 0.159766 0.679167 0.199219 0.055556
17 0.871875 0.607639 0.040625 0.237500
4 0.976562 0.670833 0.046875 0.047222
11 0.983594 0.670139 0.025000 0.029167