0 0.025667113065719605 0.6269565158420138 0.03012644648551941 0.15286250644259983
6 0.21356656551361083 0.6557496388753256 0.09524336457252502 0.09130077362060547
3 0.1297144651412964 0.6407507578531901 0.08960038423538208 0.11612260606553819
1 0.3433969497680664 0.6818379720052083 0.03395729660987854 0.04108447233835856
2 0.4247608661651611 0.6765221489800347 0.11800655126571655 0.0475557804107666
1 0.30953068733215333 0.653025648328993 0.07296487092971801 0.08360151184929741
8 0.37806556224822996 0.6577230241563585 0.0174330934882164 0.03701410558488634
1 0.30387420654296876 0.6902287801106771 0.022792114317417143 0.03486029836866591
7 0.42609562873840334 0.6678837670220269 0.090569406747818 0.03061242898305257
16 0.156641 0.525694 0.132031 0.240278
15 0.159766 0.679167 0.199219 0.055556
17 0.871875 0.607639 0.040625 0.237500
4 0.976562 0.670833 0.046875 0.047222
11 0.983594 0.670139 0.025000 0.029167