0 0.025664189457893373 0.627000257703993 0.030175912380218505 0.15273894204033744
6 0.21386263370513917 0.6556981404622396 0.09454218149185181 0.09071559906005859
3 0.12981425523757933 0.640693622165256 0.08961629867553711 0.11631397671169705
1 0.3435352802276611 0.6821301778157552 0.033764615654945374 0.04057471752166748
2 0.42226710319519045 0.6760482364230685 0.11404942274093628 0.051024511125352646
1 0.3092532157897949 0.6557891421847873 0.06639872789382935 0.07832153638203938
8 0.3780951023101807 0.6576783498128255 0.017692700028419495 0.03772794935438368
1 0.30373287200927734 0.69033326043023 0.023165029287338258 0.03478097915649414
7 0.42546515464782714 0.666859605577257 0.0879807710647583 0.029897072580125597
16 0.156641 0.525694 0.132031 0.240278
15 0.159766 0.679167 0.199219 0.055556
17 0.871875 0.607639 0.040625 0.237500
4 0.976562 0.670833 0.046875 0.047222
11 0.983594 0.670139 0.025000 0.029167