2 0.41941161155700685 0.6768870883517795 0.10909876823425294 0.05207028918796115
0 0.02566972076892853 0.6270643446180556 0.030287298560142516 0.15280708736843532
6 0.2139894723892212 0.6556419796413846 0.09448511004447938 0.0902363035413954
8 0.37945127487182617 0.6585020277235243 0.01868898868560791 0.04512897067599826
3 0.12978993654251098 0.6408026801215277 0.09008485674858094 0.11571297115749783
1 0.30966858863830565 0.6528232150607639 0.0718380331993103 0.08185097376505533
1 0.3447531223297119 0.6824578179253472 0.03454703688621521 0.04105682637956407
1 0.30375573635101316 0.6903677198621961 0.023115412890911104 0.03416515986124675
7 0.4242693424224854 0.6657129075792101 0.0739401936531067 0.0308938291337755
16 0.156641 0.525694 0.132031 0.240278
15 0.159766 0.679167 0.199219 0.055556
17 0.871875 0.607639 0.040625 0.237500
4 0.976562 0.670833 0.046875 0.047222
11 0.983594 0.670139 0.025000 0.029167