2 0.4201824188232422 0.6767213185628255 0.11369179487228394 0.05275199148390028
0 0.025639364123344423 0.6270471784803603 0.030349588394165038 0.15267184575398762
6 0.21385998725891114 0.655545171101888 0.0947936475276947 0.09022512435913085
8 0.3806269407272339 0.6596689860026042 0.019388122856616972 0.044179987907409665
3 0.1296669363975525 0.6407400343153212 0.09018185138702392 0.11586279339260525
1 0.3098150730133057 0.6527378506130642 0.07259570956230163 0.08185509045918783
1 0.3447203397750854 0.6820503658718533 0.03502016663551331 0.04220603042178684
7 0.42613925933837893 0.6662903255886502 0.07749252915382385 0.0302077054977417
1 0.3038428783416748 0.690384038289388 0.022957152128219603 0.03412478764851888
16 0.156641 0.525694 0.132031 0.240278
15 0.159766 0.679167 0.199219 0.055556
17 0.871875 0.607639 0.040625 0.237500
4 0.976562 0.670833 0.046875 0.047222
11 0.983594 0.670139 0.025000 0.029167