0 0.025509852170944213 0.6270704481336805 0.030252811312675477 0.15428345998128254
6 0.21379165649414061 0.6555887434217665 0.09535664916038514 0.09147751066419814
2 0.42144927978515623 0.6763050503200955 0.11549141407012939 0.05107586648729112
3 0.12987899780273438 0.6409078386094835 0.0897446632385254 0.11628872553507487
8 0.3810665845870972 0.6597593943277995 0.018781828880310058 0.045525646209716795
7 0.4270003795623779 0.6652695549858941 0.08027580976486207 0.028974848323398167
1 0.30974512100219725 0.652844492594401 0.07298086881637574 0.08244539896647135
1 0.3451835155487061 0.6823058658175998 0.03412136435508728 0.04209811157650418
1 0.30355618000030515 0.6905071682400173 0.02321818470954895 0.034776396221584745
16 0.156641 0.525694 0.132031 0.240278
15 0.159766 0.679167 0.199219 0.055556
17 0.871875 0.607639 0.040625 0.237500
4 0.976562 0.670833 0.046875 0.047222
11 0.983594 0.670139 0.025000 0.029167