0 0.02554841637611389 0.6269540574815539 0.030350205302238465 0.15412848790486652
6 0.21392407417297363 0.655609851413303 0.0956362783908844 0.09054476420084635
2 0.4212332248687744 0.6761809455023872 0.11718788146972656 0.051075914171006945
3 0.1299140691757202 0.6409826914469401 0.08955225944519044 0.1163228776719835
8 0.3811311721801758 0.6597172631157769 0.01848482936620712 0.04569546381632487
7 0.4271268844604492 0.6651652442084418 0.08165243864059449 0.02840071784125434
1 0.3096958637237549 0.6528822157118056 0.07239263653755187 0.0816321055094401
1 0.3451252460479736 0.682151370578342 0.03392439782619476 0.04167024824354384
1 0.30364484786987306 0.6903686947292752 0.022943393886089326 0.03417719470130073
16 0.156641 0.525694 0.132031 0.240278
15 0.159766 0.679167 0.199219 0.055556
17 0.871875 0.607639 0.040625 0.237500
4 0.976562 0.670833 0.046875 0.047222
11 0.983594 0.670139 0.025000 0.029167