0 0.025480714440345765 0.626974360148112 0.030061542987823486 0.15334782070583766
6 0.21404893398284913 0.6557066599527995 0.09560242295265198 0.09033389621310764
2 0.42017602920532227 0.6769259558783637 0.11513994932174683 0.049470175637139215
3 0.12970685958862305 0.641058603922526 0.08971660733222961 0.11613433625962999
8 0.38126943111419676 0.6591287824842665 0.018145559728145598 0.04284926785363091
1 0.30910966396331785 0.6557954152425131 0.06520316004753113 0.07590638266669379
7 0.4253224849700928 0.6625751071506076 0.08184223771095275 0.02918214797973633
1 0.345102596282959 0.682882563273112 0.0343272864818573 0.04167640209197998
1 0.3036109447479248 0.6907132466634115 0.023455971479415895 0.0349329498079088
16 0.156641 0.525694 0.132031 0.240278
15 0.159766 0.679167 0.199219 0.055556
17 0.871875 0.607639 0.040625 0.237500
4 0.976562 0.670833 0.046875 0.047222
11 0.983594 0.670139 0.025000 0.029167