0 0.025458675622940064 0.62691773308648 0.02984529435634613 0.15428157382541233
6 0.21415972709655762 0.6557184855143229 0.09517003297805786 0.09084863662719726
2 0.42098050117492675 0.6774743398030599 0.11693958044052125 0.04984232584635417
3 0.13002206087112428 0.6409296247694227 0.08992238044738769 0.11519386503431532
1 0.30909409523010256 0.6562527550591363 0.06597651243209839 0.07865598996480307
1 0.30334641933441164 0.6908390469021267 0.023824629187583924 0.03559160232543945
8 0.38268451690673827 0.6595894707573785 0.01877538561820984 0.04152275721232097
1 0.34506537914276125 0.6835794236924914 0.03488247096538544 0.041025620036655004
7 0.42214813232421877 0.6651652442084418 0.07872414588928223 0.02895647154914008
7 0.4569136619567871 0.6439958784315322 0.022514358162879944 0.03480169508192274
16 0.156641 0.525694 0.132031 0.240278
15 0.159766 0.679167 0.199219 0.055556
17 0.871875 0.607639 0.040625 0.237500
4 0.976562 0.670833 0.046875 0.047222
11 0.983594 0.670139 0.025000 0.029167