0 0.02542239725589752 0.6269437154134114 0.030059164762496947 0.15450737211439344
6 0.21412179470062256 0.6557690938313802 0.0955193281173706 0.09156103134155273
2 0.42032723426818847 0.6769507937961154 0.11446441411972046 0.05001295407613118
3 0.12992873191833496 0.640909915500217 0.09023412466049194 0.11521772808498806
1 0.30905628204345703 0.6562439812554254 0.06564396619796753 0.0790541754828559
8 0.38208484649658203 0.660005145602756 0.018358978629112243 0.04107846948835585
1 0.30332863330841064 0.6907821231418185 0.023569628596305847 0.03571097850799561
1 0.34501707553863525 0.6836119757758247 0.034955328702926634 0.04117320113711887
7 0.4221178531646729 0.6655740525987414 0.07706379890441895 0.030127255121866862
7 0.45774550437927247 0.6401549021402995 0.02453877031803131 0.035081823666890465
16 0.156641 0.525694 0.132031 0.240278
15 0.159766 0.679167 0.199219 0.055556
17 0.871875 0.607639 0.040625 0.237500
4 0.976562 0.670833 0.046875 0.047222
11 0.983594 0.670139 0.025000 0.029167