0 0.025484880805015563 0.6269868638780381 0.03006598651409149 0.15418741438123915
6 0.2141653776168823 0.6557831234402127 0.09517186880111694 0.09126719368828667
2 0.4203529357910156 0.6773344251844619 0.11280361413955689 0.04952339596218533
3 0.1298503279685974 0.6409425523546007 0.09025392532348633 0.11540597279866537
1 0.30904264450073243 0.656459469265408 0.06566251516342163 0.07936565611097547
1 0.3032545804977417 0.6909205118815104 0.0239034429192543 0.035838495360480414
8 0.38197281360626223 0.6597548166910807 0.017950332164764403 0.04052575429280599
1 0.3449923038482666 0.6839842054578993 0.03484567999839783 0.04086620807647705
7 0.4221829891204834 0.6660191429985894 0.07507572174072266 0.028792953491210936
7 0.45563497543334963 0.6380466037326389 0.02532726526260376 0.04064523114098443
16 0.156641 0.525694 0.132031 0.240278
15 0.159766 0.679167 0.199219 0.055556
17 0.871875 0.607639 0.040625 0.237500
4 0.976562 0.670833 0.046875 0.047222
11 0.983594 0.670139 0.025000 0.029167