0 0.0256653755903244 0.6270790100097656 0.030252331495285036 0.1540488772922092
6 0.21451783180236816 0.6556196848551432 0.09461909532546997 0.0904518445332845
2 0.4212491989135742 0.6767565409342448 0.11613963842391968 0.04939130147298177
3 0.12989304065704346 0.6410375383165148 0.09004262685775757 0.11457404030693902
7 0.4515546798706055 0.6237984975179036 0.02267076224088669 0.039739900165134005
7 0.4277803421020508 0.6666634029812283 0.0818665862083435 0.028565602832370335
8 0.38236963748931885 0.6590032789442274 0.01843346804380417 0.041300580236646865
1 0.3091111660003662 0.6560554928249783 0.06693477630615234 0.07617124981350369
1 0.30326180458068847 0.6909606509738498 0.024254731833934784 0.034626436233520505
1 0.3450049161911011 0.683914777967665 0.03562808632850647 0.03917179372575548
16 0.156641 0.525694 0.132031 0.240278
15 0.159766 0.679167 0.199219 0.055556
17 0.871875 0.607639 0.040625 0.237500
4 0.976562 0.670833 0.046875 0.047222
11 0.983594 0.670139 0.025000 0.029167