6 0.21454062461853027 0.6557721455891927 0.09429934620857239 0.09110901090833876
0 0.02544161379337311 0.6270348442925348 0.030354630947113038 0.15379872851901585
2 0.42184929847717284 0.6772295210096572 0.11357340812683106 0.05016892751057943
8 0.3812060594558716 0.658044179280599 0.0192270427942276 0.04680579503377279
7 0.45027880668640136 0.6240479787190755 0.024908429384231566 0.038558408949110244
3 0.12990567684173585 0.6409244537353516 0.08986079692840576 0.11488940980699328
7 0.4287238597869873 0.6664289262559678 0.08174176216125488 0.02807397577497694
1 0.3033010721206665 0.6909371693929036 0.02440330684185028 0.034591552946302624
1 0.3090790271759033 0.6560258229573568 0.06741957664489746 0.07516530884636773
1 0.345204496383667 0.6843644460042317 0.0354028195142746 0.03929044405619304
16 0.156641 0.525694 0.132031 0.240278
15 0.159766 0.679167 0.199219 0.055556
17 0.871875 0.607639 0.040625 0.237500
4 0.976562 0.670833 0.046875 0.047222
11 0.983594 0.670139 0.025000 0.029167