6 0.21454968452453613 0.6558224572075738 0.09415009617805481 0.09060500462849935
0 0.025482413172721863 0.6270891401502822 0.03032827079296112 0.15367296006944445
2 0.42191390991210936 0.6778885311550564 0.11229875087738037 0.050338024563259545
8 0.3809817314147949 0.6582406361897787 0.01958909332752228 0.04683668348524306
7 0.44821758270263673 0.6232684241400824 0.02516723871231079 0.039376619127061634
3 0.13009943962097167 0.6408529493543836 0.09010024070739746 0.11406289206610785
7 0.42867794036865237 0.6669642130533854 0.08277269601821899 0.028830075263977052
1 0.30328941345214844 0.6909253438313802 0.024508433043956758 0.03512354691823324
1 0.30908708572387694 0.6562231699625651 0.06780239939689636 0.0758128219180637
1 0.3452291011810303 0.6844991048177084 0.03532240092754364 0.03962328169080946
16 0.156641 0.525694 0.132031 0.240278
15 0.159766 0.679167 0.199219 0.055556
17 0.871875 0.607639 0.040625 0.237500
4 0.976562 0.670833 0.046875 0.047222
11 0.983594 0.670139 0.025000 0.029167