0 0.025451719760894775 0.6270360310872396 0.029931926727294923 0.15328714582655165
6 0.2143805980682373 0.65574705335829 0.09359248876571655 0.08991340001424154
8 0.38075568675994875 0.659378645155165 0.0201056569814682 0.04526793162027995
2 0.42195634841918944 0.6789190928141277 0.1078566551208496 0.05016432868109809
7 0.4445746421813965 0.621948962741428 0.026275750994682313 0.0372333738538954
3 0.12982919216156005 0.640986336602105 0.08986651301383972 0.11446802351209852
1 0.30313763618469236 0.6910225338406033 0.02458026111125946 0.035308021969265406
1 0.309040904045105 0.6565939161512587 0.06731624007225037 0.0735472043355306
7 0.42984943389892577 0.6677564409044053 0.08253157734870911 0.030362455050150554
1 0.34538819789886477 0.6843179914686415 0.03514294028282165 0.04081290562947591
16 0.156641 0.525694 0.132031 0.240278
15 0.159766 0.679167 0.199219 0.055556
17 0.871875 0.607639 0.040625 0.237500
4 0.976562 0.670833 0.046875 0.047222
11 0.983594 0.670139 0.025000 0.029167