6 0.21417632102966308 0.655912823147244 0.09423050284385681 0.09084049860636394
0 0.025587427616119384 0.6269652048746744 0.030551981925964356 0.15374392403496637
2 0.4216287612915039 0.6789944966634115 0.10805524587631225 0.04934527079264323
3 0.12959276437759398 0.6410121917724609 0.08970009088516236 0.11418517430623372
8 0.38120331764221194 0.6617106119791667 0.018634092807769776 0.04333246019151476
1 0.309149956703186 0.6568266126844619 0.06798406839370727 0.07400266329447429
1 0.30344839096069337 0.6909964243570964 0.024373266100883483 0.03560399744245741
7 0.4388308048248291 0.6196600596110026 0.025755804777145386 0.037262230449252656
1 0.3451474666595459 0.6835133446587457 0.03450073599815369 0.04446640544467502
7 0.4282380104064941 0.6681690216064453 0.07990169525146484 0.030017047458224828
16 0.156641 0.525694 0.132031 0.240278
15 0.159766 0.679167 0.199219 0.055556
17 0.871875 0.607639 0.040625 0.237500
4 0.976562 0.670833 0.046875 0.047222
11 0.983594 0.670139 0.025000 0.029167