6 0.214263916015625 0.6559256235758464 0.09482948780059815 0.09083730909559462
0 0.025583836436271667 0.6271975199381511 0.030416375398635863 0.15405184427897137
2 0.4213912010192871 0.6787176767985026 0.10861903429031372 0.048898278342352976
8 0.38077261447906496 0.661051771375868 0.01809340566396713 0.045392248365614146
3 0.1296467065811157 0.6411898295084636 0.08987388610839844 0.11387336519029405
1 0.30949673652648924 0.6567315843370226 0.06807531118392944 0.0750423166486952
1 0.3035190343856812 0.6909602271185981 0.02430301010608673 0.03494397534264459
1 0.3449655771255493 0.6834802415635851 0.034805649518966676 0.044056057929992676
7 0.43935256004333495 0.6182612948947482 0.02641502916812897 0.039788254102071124
7 0.4263906002044678 0.6685386233859592 0.0823714256286621 0.029774573114183214
16 0.156641 0.525694 0.132031 0.240278
15 0.159766 0.679167 0.199219 0.055556
17 0.871875 0.607639 0.040625 0.237500
4 0.976562 0.670833 0.046875 0.047222
11 0.983594 0.670139 0.025000 0.029167