6 0.2146439790725708 0.6555312262641059 0.09483366012573242 0.09019364251030816
0 0.025576263666152954 0.6271429697672526 0.03066192865371704 0.1542959213256836
2 0.4211283206939697 0.6786807166205512 0.11147485971450806 0.04785916540357801
8 0.38089230060577395 0.6594310336642795 0.018317988514900206 0.047398222817315
3 0.12959803342819215 0.6410612318250868 0.08953997492790222 0.11293811798095703
1 0.30944533348083497 0.6563088734944661 0.06599694490432739 0.07496896319919162
1 0.30340936183929446 0.6909794277615018 0.024186237156391142 0.03433963987562391
1 0.3449889659881592 0.6837357838948568 0.03465917706489563 0.04279583030276828
7 0.4403830528259277 0.6143102857801649 0.025618341565132142 0.04155501789516873
7 0.4250491142272949 0.6670299953884549 0.07912863492965698 0.03027112219068739
16 0.156641 0.525694 0.132031 0.240278
15 0.159766 0.679167 0.199219 0.055556
17 0.871875 0.607639 0.040625 0.237500
4 0.976562 0.670833 0.046875 0.047222
11 0.983594 0.670139 0.025000 0.029167