6 0.21452369689941406 0.655571534898546 0.09469627737998962 0.08898628022935655
0 0.025522875785827636 0.6274473826090495 0.030637666583061218 0.15500894122653538
2 0.4215571403503418 0.6785713619656033 0.11082818508148193 0.049582592646280926
8 0.38170571327209474 0.6587874094645182 0.01937401294708252 0.04806659486558702
3 0.12964227199554443 0.6409886678059896 0.08982318639755249 0.11232485241360135
1 0.30943603515625 0.6564949883355035 0.0667487382888794 0.07496583726671006
1 0.3034311532974243 0.6910998874240452 0.02431558966636658 0.03382720152537028
7 0.4260378837585449 0.666782718234592 0.07969810962677001 0.030494843588935006
1 0.3451694965362549 0.6835765414767795 0.0348237007856369 0.042044411765204535
7 0.4418054103851318 0.608221689860026 0.02329331487417221 0.04837697876824273
16 0.156641 0.525694 0.132031 0.240278
15 0.159766 0.679167 0.199219 0.055556
17 0.871875 0.607639 0.040625 0.237500
4 0.976562 0.670833 0.046875 0.047222
11 0.983594 0.670139 0.025000 0.029167