0 0.02550624907016754 0.627150641547309 0.030751881003379822 0.15467849307590062
6 0.21452372074127196 0.6555401696099176 0.09422234296798707 0.0886710007985433
2 0.42108860015869143 0.6785666995578342 0.11054025888442993 0.050092320972018774
8 0.3816509246826172 0.658646223280165 0.019045816361904146 0.048954444461398655
3 0.1297466993331909 0.641022449069553 0.08956295251846313 0.11258478164672851
1 0.30945444107055664 0.6564671834309895 0.06681666374206544 0.07369789547390408
1 0.3035935163497925 0.6911195119222006 0.024397380650043488 0.03330037064022488
7 0.4254711627960205 0.6666868845621745 0.07923924922943115 0.03125509685940213
7 0.44358391761779786 0.6074693891737196 0.028121349215507508 0.051881991492377384
1 0.3451744556427002 0.6834672292073568 0.034686505794525146 0.0420363876554701
16 0.156641 0.525694 0.132031 0.240278
15 0.159766 0.679167 0.199219 0.055556
17 0.871875 0.607639 0.040625 0.237500
4 0.976562 0.670833 0.046875 0.047222
11 0.983594 0.670139 0.025000 0.029167