0 0.025504258275032044 0.6272045559353299 0.030732575058937072 0.15494457880655924
6 0.214408802986145 0.6554024166531033 0.0942493200302124 0.08877212736341689
2 0.4212120532989502 0.6785847981770833 0.1109302282333374 0.05120729870266384
8 0.3817310333251953 0.6586796230740017 0.0195294588804245 0.04885252316792806
3 0.12967658042907715 0.6409319559733073 0.08966743350028991 0.11298552619086372
1 0.30945601463317873 0.6563008626302084 0.0672016680240631 0.07320746845669217
1 0.30357136726379397 0.6910639868842231 0.02418272793292999 0.033206839031643336
7 0.4437572002410889 0.6044701894124349 0.031020134687423706 0.048189936743842234
7 0.42580904960632326 0.6662428961859809 0.07830477356910706 0.031384076012505424
1 0.3450465679168701 0.6833542717827691 0.03520894348621369 0.04163386556837294
16 0.156641 0.525694 0.132031 0.240278
15 0.159766 0.679167 0.199219 0.055556
17 0.871875 0.607639 0.040625 0.237500
4 0.976562 0.670833 0.046875 0.047222
11 0.983594 0.670139 0.025000 0.029167