0 0.02549152672290802 0.6272897508409289 0.030708345770835876 0.15493796666463217
6 0.21410181522369384 0.6554748959011502 0.09397461414337158 0.08866379525926378
2 0.4214468002319336 0.6780254787868923 0.11133592128753662 0.050413020451863605
8 0.38147859573364257 0.6584123399522569 0.01954948604106903 0.04948149257236057
7 0.4443203449249268 0.6042810651991103 0.03169804513454437 0.0525459713406033
3 0.1294068217277527 0.6409367455376519 0.08971025943756103 0.11274261474609375
1 0.30934288501739504 0.6566365559895834 0.06740604639053345 0.07454148928324382
1 0.3033862590789795 0.6911438835991753 0.02442827969789505 0.03370006879170736
7 0.42577438354492186 0.666907713148329 0.0804295301437378 0.0310344484117296
1 0.34493792057037354 0.6835633595784505 0.035077187418937686 0.04124813609653049
16 0.156641 0.525694 0.132031 0.240278
15 0.159766 0.679167 0.199219 0.055556
17 0.871875 0.607639 0.040625 0.237500
4 0.976562 0.670833 0.046875 0.047222
11 0.983594 0.670139 0.025000 0.029167