0 0.02541295886039734 0.6273109859890408 0.030458423495292663 0.15502709282769098
6 0.21426746845245362 0.6555068545871311 0.0939635992050171 0.08912606769137912
2 0.42148146629333494 0.6782921685112847 0.1113901138305664 0.0500299612681071
7 0.44616336822509767 0.6016462537977431 0.03185735642910004 0.05376193788316515
8 0.38174617290496826 0.6582039727105035 0.019177012145519257 0.04994608561197917
3 0.12961177825927733 0.6410049862331815 0.08982876539230347 0.11341891818576388
1 0.30938746929168703 0.6566282484266494 0.06751823425292969 0.07469085587395562
1 0.30336570739746094 0.6910883161756728 0.024422861635684967 0.033569049835205075
7 0.42542266845703125 0.6662912156846789 0.0789984941482544 0.031170437071058484
1 0.3448499202728271 0.6834962209065755 0.035222703218460084 0.04131306012471517
16 0.156641 0.525694 0.132031 0.240278
15 0.159766 0.679167 0.199219 0.055556
17 0.871875 0.607639 0.040625 0.237500
4 0.976562 0.670833 0.046875 0.047222
11 0.983594 0.670139 0.025000 0.029167