0 0.02541062831878662 0.6272574530707465 0.03069434463977814 0.1550327936808268
6 0.2142200231552124 0.6555100758870442 0.09388211369514465 0.08920824262830947
2 0.4214738368988037 0.678027089436849 0.11095912456512451 0.0495834403567844
8 0.38183796405792236 0.6581078847249349 0.01955655813217163 0.04952371915181478
3 0.12957793474197388 0.6409241146511502 0.09001277685165406 0.11366539001464844
7 0.4466401100158691 0.6028126610649956 0.035937392711639406 0.05598293410407172
1 0.3094037055969238 0.656447007921007 0.06745452880859375 0.0725821918911404
1 0.30341739654541017 0.6910254160563151 0.0243674635887146 0.03331782288021511
7 0.4252782821655273 0.6661603291829427 0.07824054956436158 0.030572432941860624
1 0.3448730707168579 0.6832784016927084 0.03534749448299408 0.041239855024549694
16 0.156641 0.525694 0.132031 0.240278
15 0.159766 0.679167 0.199219 0.055556
17 0.871875 0.607639 0.040625 0.237500
4 0.976562 0.670833 0.046875 0.047222
11 0.983594 0.670139 0.025000 0.029167