0 0.025312328338623048 0.6270943959554036 0.030416429042816162 0.15461651484171549
6 0.21434352397918702 0.6554345872667101 0.09363857507705689 0.08889542685614692
2 0.4217672824859619 0.6778812408447266 0.11069272756576538 0.05035390853881836
8 0.3816100597381592 0.657890362209744 0.019930073618888856 0.04928559727138943
3 0.1294014573097229 0.6409350077311198 0.08933228850364686 0.11309225294325087
1 0.3094820976257324 0.6566804250081381 0.0673038125038147 0.07285048166910807
7 0.44683079719543456 0.6033696068657769 0.03596294522285461 0.05605379740397135
1 0.30341167449951173 0.6911910163031684 0.02421594560146332 0.033260536193847653
1 0.34484639167785647 0.6835534413655598 0.03495665192604065 0.04097252421908908
7 0.4251264572143555 0.66563474867079 0.07941485047340394 0.03148600790235731
16 0.156641 0.525694 0.132031 0.240278
15 0.159766 0.679167 0.199219 0.055556
17 0.871875 0.607639 0.040625 0.237500
4 0.976562 0.670833 0.046875 0.047222
11 0.983594 0.670139 0.025000 0.029167