0 0.025368386507034303 0.6268653445773654 0.030822986364364625 0.15468868679470485
6 0.21424684524536133 0.6555276658799913 0.09282534122467041 0.08801698684692383
2 0.4217881679534912 0.6774898105197482 0.11050877571105958 0.050391568077935114
3 0.12930014133453369 0.6409944746229383 0.08930135369300843 0.1130931642320421
8 0.3815168857574463 0.6578412797715929 0.01987445205450058 0.04891801410251194
1 0.30957281589508057 0.6569311777750652 0.0667114496231079 0.07436651123894586
7 0.447683048248291 0.6016047583685981 0.03515508472919464 0.05702213711208767
1 0.30353024005889895 0.6912037319607205 0.024268335103988646 0.0337078677283393
1 0.344970703125 0.6834427303738064 0.03473717272281647 0.041400104098849824
7 0.42464046478271483 0.6654017554389106 0.07874227166175843 0.032109268506368
16 0.156641 0.525694 0.132031 0.240278
15 0.159766 0.679167 0.199219 0.055556
17 0.871875 0.607639 0.040625 0.237500
4 0.976562 0.670833 0.046875 0.047222
11 0.983594 0.670139 0.025000 0.029167