0 0.02542674243450165 0.6223546346028646 0.032422393560409546 0.14430633121066624
6 0.21759965419769287 0.6490081363254123 0.09543130397796631 0.06452784538269044
7 0.5326125144958496 0.6674219767252604 0.042472434043884275 0.03789962397681342
2 0.42212324142456054 0.6762881808810763 0.10959810018539429 0.04549638430277506
3 0.1280909538269043 0.640171390109592 0.08694958686828613 0.10526520411173503
1 0.3380894660949707 0.6512716929117839 0.056986522674560544 0.06582002109951443
1 0.3446966648101807 0.6838842180040148 0.03275707960128784 0.032483998934427896
1 0.3044264793395996 0.693099127875434 0.023242510855197906 0.024109522501627605
4 0.5337452411651611 0.6706046634250217 0.0866231620311737 0.052368540234035914
15 0.160156 0.678472 0.200000 0.062500
16 0.155469 0.532639 0.134375 0.243056
17 0.874219 0.612500 0.032813 0.225000
4 0.971484 0.672222 0.057031 0.044444
11 0.987109 0.672222 0.022656 0.033333