0 0.02528235614299774 0.6267785390218099 0.03042910099029541 0.15390664206610785
6 0.21452243328094484 0.6557273864746094 0.09214320778846741 0.08429532580905491
2 0.42176194190979005 0.6776948716905382 0.1120763897895813 0.05064085854424371
8 0.3800626277923584 0.6580530802408854 0.02075110375881195 0.04849350187513563
7 0.45593557357788084 0.6053008609347873 0.03469903469085693 0.06369099617004395
1 0.3094510793685913 0.6574573940700955 0.06654060482978821 0.0737631532880995
3 0.12910566329956055 0.6409774356418185 0.08925464153289794 0.11144998338487414
1 0.3035151720046997 0.6913045671251085 0.024524135887622832 0.03252792093488905
1 0.344919228553772 0.6836810641818576 0.03418818116188049 0.0393177244398329
7 0.42200212478637694 0.6649811214870877 0.08307006359100341 0.04073550436231825
16 0.156641 0.525694 0.132031 0.240278
15 0.159766 0.679167 0.199219 0.055556
17 0.871875 0.607639 0.040625 0.237500
4 0.976562 0.670833 0.046875 0.047222
11 0.983594 0.670139 0.025000 0.029167