0 0.026172 0.626389 0.027344 0.155556
1 0.309766 0.656944 0.063281 0.075000
2 0.421484 0.677778 0.107031 0.050000
3 0.127734 0.640972 0.088281 0.112500
6 0.214453 0.656944 0.089844 0.080556
8 0.380859 0.659722 0.021094 0.044444
7 0.421875 0.665972 0.082812 0.037500
7 0.459375 0.603472 0.039062 0.065278
1 0.303906 0.690972 0.023438 0.029167
1 0.344922 0.684028 0.036719 0.031944
16 0.156641 0.525694 0.132031 0.240278
15 0.159766 0.679167 0.199219 0.055556
17 0.871875 0.607639 0.040625 0.237500
4 0.976562 0.670833 0.046875 0.047222
11 0.983594 0.670139 0.025000 0.029167