0 0.02528875768184662 0.6268182966444228 0.030432423949241637 0.15304543177286783
6 0.21462204456329345 0.6559118482801649 0.09224090576171876 0.08323583602905274
7 0.4594590187072754 0.6040529463026258 0.0459555983543396 0.06207334730360243
2 0.42164950370788573 0.677954355875651 0.11354089975357055 0.05055063035753038
8 0.3801398754119873 0.6583956400553386 0.020509882271289824 0.04801318910386827
1 0.30940043926239014 0.6573660956488715 0.06612313985824585 0.07268746164109972
3 0.12938215732574462 0.6410772959391277 0.08842867016792297 0.11102379692925347
1 0.30361404418945315 0.6914371914333768 0.024474501609802246 0.031802728441026475
1 0.34499051570892336 0.6837276034884983 0.03450613021850586 0.03965075280931261
7 0.42156033515930175 0.6656183454725477 0.08525772094726562 0.040096868409050836
16 0.156641 0.525694 0.132031 0.240278
15 0.159766 0.679167 0.199219 0.055556
17 0.871875 0.607639 0.040625 0.237500
4 0.976562 0.670833 0.046875 0.047222
11 0.983594 0.670139 0.025000 0.029167