0 0.025442945957183837 0.6221860673692491 0.032468047738075254 0.14401117960611978
6 0.21756796836853026 0.6490380605061848 0.09530112743377686 0.06474474800957573
7 0.5328031539916992 0.6674621158175998 0.043584930896759036 0.03830591837565104
2 0.4221652507781982 0.6760662926567925 0.11040194034576416 0.0461417728000217
3 0.12809946537017822 0.6401102701822917 0.08683961629867554 0.1053556760152181
1 0.33795416355133057 0.6513576931423611 0.056846797466278076 0.06639071040683323
1 0.34476959705352783 0.6837855021158854 0.032385462522506715 0.03216272989908854
1 0.3040806770324707 0.6931149376763238 0.023378175497055054 0.024028189977010093
4 0.5334732055664062 0.6704996744791667 0.08649063706398011 0.05176950030856663
15 0.160156 0.678472 0.200000 0.062500
16 0.155469 0.532639 0.134375 0.243056
17 0.874219 0.612500 0.032813 0.225000
4 0.971484 0.672222 0.057031 0.044444
11 0.987109 0.672222 0.022656 0.033333