0 0.025404441356658935 0.6268661075168186 0.030247119069099427 0.154144106970893
6 0.21420960426330565 0.6560069190131294 0.09218260049819946 0.08676671981811523
2 0.42186651229858396 0.6783924102783203 0.1087865948677063 0.0502449459499783
8 0.3792163372039795 0.6583920796712239 0.019617797434329988 0.048870828416612416
3 0.12962534427642822 0.6409165700276692 0.08898639678955078 0.11356740527682835
7 0.46576366424560545 0.6029977586534289 0.03637349009513855 0.04348108503553602
1 0.3093352079391479 0.6572068532307943 0.06751917600631714 0.07132430606418186
1 0.3036195755004883 0.6913109249538846 0.024533674120903015 0.03298562897576226
1 0.3449771165847778 0.6837212880452473 0.035214546322822574 0.04083808792961968
7 0.42389397621154784 0.665827390882704 0.08183350563049316 0.03297243648105198
16 0.156641 0.525694 0.132031 0.240278
15 0.159766 0.679167 0.199219 0.055556
17 0.871875 0.607639 0.040625 0.237500
4 0.976562 0.670833 0.046875 0.047222
11 0.983594 0.670139 0.025000 0.029167