6 0.21412689685821534 0.6562026129828559 0.09292392730712891 0.08758845859103732
0 0.025351405143737793 0.6266571892632379 0.030413427948951723 0.15457205242580838
2 0.42215671539306643 0.678282970852322 0.10792343616485596 0.049737405776977536
3 0.12942297458648683 0.6412108527289496 0.08994165062904358 0.11387028164333768
7 0.4688166618347168 0.6025958591037326 0.03273696899414062 0.04521201981438531
8 0.38006231784820554 0.6600818634033203 0.019696347415447235 0.04647713767157661
1 0.30929505825042725 0.6569865332709418 0.06950885653495789 0.07104698816935222
1 0.3036105871200562 0.6912309010823567 0.02424747347831726 0.03383321232265896
7 0.4249428272247314 0.6658182779947917 0.08125150799751282 0.030573643578423394
1 0.3448618412017822 0.6837818569607205 0.03527258038520813 0.0418615976969401
16 0.156641 0.525694 0.132031 0.240278
15 0.159766 0.679167 0.199219 0.055556
17 0.871875 0.607639 0.040625 0.237500
4 0.976562 0.670833 0.046875 0.047222
11 0.983594 0.670139 0.025000 0.029167