6 0.2137460947036743 0.6562715318467882 0.09259616136550904 0.0865370856391059
0 0.025315988063812255 0.6268853081597222 0.030293083190917967 0.15503882302178276
2 0.422189998626709 0.6780086093478732 0.11182023286819458 0.05067457093132867
3 0.12952871322631837 0.6412036471896702 0.08958091735839843 0.11406420601738823
8 0.3825949192047119 0.6577262878417969 0.02202809751033783 0.045521619584825306
7 0.425424861907959 0.6630052354600694 0.07824755907058716 0.03114518059624566
1 0.3091649770736694 0.6568161434597439 0.06909520626068115 0.07328070534600152
1 0.30338382720947266 0.6912698533799914 0.024661464989185332 0.03341803285810682
7 0.47214107513427733 0.6035561031765408 0.03224173784255981 0.037320216496785484
1 0.3450857400894165 0.6849802652994792 0.035754287242889406 0.038234024577670625
16 0.156641 0.525694 0.132031 0.240278
15 0.159766 0.679167 0.199219 0.055556
17 0.871875 0.607639 0.040625 0.237500
4 0.976562 0.670833 0.046875 0.047222
11 0.983594 0.670139 0.025000 0.029167