6 0.21393086910247802 0.6561327616373698 0.09297752380371094 0.08621821403503419
0 0.025371789932250977 0.6269317203097873 0.030407673120498656 0.15482823053995767
2 0.4221865177154541 0.6779915703667535 0.1130789041519165 0.049003484514024524
3 0.12950838804244996 0.6412074618869358 0.09014802575111389 0.11416091918945312
7 0.42588109970092775 0.6642823961046007 0.07766627669334411 0.030873502625359428
8 0.3833087682723999 0.6579513549804688 0.021251341700553893 0.045954391691419814
1 0.30905838012695314 0.6565409342447917 0.06838020086288452 0.07273787922329372
1 0.3034168481826782 0.6912134806315104 0.024512594938278197 0.03322796026865641
7 0.4736952781677246 0.603274408976237 0.032743871212005615 0.036490395334031846
1 0.34517014026641846 0.6850747850206164 0.03559842109680176 0.03877323203616672
16 0.156641 0.525694 0.132031 0.240278
15 0.159766 0.679167 0.199219 0.055556
17 0.871875 0.607639 0.040625 0.237500
4 0.976562 0.670833 0.046875 0.047222
11 0.983594 0.670139 0.025000 0.029167