0 0.025338801741600036 0.6267660776774089 0.030765300989151 0.15496558083428277
6 0.2137509822845459 0.6561775207519531 0.09274624586105347 0.08659953011406793
2 0.4220425605773926 0.6775970882839627 0.11375625133514404 0.049578756756252715
7 0.47542767524719237 0.6088113149007162 0.03151829540729523 0.037472173902723525
8 0.3830036878585815 0.6592372470431858 0.020206503570079803 0.045243019527859155
3 0.1299280881881714 0.6411269293891059 0.08891286849975585 0.11275022294786241
1 0.3091943025588989 0.6566168467203776 0.06869360208511352 0.07515645027160645
1 0.3031611919403076 0.6911236657036676 0.02466069459915161 0.033396893077426486
7 0.42555804252624513 0.6641105228000217 0.07473635077476501 0.0301661835776435
1 0.34523031711578367 0.6849879794650607 0.03545290231704712 0.03851170804765489
16 0.156641 0.525694 0.132031 0.240278
15 0.159766 0.679167 0.199219 0.055556
17 0.871875 0.607639 0.040625 0.237500
4 0.976562 0.670833 0.046875 0.047222
11 0.983594 0.670139 0.025000 0.029167