7 0.47347168922424315 0.6304517957899306 0.028384196758270263 0.040046784612867564
0 0.02553502917289734 0.6269356621636285 0.030423825979232787 0.1543076303270128
6 0.2140042304992676 0.656125005086263 0.091928631067276 0.08625386026170519
8 0.38109703063964845 0.659856669108073 0.01943707764148712 0.04744613965352376
2 0.4217249870300293 0.6783522288004558 0.10865418910980225 0.04952139324612088
3 0.12978004217147826 0.6414341396755643 0.0895077109336853 0.11407090293036568
1 0.30300331115722656 0.6910847981770833 0.024964384734630585 0.03340211444430881
1 0.3093833923339844 0.6570054372151692 0.06662888526916504 0.07446125878228081
1 0.34530904293060305 0.6856213887532552 0.03538241684436798 0.03820144865247938
7 0.42458882331848147 0.6660662757025825 0.08111394643783569 0.025497335857815214
16 0.156641 0.525694 0.132031 0.240278
15 0.159766 0.679167 0.199219 0.055556
17 0.871875 0.607639 0.040625 0.237500
4 0.976562 0.670833 0.046875 0.047222
11 0.983594 0.670139 0.025000 0.029167