6 0.213281 0.655556 0.092188 0.086111
0 0.025391 0.626389 0.030469 0.155556
7 0.472656 0.629861 0.028125 0.040278
2 0.421094 0.677083 0.109375 0.048611
8 0.381250 0.631944 0.018750 0.047222
3 0.129297 0.640278 0.089844 0.113889
1 0.302344 0.690278 0.025000 0.033333
1 0.308984 0.656250 0.066406 0.076389
1 0.344922 0.684722 0.035156 0.038889
7 0.423828 0.665278 0.082031 0.025000
16 0.156641 0.524306 0.132031 0.240278
15 0.159766 0.679167 0.199219 0.055556
17 0.871875 0.607639 0.040625 0.237500
4 0.975781 0.669444 0.046875 0.047222
11 0.983594 0.669444 0.025000 0.030556