6 0.214062 0.655556 0.093750 0.088889
0 0.025391 0.626389 0.030469 0.155556
2 0.420312 0.677083 0.107813 0.048611
3 0.129297 0.640972 0.089844 0.115278
8 0.380078 0.633333 0.017969 0.050000
1 0.302344 0.690278 0.025000 0.033333
1 0.308984 0.656250 0.067969 0.073611
1 0.344531 0.683333 0.035937 0.041667
7 0.424219 0.663194 0.078125 0.029167
7 0.472266 0.631250 0.019531 0.040278
16 0.156641 0.524306 0.132031 0.240278
15 0.159766 0.679167 0.199219 0.055556
17 0.871875 0.607639 0.040625 0.237500
4 0.975781 0.669444 0.046875 0.047222
11 0.983594 0.669444 0.025000 0.030556