0 0.025340622663497923 0.6218792809380426 0.03283706605434418 0.14370082219441732
6 0.2175901412963867 0.6489123874240451 0.09521996974945068 0.06437864303588867
7 0.5327219009399414 0.6676094479031033 0.0413896381855011 0.03704821268717448
2 0.4218764781951904 0.6759945763481988 0.10813210010528565 0.047116989559597436
3 0.1282138705253601 0.6403271145290799 0.0858487606048584 0.10583564970228407
1 0.33821032047271726 0.651183361477322 0.05607956051826477 0.06524533165825738
1 0.34485862255096433 0.6842471228705512 0.03238233327865601 0.03249186939663357
1 0.30401949882507323 0.693145751953125 0.023299354314804076 0.024097932709587946
4 0.5332322120666504 0.6730757395426432 0.08495575189590454 0.05123970243665907
15 0.160156 0.678472 0.200000 0.062500
16 0.155469 0.532639 0.134375 0.243056
17 0.874219 0.612500 0.032813 0.225000
4 0.971484 0.672222 0.057031 0.044444
11 0.987109 0.672222 0.022656 0.033333