6 0.213281 0.655556 0.093750 0.088889
0 0.025391 0.625694 0.030469 0.154167
2 0.420703 0.677778 0.107031 0.047222
3 0.129297 0.640972 0.089844 0.115278
1 0.308984 0.656250 0.067969 0.073611
1 0.302344 0.689583 0.025000 0.034722
1 0.344531 0.683333 0.035937 0.044444
7 0.424609 0.663889 0.080469 0.027778
8 0.377344 0.630556 0.018750 0.027778
7 0.476953 0.644444 0.030469 0.030556
16 0.156641 0.524306 0.132031 0.240278
15 0.159766 0.679167 0.199219 0.055556
17 0.871875 0.607639 0.040625 0.237500
4 0.975781 0.669444 0.046875 0.047222
11 0.983594 0.669444 0.025000 0.030556