6 0.213672 0.655556 0.092969 0.088889
0 0.025000 0.625694 0.031250 0.154167
2 0.421094 0.677778 0.107813 0.047222
3 0.129297 0.640972 0.089844 0.115278
1 0.308984 0.656944 0.069531 0.075000
1 0.344531 0.683333 0.035937 0.044444
1 0.302734 0.689583 0.025781 0.034722
7 0.425000 0.662500 0.081250 0.027778
8 0.376953 0.627083 0.017969 0.026389
7 0.471875 0.646528 0.029687 0.031944
16 0.156641 0.524306 0.132031 0.240278
15 0.159766 0.679167 0.199219 0.055556
17 0.871875 0.607639 0.040625 0.237500
4 0.975781 0.669444 0.046875 0.047222
11 0.983594 0.669444 0.025000 0.030556