6 0.21383771896362305 0.6563240898980035 0.0932324230670929 0.086917601691352
0 0.025613251328468322 0.626853985256619 0.031086853146553038 0.15501014921400283
2 0.4215418815612793 0.6786373986138238 0.10799026489257812 0.045847580167982314
1 0.30939176082611086 0.6574739244249131 0.07238321900367736 0.07460969818962945
1 0.3443157434463501 0.6831787957085503 0.035021218657493594 0.044187590810987686
3 0.12978984117507936 0.6412976582845052 0.08904141187667847 0.11521963543362088
1 0.3030619859695435 0.6909717983669705 0.024978163838386535 0.03466907607184516
7 0.42507057189941405 0.6626404656304253 0.08264341354370117 0.029253609975179038
8 0.37307441234588623 0.6277154286702474 0.01236695796251297 0.02842891216278076
16 0.156641 0.525694 0.132031 0.240278
15 0.159766 0.679167 0.199219 0.055556
17 0.871875 0.607639 0.040625 0.237500
4 0.976562 0.670833 0.046875 0.047222
11 0.983594 0.670139 0.025000 0.029167