0 0.025601744651794434 0.6267709520128039 0.03094044029712677 0.15513041814168294
6 0.21397843360900878 0.656377453274197 0.09290766716003418 0.08582166035970053
2 0.42145676612854005 0.6783953772650825 0.10830975770950317 0.0451513926188151
1 0.3092634916305542 0.6579237196180555 0.07186567187309265 0.07561816109551324
1 0.34404208660125735 0.6825586954752604 0.03478427231311798 0.04300127294328478
3 0.12964458465576173 0.6413126627604167 0.08870860338211059 0.11487255096435547
1 0.30302431583404543 0.6910428365071615 0.025255385041236877 0.03432232009039985
7 0.42461280822753905 0.6626463148328993 0.08462849259376526 0.02857383092244466
8 0.3725467920303345 0.6268733130560981 0.012912678718566894 0.032619256443447535
16 0.156641 0.525694 0.132031 0.240278
15 0.159766 0.679167 0.199219 0.055556
17 0.871875 0.607639 0.040625 0.237500
4 0.976562 0.670833 0.046875 0.047222
11 0.983594 0.670139 0.025000 0.029167