0 0.02559349238872528 0.6266737196180555 0.031153178215026854 0.15547966427273222
6 0.21390776634216307 0.6563323550754123 0.0931637167930603 0.08616894616021051
2 0.42092008590698243 0.6776915656195747 0.1094323992729187 0.04612757894727919
1 0.34368875026702883 0.682404285007053 0.03376578688621521 0.04306723806593153
1 0.30900094509124754 0.6577796936035156 0.07089887857437134 0.07541659673055014
3 0.1296990156173706 0.6411510891384549 0.08894110918045044 0.11456069946289063
1 0.303036093711853 0.6909640842013889 0.025128719210624696 0.03454935285780165
7 0.4239651203155518 0.6620625813802083 0.08874858617782592 0.029304647445678712
8 0.3741507053375244 0.6292116800944011 0.012190385162830353 0.03358321719699436
16 0.156641 0.525694 0.132031 0.240278
15 0.159766 0.679167 0.199219 0.055556
17 0.871875 0.607639 0.040625 0.237500
4 0.976562 0.670833 0.046875 0.047222
11 0.983594 0.670139 0.025000 0.029167