0 0.02544167935848236 0.6215433332655165 0.033289992809295656 0.14363810221354167
6 0.21761515140533447 0.6492833455403646 0.09520732760429382 0.06432650883992513
7 0.5353495597839355 0.6653028276231554 0.04371173977851868 0.0387038442823622
2 0.42220587730407716 0.675973637898763 0.1099968433380127 0.04783731036716037
3 0.12806581258773803 0.6404031117757162 0.08603451251983643 0.10578422546386719
1 0.33815028667449953 0.651522699991862 0.0571420431137085 0.06484191682603624
1 0.3448676824569702 0.6840365939670139 0.03315524756908417 0.033029315206739636
4 0.5349689483642578 0.6724118126763238 0.08409498929977417 0.0535657352871365
1 0.30409927368164064 0.6931731753879123 0.022799476981163025 0.024437822235955132
15 0.160156 0.678472 0.200000 0.062500
16 0.155469 0.532639 0.134375 0.243056
17 0.874219 0.612500 0.032813 0.225000
4 0.971484 0.672222 0.057031 0.044444
11 0.987109 0.672222 0.022656 0.033333