0 0.02550397515296936 0.621458477444119 0.03327468633651733 0.14272488488091362
6 0.21778807640075684 0.6493524763319227 0.0951947569847107 0.06409088770548503
2 0.4220858097076416 0.6761068132188585 0.11012531518936157 0.046914328469170465
7 0.5358510494232178 0.6651319715711805 0.0436332106590271 0.03917569319407145
3 0.12805927991867067 0.640397474500868 0.0862266480922699 0.10554253260294597
1 0.3381213665008545 0.6515867869059245 0.05716537833213806 0.06494768460591634
1 0.3448429346084595 0.6840350680881077 0.033016473054885864 0.03271643850538466
4 0.535472822189331 0.6715958065456814 0.08295924663543701 0.05351066059536404
1 0.30418350696563723 0.6931109958224826 0.022747057676315307 0.024100600348578558
15 0.160156 0.678472 0.200000 0.062500
16 0.155469 0.532639 0.134375 0.243056
17 0.874219 0.612500 0.032813 0.225000
4 0.971484 0.672222 0.057031 0.044444
11 0.987109 0.672222 0.022656 0.033333