0 0.025489073991775513 0.621731694539388 0.033247259259223935 0.14367781745062935
6 0.21763186454772948 0.6490688323974609 0.09536279439926147 0.06423952314588759
2 0.42179555892944337 0.6757654401991102 0.10940365791320801 0.04704854753282335
3 0.12805321216583251 0.6402574327256945 0.08627997636795044 0.1055291281806098
7 0.5359648704528809 0.6656668768988715 0.044369089603424075 0.038673128022087944
1 0.33784534931182864 0.6514953189425998 0.057588893175125125 0.06554619471232097
4 0.5353153228759766 0.6737823062472873 0.08310508131980895 0.05478847291734484
1 0.3039856433868408 0.6932372623019748 0.022923679649829866 0.024351938565572103
1 0.34480154514312744 0.6838356441921658 0.033164554834365846 0.032832823859320744
15 0.160156 0.678472 0.200000 0.062500
16 0.155469 0.532639 0.134375 0.243056
17 0.874219 0.612500 0.032813 0.225000
4 0.971484 0.672222 0.057031 0.044444
11 0.987109 0.672222 0.022656 0.033333