0 0.02531408965587616 0.6216759151882596 0.03300659358501434 0.14341087341308595
6 0.21760282516479493 0.6492387135823567 0.0954248070716858 0.06446613205803765
2 0.42194523811340334 0.6753571828206381 0.10921893119812012 0.048531791898939344
3 0.12826917171478272 0.6404336717393663 0.08594257831573486 0.10573273764716254
7 0.5369491100311279 0.6654666476779514 0.04586172103881836 0.03896567291683621
1 0.3377394437789917 0.6513501485188802 0.05698925256729126 0.06632476912604438
4 0.5355344772338867 0.6747656928168403 0.08270227909088135 0.05446738137139214
1 0.3447873115539551 0.6838032616509332 0.033233624696731565 0.03290298514895969
1 0.30404651165008545 0.6930847591824002 0.02315363138914108 0.024558244811164007
15 0.160156 0.678472 0.200000 0.062500
16 0.155469 0.532639 0.134375 0.243056
17 0.874219 0.612500 0.032813 0.225000
4 0.971484 0.672222 0.057031 0.044444
11 0.987109 0.672222 0.022656 0.033333