6 0.21729686260223388 0.6496913486056858 0.0948415756225586 0.06394536230299208
0 0.025604197382926942 0.6209141625298394 0.03307854831218719 0.14368555280897352
2 0.42207112312316897 0.6754474216037326 0.10905133485794068 0.04862882296244304
3 0.12807661294937134 0.6401075575086805 0.0854602336883545 0.1055166138543023
1 0.338554835319519 0.6511651357014974 0.05729132294654846 0.06661090850830079
4 0.5357785701751709 0.6761559804280599 0.08236614465713502 0.054680516984727645
7 0.5376109600067138 0.6662964291042752 0.0445672869682312 0.039755039744906955
1 0.3446948051452637 0.6837828318277995 0.032688993215560916 0.032632019784715444
1 0.30410768985748293 0.6928750356038411 0.022888851165771485 0.0247252623240153
15 0.160156 0.678472 0.200000 0.062500
16 0.155469 0.532639 0.134375 0.243056
17 0.874219 0.612500 0.032813 0.225000
4 0.971484 0.672222 0.057031 0.044444
11 0.987109 0.672222 0.022656 0.033333