6 0.21737120151519776 0.6498785654703776 0.09517610669136048 0.06414989365471734
0 0.02559823989868164 0.6205113728841146 0.03298675715923309 0.14406508339775934
2 0.42191333770751954 0.6752363416883681 0.10812702178955078 0.049204614427354604
3 0.12813422679901124 0.6401566399468316 0.08548209667205811 0.10545264350043403
1 0.3385020732879639 0.6519562191433377 0.05769883394241333 0.066782013575236
4 0.5357083797454834 0.6772908528645833 0.083022540807724 0.054328272077772355
7 0.5376577377319336 0.6663363986545139 0.04538795948028564 0.03956081337398953
1 0.34494752883911134 0.6826257069905599 0.03320896327495575 0.03440764480166965
1 0.3038869142532349 0.6929466671413845 0.022413103282451628 0.025054287910461426
15 0.160156 0.678472 0.200000 0.062500
16 0.155469 0.532639 0.134375 0.243056
17 0.874219 0.612500 0.032813 0.225000
4 0.971484 0.672222 0.057031 0.044444
11 0.987109 0.672222 0.022656 0.033333