6 0.21681587696075438 0.6501802232530381 0.09368839263916015 0.06330254872639975
0 0.025599855184555053 0.6201228671603732 0.03278607130050659 0.14409069485134549
2 0.4218341827392578 0.6752868228488498 0.10934228897094726 0.04896592564053005
3 0.12822288274765015 0.6402148776584201 0.08528593182563782 0.10592562357584635
1 0.3385664463043213 0.6522054036458333 0.057174086570739746 0.06593494945102268
4 0.5355568885803222 0.6770186954074435 0.08309526443481445 0.053213474485609265
1 0.3450282573699951 0.682682376437717 0.03324881792068481 0.03460694419013129
7 0.537784194946289 0.6657702975802952 0.04489260315895081 0.03997971481747097
1 0.3040785551071167 0.6931626637776692 0.02175965756177902 0.025354080730014376
15 0.160156 0.678472 0.200000 0.062500
16 0.155469 0.532639 0.134375 0.243056
17 0.874219 0.612500 0.032813 0.225000
4 0.971484 0.672222 0.057031 0.044444
11 0.987109 0.672222 0.022656 0.033333