6 0.21665093898773194 0.650183359781901 0.09325855374336242 0.06321752336290147
0 0.025779086351394653 0.6202204810248481 0.03282699286937714 0.14387296040852865
3 0.12811051607131957 0.6400674184163412 0.08506757020950317 0.10545845031738281
2 0.42186651229858396 0.6753285725911459 0.10813072919845582 0.04931035041809082
1 0.33832426071166993 0.6523224724663629 0.05719597339630127 0.06649418936835395
7 0.5373259544372558 0.6657854292127822 0.0460832953453064 0.038618180486891
4 0.5362922668457031 0.6746161566840277 0.08169805407524108 0.05042364332411024
1 0.3450238943099976 0.6827236599392361 0.03302433490753174 0.0347039884991116
1 0.30420920848846433 0.6933448367648655 0.02236919105052948 0.025155152214898002
15 0.160156 0.678472 0.200000 0.062500
16 0.155469 0.532639 0.134375 0.243056
17 0.874219 0.612500 0.032813 0.225000
4 0.971484 0.672222 0.057031 0.044444
11 0.987109 0.672222 0.022656 0.033333