6 0.21705844402313232 0.6501411861843533 0.09340566396713257 0.06337837643093533
0 0.025588643550872803 0.6201777988009982 0.032228094339370725 0.14420626958211263
3 0.1282209038734436 0.6403526730007596 0.0848007082939148 0.10530036290486654
2 0.4217808723449707 0.6756259070502387 0.1094747543334961 0.04790416293674045
1 0.3380967378616333 0.6522721184624566 0.05715042948722839 0.06633580525716146
7 0.5371935844421387 0.6657638549804688 0.043829846382141116 0.03771982722812229
4 0.5357008934020996 0.6747868008083767 0.0808305025100708 0.04894519382052952
1 0.344877028465271 0.683060285780165 0.03301925659179687 0.03474275271097819
1 0.30428223609924315 0.693270746866862 0.02234794944524765 0.025562482410007054
15 0.160156 0.678472 0.200000 0.062500
16 0.155469 0.532639 0.134375 0.243056
17 0.874219 0.612500 0.032813 0.225000
4 0.971484 0.672222 0.057031 0.044444
11 0.987109 0.672222 0.022656 0.033333