6 0.2169642686843872 0.6501495785183377 0.09369833469390869 0.06318859524197049
0 0.025668996572494506 0.6203566233317057 0.033142226934432986 0.1438208368089464
3 0.1282243847846985 0.6401929219563802 0.0848200261592865 0.10548521677652994
2 0.42116513252258303 0.6755311330159505 0.11154721975326538 0.04752726554870605
1 0.3376582860946655 0.6518790774875217 0.05736685991287231 0.06520901785956489
7 0.5372610569000245 0.6663853539360894 0.04349930882453919 0.0370813873079088
4 0.535982084274292 0.6750485314263238 0.08177177906036377 0.04776956770155165
1 0.34491088390350344 0.6831975724962023 0.03350253105163574 0.03538373841179742
1 0.30436019897460936 0.6933215247260199 0.022818708419799806 0.025222139888339573
15 0.160156 0.678472 0.200000 0.062500
16 0.155469 0.532639 0.134375 0.243056
17 0.874219 0.612500 0.032813 0.225000
4 0.971484 0.672222 0.057031 0.044444
11 0.987109 0.672222 0.022656 0.033333