6 0.21597890853881835 0.650863054063585 0.09440435171127319 0.0640021112230089
0 0.025293108820915223 0.6194168938530816 0.033140504360198976 0.14701322979397244
3 0.12820314168930053 0.6394801669650607 0.08484554886817933 0.10693756739298503
2 0.422322416305542 0.6762274424235026 0.10874326229095459 0.04758422639634874
7 0.5359623432159424 0.6667929331461588 0.043840143084526065 0.037049047152201336
1 0.33365459442138673 0.6548762851291232 0.0617681622505188 0.06965053876241048
1 0.3446957111358643 0.6827721065945096 0.035051155090332034 0.03613974783155653
4 0.5354921340942382 0.6773013644748264 0.08380922675132751 0.05260391765170627
1 0.30399436950683595 0.6927982754177517 0.022809267044067383 0.026915640301174586
15 0.160156 0.678472 0.200000 0.062500
16 0.155469 0.532639 0.134375 0.243056
17 0.874219 0.612500 0.032813 0.225000
4 0.971484 0.672222 0.057031 0.044444
11 0.987109 0.672222 0.022656 0.033333