6 0.21670198440551758 0.6501624637179905 0.09335189461708068 0.06220581796434191
2 0.42404932975769044 0.6782053629557292 0.11125489473342895 0.04093701309627957
3 0.12838895320892335 0.6397391425238715 0.08529689908027649 0.10643174913194445
0 0.02551257312297821 0.6190185546875 0.03331606388092041 0.14804585774739584
7 0.5343565940856934 0.6672617594401041 0.04582604765892029 0.03836005263858371
1 0.3349826574325562 0.6527928670247396 0.05850500464439392 0.0646885871887207
1 0.3037649393081665 0.6931727515326606 0.02338806390762329 0.025406991110907662
1 0.3451396942138672 0.6853057013617622 0.0327945351600647 0.033663670221964516
4 0.5355953216552735 0.6732936435275607 0.0817018985748291 0.050355688730875654
15 0.160156 0.678472 0.200000 0.062500
16 0.155469 0.532639 0.134375 0.243056
17 0.874219 0.612500 0.032813 0.225000
4 0.971484 0.672222 0.057031 0.044444
11 0.987109 0.672222 0.022656 0.033333