2 0.42424612045288085 0.678466076321072 0.1113254189491272 0.04080683390299479
6 0.21677706241607667 0.6503047519259982 0.0934603214263916 0.06239236725701226
3 0.1284238338470459 0.639862781100803 0.0851540207862854 0.10685196982489692
0 0.025443050265312194 0.6190784030490452 0.03288439214229584 0.14837796952989366
7 0.5344061374664306 0.6668902079264323 0.04571679532527924 0.038981389999389646
1 0.3349097013473511 0.6528090159098308 0.05853816866874695 0.0642730818854438
1 0.34514555931091306 0.6852140638563368 0.032888129353523254 0.03403921922047933
1 0.30379226207733157 0.6930689069959852 0.023810762166976928 0.025472015804714625
4 0.535355520248413 0.6720483144124348 0.08231649398803711 0.05070232815212673
15 0.160156 0.678472 0.200000 0.062500
16 0.155469 0.532639 0.134375 0.243056
17 0.874219 0.612500 0.032813 0.225000
4 0.971484 0.672222 0.057031 0.044444
11 0.987109 0.672222 0.022656 0.033333