2 0.4240545749664307 0.6782850053575303 0.11069585084915161 0.04167531861199273
6 0.21663615703582764 0.6502463870578342 0.09323421716690064 0.0620685789320204
3 0.12832564115524292 0.6395916408962674 0.0852012276649475 0.1061915185716417
0 0.02547374665737152 0.6188354068332248 0.033360302448272705 0.14841343561808268
7 0.5343450546264649 0.6670364803738065 0.045346048474311826 0.03945282830132379
1 0.3346686601638794 0.6528691609700521 0.058495575189590455 0.06384737226698134
1 0.34517273902893064 0.6854451921251085 0.03264722228050232 0.03348446951972114
4 0.5350210189819335 0.6722475263807509 0.08152708411216736 0.049890030754937066
1 0.30379133224487304 0.6928743150499131 0.023620933294296265 0.02572040292951796
15 0.160156 0.678472 0.200000 0.062500
16 0.155469 0.532639 0.134375 0.243056
17 0.874219 0.612500 0.032813 0.225000
4 0.971484 0.672222 0.057031 0.044444
11 0.987109 0.672222 0.022656 0.033333