2 0.423915433883667 0.6782742818196614 0.113677716255188 0.041339225239223905
7 0.5346323013305664 0.6665032704671224 0.04119734466075897 0.04018297725253635
6 0.21676959991455078 0.6501617007785373 0.09356458187103271 0.062022426393296984
0 0.02555042803287506 0.6192098829481337 0.03352956771850586 0.1477287080552843
3 0.1283831000328064 0.6396855672200521 0.08572482466697692 0.10726583268907335
1 0.3351340055465698 0.6527482350667317 0.05755497813224793 0.06276229752434624
4 0.5347382545471191 0.6716115315755208 0.0798488974571228 0.05153165923224555
1 0.34524562358856203 0.6854443020290799 0.032735133171081544 0.03342945575714111
1 0.3039966106414795 0.6929498884412978 0.02360231280326843 0.025393417146470813
15 0.160156 0.678472 0.200000 0.062500
16 0.155469 0.532639 0.134375 0.243056
17 0.874219 0.612500 0.032813 0.225000
4 0.971484 0.672222 0.057031 0.044444
11 0.987109 0.672222 0.022656 0.033333