7 0.534129524230957 0.6663634830050998 0.041227099299430844 0.03953739537133111
2 0.4239349365234375 0.6782464345296224 0.11307733058929444 0.041537708706325956
6 0.21685316562652587 0.6501830206976996 0.09366435408592225 0.06214080916510688
0 0.025478661060333252 0.6190211825900608 0.03351988196372986 0.1482792960272895
3 0.12831332683563232 0.6396599239773221 0.08587754368782044 0.1069748560587565
1 0.33505759239196775 0.6527519649929471 0.05775071978569031 0.06289185418023004
4 0.5346560001373291 0.6717721303304036 0.08144950866699219 0.0505313237508138
1 0.34523322582244875 0.6852318657769098 0.03257185518741608 0.03341145780351427
1 0.3038703441619873 0.6930018530951606 0.023730294406414033 0.025500753190782335
15 0.160156 0.678472 0.200000 0.062500
16 0.155469 0.532639 0.134375 0.243056
17 0.874219 0.612500 0.032813 0.225000
4 0.971484 0.672222 0.057031 0.044444
11 0.987109 0.672222 0.022656 0.033333