2 0.4239644527435303 0.6784877777099609 0.11404482126235962 0.04129331111907959
7 0.5343161582946777 0.6667318979899088 0.0417135089635849 0.03972962167527941
6 0.21675684452056884 0.6502091301812066 0.09383136034011841 0.06196414099799262
0 0.025451484322547912 0.6189953274197049 0.03365024328231812 0.14815502166748046
3 0.1283378481864929 0.6395927005343967 0.08597982525825501 0.10687058766682943
1 0.3351090908050537 0.6527105967203776 0.057823294401168825 0.062471633487277564
1 0.3452450275421143 0.6853899214002821 0.032645303010940555 0.03329908053080241
4 0.5348371505737305 0.6713136037190756 0.08082497715950013 0.05056268903944228
1 0.30402317047119143 0.6929632398817275 0.023327621817588805 0.025430695215861002
15 0.160156 0.678472 0.200000 0.062500
16 0.155469 0.532639 0.134375 0.243056
17 0.874219 0.612500 0.032813 0.225000
4 0.971484 0.672222 0.057031 0.044444
11 0.987109 0.672222 0.022656 0.033333