6 0.21667795181274413 0.6507477230495877 0.09370698928833007 0.06287821133931477
7 0.5353096008300782 0.6666980319552951 0.045412692427635196 0.03919274012247721
2 0.4238846778869629 0.6778904385036892 0.11253775358200073 0.04097235467698839
0 0.0253027081489563 0.6193737453884549 0.03306765854358673 0.14526212480333117
3 0.1280738592147827 0.6394064585367839 0.08514646291732789 0.10635228686862522
1 0.33542790412902834 0.6547389560275607 0.06149454712867737 0.0664622253841824
1 0.3451366901397705 0.6854987674289279 0.03257645964622498 0.03331641885969374
4 0.5343871116638184 0.6733331044514974 0.08202707171440124 0.052777269151475695
1 0.30401337146759033 0.6928503672281902 0.02359090596437454 0.02587550481160482
15 0.160156 0.678472 0.200000 0.062500
16 0.155469 0.532639 0.134375 0.243056
17 0.874219 0.612500 0.032813 0.225000
4 0.971484 0.672222 0.057031 0.044444
11 0.987109 0.672222 0.022656 0.033333