6 0.21658673286437988 0.6507503933376736 0.09363559484481812 0.06240341928270128
2 0.4219489097595215 0.6766729990641276 0.10912022590637208 0.045206806394788954
3 0.12814996242523194 0.6396373324924045 0.08453934192657471 0.10663262473212348
0 0.02513507306575775 0.6194423251681858 0.0327079564332962 0.14522636201646594
7 0.5364415168762207 0.6673039754231771 0.04369041919708252 0.039061792691548664
1 0.3356716394424438 0.6547037760416666 0.06197036504745483 0.06502822770012749
1 0.345247483253479 0.6854766421847873 0.032934701442718504 0.03364023102654351
4 0.5352774620056152 0.673301739162869 0.08456936478614807 0.05237108866373698
1 0.3039653539657593 0.6929648929172092 0.023672780394554137 0.02549012502034505
15 0.160156 0.678472 0.200000 0.062500
16 0.155469 0.532639 0.134375 0.243056
17 0.874219 0.612500 0.032813 0.225000
4 0.971484 0.672222 0.057031 0.044444
11 0.987109 0.672222 0.022656 0.033333