2 0.4215979099273682 0.6764158460828993 0.10783920288085938 0.045579391055636936
6 0.2167508840560913 0.650888188680013 0.09376763701438903 0.062445608774820964
7 0.5354238033294678 0.66550170050727 0.04694226682186127 0.03981543646918403
0 0.025328201055526734 0.6192801157633464 0.03330202400684357 0.14607517454359267
3 0.1280827522277832 0.6396297030978733 0.08452713489532471 0.10589761734008789
1 0.33526902198791503 0.6548479715983073 0.06203426122665405 0.06661773257785374
4 0.5355272769927979 0.6743201785617404 0.08243869543075562 0.05522815386454264
1 0.30388476848602297 0.6931971232096354 0.02441505491733551 0.02581427362230089
1 0.3452956199645996 0.6859468248155381 0.032910090684890744 0.03384707503848606
15 0.160156 0.678472 0.200000 0.062500
16 0.155469 0.532639 0.134375 0.243056
17 0.874219 0.612500 0.032813 0.225000
4 0.971484 0.672222 0.057031 0.044444
11 0.987109 0.672222 0.022656 0.033333