2 0.42163996696472167 0.6764799753824869 0.1085702896118164 0.045499595006306966
6 0.21673343181610108 0.6508227030436198 0.09396036863327026 0.062426084942287866
7 0.5351633071899414 0.6659778171115451 0.046273475885391234 0.03920679092407227
0 0.025246104598045348 0.6191087510850695 0.03318563103675842 0.14594933191935222
3 0.12805746793746947 0.6396235995822482 0.0843544840812683 0.10680664910210504
1 0.33516440391540525 0.6527613321940104 0.058062958717346194 0.06314358711242676
4 0.5356853485107422 0.6758508470323351 0.07788092494010926 0.05416226916842991
1 0.3037607192993164 0.6930514441596137 0.024095875024795533 0.025562151273091634
1 0.34521913528442383 0.6861444261338976 0.03288632333278656 0.03341032134162055
15 0.160156 0.678472 0.200000 0.062500
16 0.155469 0.532639 0.134375 0.243056
17 0.874219 0.612500 0.032813 0.225000
4 0.971484 0.672222 0.057031 0.044444
11 0.987109 0.672222 0.022656 0.033333