2 0.4216615676879883 0.6761755201551649 0.10894109010696411 0.04576679865519206
6 0.21686723232269287 0.6506434122721354 0.0939035415649414 0.06222877502441406
0 0.02528482675552368 0.6194247775607639 0.0331681102514267 0.14623010423448352
7 0.5349199771881104 0.665950436062283 0.04667540788650513 0.039264520009358726
3 0.12818403244018556 0.6397972530788846 0.08512621521949768 0.10745830535888672
1 0.3350455522537231 0.6526988135443793 0.05860113501548767 0.06286529435051812
4 0.5355739116668701 0.6753556145562066 0.07870132327079774 0.054569514592488606
1 0.345163369178772 0.6857989841037326 0.032976990938186644 0.03306664095984565
1 0.30354583263397217 0.692849858601888 0.023693354427814485 0.025234752231174044
15 0.160156 0.678472 0.200000 0.062500
16 0.155469 0.532639 0.134375 0.243056
17 0.874219 0.612500 0.032813 0.225000
4 0.971484 0.672222 0.057031 0.044444
11 0.987109 0.672222 0.022656 0.033333