6 0.21707680225372314 0.6506707085503473 0.09412375688552857 0.06241171095106337
2 0.42161149978637696 0.6760367075602214 0.10931166410446166 0.04593247837490506
7 0.5341951847076416 0.6658743540445964 0.04424213767051697 0.038797050052218965
0 0.025250670313835145 0.619355731540256 0.03290717005729675 0.14614541795518662
3 0.12816455364227294 0.6398544311523438 0.08500179052352905 0.10825482474433051
1 0.33509490489959715 0.652742682562934 0.05864803791046143 0.06273280779520671
4 0.5354103565216064 0.6760908762613932 0.08042439222335815 0.05451732211642795
1 0.30348060131072996 0.6932394663492839 0.023873698711395264 0.026049351692199706
1 0.34519734382629397 0.6859494527180989 0.032885169982910155 0.03331436581081814
15 0.160156 0.678472 0.200000 0.062500
16 0.155469 0.532639 0.134375 0.243056
17 0.874219 0.612500 0.032813 0.225000
4 0.971484 0.672222 0.057031 0.044444
11 0.987109 0.672222 0.022656 0.033333