6 0.2169956684112549 0.6507473415798611 0.09409263134002685 0.06264448165893555
7 0.5346359252929688 0.6662280612521702 0.043959006667137146 0.0374105003145006
2 0.42160749435424805 0.6757574293348524 0.10782836675643921 0.046286694208780926
3 0.12820050716400147 0.6398209465874566 0.08504239320755005 0.10756827460394966
0 0.025228771567344665 0.6191595713297526 0.032968953251838684 0.1467351065741645
1 0.3348932504653931 0.652820332845052 0.058752822875976565 0.062335438198513456
4 0.535656213760376 0.6783535427517361 0.08092182874679565 0.05405445628696018
1 0.30363342761993406 0.6931301964653863 0.02374105453491211 0.026221455468071832
1 0.34511427879333495 0.685727776421441 0.032976800203323366 0.03335770501030816
15 0.160156 0.678472 0.200000 0.062500
16 0.155469 0.532639 0.134375 0.243056
17 0.874219 0.612500 0.032813 0.225000
4 0.971484 0.672222 0.057031 0.044444
11 0.987109 0.672222 0.022656 0.033333