6 0.21698174476623536 0.6508788638644748 0.09414938688278199 0.06272394922044543
7 0.5345869541168213 0.6661103566487631 0.04428566098213196 0.03774575922224257
2 0.421718692779541 0.6757174597846137 0.10773535966873168 0.04632431666056315
3 0.12825847864151002 0.6399157630072699 0.08521603941917419 0.10788211822509766
0 0.02522459626197815 0.619197506374783 0.03318853378295898 0.1467813597785102
1 0.3349233865737915 0.6528102027045356 0.058581221103668216 0.06230790350172255
4 0.5358877658843995 0.6782040066189237 0.08101623654365539 0.05414310561286079
1 0.30376782417297366 0.6933291117350261 0.023793666064739226 0.026041616333855523
1 0.3450439214706421 0.6858441246880426 0.03300118446350098 0.03341032134162055
15 0.160156 0.678472 0.200000 0.062500
16 0.155469 0.532639 0.134375 0.243056
17 0.874219 0.612500 0.032813 0.225000
4 0.971484 0.672222 0.057031 0.044444
11 0.987109 0.672222 0.022656 0.033333