6 0.21664228439331054 0.6505804697672526 0.09392139315605164 0.06264812681410048
2 0.4216495990753174 0.6755667368570963 0.10675572156906128 0.046644867791069876
7 0.535709285736084 0.6660777197943794 0.04732738435268402 0.039087936613294814
0 0.025280624628067017 0.6190229627821181 0.03293540775775909 0.14616379208034938
3 0.12830246686935426 0.6399813758002387 0.0857036828994751 0.10760585996839735
1 0.33527042865753176 0.6526607937282987 0.05826714634895325 0.06333300272623697
1 0.30402345657348634 0.6932579464382596 0.022510863840579987 0.025961338149176703
4 0.5364614486694336 0.6778224097357856 0.07991305589675904 0.053632465998331706
1 0.3451647996902466 0.6851558685302734 0.032881933450698855 0.03361072805192736
15 0.160156 0.678472 0.200000 0.062500
16 0.155469 0.532639 0.134375 0.243056
17 0.874219 0.612500 0.032813 0.225000
4 0.971484 0.672222 0.057031 0.044444
11 0.987109 0.672222 0.022656 0.033333