6 0.21672770977020264 0.6505423227945963 0.0938131868839264 0.062718137105306
2 0.4215745449066162 0.6755164252387152 0.10714144706726074 0.046682744556003145
7 0.5357470989227295 0.666732660929362 0.04891654551029205 0.03914712270100911
0 0.025245368480682373 0.6191722022162544 0.0328965038061142 0.1455416997273763
3 0.12833144664764404 0.6400807698567709 0.08555924296379089 0.10746115578545465
1 0.33520267009735105 0.6526339213053386 0.05797907114028931 0.06327257156372071
4 0.5369567394256591 0.6749289194742839 0.08436077833175659 0.04915707376268175
1 0.3040135383605957 0.6930327945285373 0.023153123259544373 0.025308574570549858
1 0.345202112197876 0.6855964660644531 0.03313854038715362 0.03344950940873888
15 0.160156 0.678472 0.200000 0.062500
16 0.155469 0.532639 0.134375 0.243056
17 0.874219 0.612500 0.032813 0.225000
4 0.971484 0.672222 0.057031 0.044444
11 0.987109 0.672222 0.022656 0.033333