6 0.21775269508361816 0.6472695668538412 0.09339568018913269 0.06669943067762586
0 0.025421926379203798 0.6248174455430773 0.032236552238464354 0.1476495001051161
1 0.32132556438446047 0.652175055609809 0.06277258396148681 0.06919220818413628
2 0.4240124702453613 0.6768748813205295 0.10729713439941406 0.044236506356133354
7 0.5356477737426758 0.6659586588541667 0.04235639572143555 0.03850320974985758
3 0.12840909957885743 0.6414362165662978 0.08724297285079956 0.1060105323791504
1 0.34523031711578367 0.6823507520887587 0.03451829552650452 0.03663992881774902
4 0.534721565246582 0.6775077395968967 0.08318979144096375 0.054252836439344615
1 0.30327801704406737 0.6926053365071615 0.02446606457233429 0.02997682359483507
15 0.160156 0.678472 0.200000 0.062500
16 0.155469 0.532639 0.134375 0.243056
17 0.874219 0.612500 0.032813 0.225000
4 0.971484 0.672222 0.057031 0.044444
11 0.987109 0.672222 0.022656 0.033333