6 0.2167191505432129 0.6505833095974393 0.09376554489135742 0.0627876016828749
2 0.4215571403503418 0.6755749596489801 0.10760055780410767 0.04709378878275553
7 0.5356539726257324 0.666351318359375 0.04752966165542603 0.0390259239408705
0 0.025117993354797363 0.6190661112467448 0.0329036295413971 0.14537345038519967
3 0.1283932328224182 0.640050760904948 0.08533257842063904 0.1071131706237793
1 0.3353596210479736 0.6526615566677517 0.05806296467781067 0.06337712605794271
1 0.30406668186187746 0.6931444380018447 0.022980713844299318 0.025650421778361004
1 0.34521822929382323 0.6857157389322917 0.03278336524963379 0.03360417948828803
4 0.536708927154541 0.6744582706027561 0.08363295793533325 0.04882622294955784
15 0.160156 0.678472 0.200000 0.062500
16 0.155469 0.532639 0.134375 0.243056
17 0.874219 0.612500 0.032813 0.225000
4 0.971484 0.672222 0.057031 0.044444
11 0.987109 0.672222 0.022656 0.033333