6 0.21664025783538818 0.6507035573323567 0.09368565678596497 0.06275291972690158
2 0.4217385768890381 0.6755907694498698 0.10748170614242554 0.046944946712917754
7 0.5359132289886475 0.6661621517605252 0.04352148771286011 0.0379610882865058
0 0.025149351358413695 0.6188555399576823 0.033226427435874936 0.14619263543023003
3 0.128364896774292 0.6397301991780598 0.08547819256782532 0.10681379106309678
1 0.33482182025909424 0.6528362698025174 0.058091753721237184 0.06366337670220269
1 0.30401153564453126 0.6931368086073134 0.023445063829422 0.02579520543416341
1 0.34523801803588866 0.6853465610080295 0.032559871673583984 0.033640384674072266
4 0.5368835926055908 0.6749681260850694 0.0777065634727478 0.05274269845750597
15 0.160156 0.678472 0.200000 0.062500
16 0.155469 0.532639 0.134375 0.243056
17 0.874219 0.612500 0.032813 0.225000
4 0.971484 0.672222 0.057031 0.044444
11 0.987109 0.672222 0.022656 0.033333