6 0.21663055419921876 0.6507701449924045 0.09383129477500915 0.06269344753689236
2 0.42172627449035643 0.6755580478244357 0.10791895389556885 0.04634317821926541
7 0.5355498790740967 0.665827645195855 0.04234911501407623 0.03792229758368598
0 0.025127729773521422 0.618916490342882 0.033181533217430115 0.1465362654791938
3 0.1281866431236267 0.6397713555230035 0.0856859803199768 0.10684117211235894
1 0.3358456611633301 0.6526644812689887 0.05823652744293213 0.06346217791239421
1 0.345035195350647 0.6856075710720486 0.032874828577041625 0.03322068320380317
4 0.5365262508392334 0.6753845638699002 0.0750114917755127 0.05272054672241211
1 0.3042156457901001 0.6929325527615018 0.023781625926494597 0.025526314311557347
15 0.160156 0.678472 0.200000 0.062500
16 0.155469 0.532639 0.134375 0.243056
17 0.874219 0.612500 0.032813 0.225000
4 0.971484 0.672222 0.057031 0.044444
11 0.987109 0.672222 0.022656 0.033333