2 0.4218001842498779 0.6758263058132595 0.10816038846969604 0.04766601986355252
6 0.21630260944366456 0.6515220218234592 0.09428832530975342 0.06321421199374729
7 0.5351049900054932 0.6656253390842014 0.04257735908031464 0.037564105457729764
0 0.025133907794952393 0.6191068437364367 0.03335912227630615 0.14654518763224283
3 0.1284056782722473 0.6393934461805556 0.08552420735359192 0.106981627146403
1 0.3358703851699829 0.655143313937717 0.06054011583328247 0.06277214156256782
1 0.3447407245635986 0.6833884769015842 0.0355348140001297 0.034412201245625815
1 0.3037583351135254 0.6911167568630643 0.02143801748752594 0.025704129536946615
4 0.5371574878692627 0.6760882907443576 0.07809971570968628 0.05381329324510362
15 0.160156 0.678472 0.200000 0.062500
16 0.155469 0.532639 0.134375 0.243056
17 0.874219 0.612500 0.032813 0.225000
4 0.971484 0.672222 0.057031 0.044444
11 0.987109 0.672222 0.022656 0.033333