2 0.4219196319580078 0.675939220852322 0.10713765621185303 0.046549818250868055
7 0.5353111743927002 0.665283203125 0.041552379727363586 0.03790966669718424
0 0.025171148777008056 0.619261211819119 0.032962638139724734 0.14746357599894205
6 0.2165769100189209 0.6515982309977214 0.09477772712707519 0.06253708203633626
3 0.12848752737045288 0.6393466525607638 0.0853065311908722 0.10693882836235893
1 0.30342051982879636 0.6904618157280816 0.02164188176393509 0.025466283162434895
1 0.3351616859436035 0.6560897827148438 0.05933995246887207 0.05868022706773546
1 0.34449193477630613 0.682724846733941 0.03668035566806793 0.035357157389322914
4 0.5371212482452392 0.6760108523898655 0.0762058138847351 0.05355324745178223
15 0.160156 0.678472 0.200000 0.062500
16 0.155469 0.532639 0.134375 0.243056
17 0.874219 0.612500 0.032813 0.225000
4 0.971484 0.672222 0.057031 0.044444
11 0.987109 0.672222 0.022656 0.033333