2 0.42191309928894044 0.6759498172336155 0.10742061138153076 0.04717330402798123
0 0.02524983286857605 0.6193279690212674 0.0326065719127655 0.14721657435099283
7 0.5350540161132813 0.6653161790635851 0.04083224833011627 0.03819454511006673
6 0.21610715389251708 0.6520384470621745 0.09597585201263428 0.0652438481648763
3 0.12850500345230104 0.6393664889865451 0.08579212427139282 0.10726513332790799
1 0.33477959632873533 0.6566582997639974 0.05911697149276733 0.060679923163519965
1 0.3033721685409546 0.6900895860460069 0.02107275426387787 0.02593239148457845
1 0.34440226554870607 0.6824728647867838 0.03652911186218262 0.03612873819139269
4 0.5367947101593018 0.6756883409288195 0.07814724445343017 0.053190824720594616
15 0.160156 0.678472 0.200000 0.062500
16 0.155469 0.532639 0.134375 0.243056
17 0.874219 0.612500 0.032813 0.225000
4 0.971484 0.672222 0.057031 0.044444
11 0.987109 0.672222 0.022656 0.033333