2 0.4218311786651611 0.676084221733941 0.10910067558288575 0.047701756159464516
7 0.5349883079528809 0.6657236735026042 0.040663841366767886 0.03847236633300781
6 0.21597931385040284 0.6518654293484158 0.09497669935226441 0.06501638624403212
1 0.33454084396362305 0.6524642096625434 0.06242834329605103 0.06624231338500977
0 0.025032663345336915 0.6190375857883029 0.032775723934173585 0.14672957526312935
3 0.1287100076675415 0.6394700368245443 0.0848950743675232 0.10721888012356229
1 0.3439573049545288 0.6822452121310764 0.03759485483169556 0.03715589311387804
1 0.3030632495880127 0.6904113345675998 0.021404343843460082 0.02692645125918918
4 0.5367054462432861 0.6754725138346355 0.0759702205657959 0.053098207049899634
15 0.160156 0.678472 0.200000 0.062500
16 0.155469 0.532639 0.134375 0.243056
17 0.874219 0.612500 0.032813 0.225000
4 0.971484 0.672222 0.057031 0.044444
11 0.987109 0.672222 0.022656 0.033333