2 0.4217074394226074 0.6762835184733073 0.10949263572692872 0.04777649773491754
6 0.2150857925415039 0.6514819251166449 0.09345681071281434 0.0653134716881646
0 0.02537851929664612 0.6193157619900174 0.032898706197738645 0.14617497126261395
7 0.534752607345581 0.6653500874837239 0.041368186473846436 0.03854094081454807
3 0.12863463163375854 0.6395474751790364 0.085720956325531 0.10766379038492839
1 0.3349688291549683 0.652807108561198 0.061846178770065305 0.06535590489705403
1 0.3030360698699951 0.6906070709228516 0.02081090211868286 0.026487183570861817
1 0.344087553024292 0.6827899085150825 0.034934991598129274 0.037004645665486655
4 0.5365561962127685 0.6750359005398221 0.07686883807182313 0.053388357162475586
15 0.160156 0.678472 0.200000 0.062500
16 0.155469 0.532639 0.134375 0.243056
17 0.874219 0.612500 0.032813 0.225000
4 0.971484 0.672222 0.057031 0.044444
11 0.987109 0.672222 0.022656 0.033333