2 0.42176218032836915 0.6759491390652127 0.10885335206985473 0.04750798013475206
0 0.025316679477691652 0.6192534976535373 0.03350236415863037 0.14809160232543944
6 0.2153942823410034 0.6517251332600912 0.0934759259223938 0.06517666710747613
3 0.1283419609069824 0.6396591610378689 0.08627763986587525 0.10707696278889973
7 0.5347545146942139 0.6648141225179036 0.04100810289382935 0.03877727190653483
1 0.3339726686477661 0.6551904042561849 0.06218567490577698 0.0659679200914171
1 0.3029712438583374 0.6899915483262804 0.02103649377822876 0.026482280095418295
1 0.3437386751174927 0.6827281104193793 0.03600953817367554 0.03709236250983344
4 0.536493968963623 0.6764088100857205 0.07686812877655029 0.05375157992045085
15 0.160156 0.678472 0.200000 0.062500
16 0.155469 0.532639 0.134375 0.243056
17 0.874219 0.612500 0.032813 0.225000
4 0.971484 0.672222 0.057031 0.044444
11 0.987109 0.672222 0.022656 0.033333