2 0.4218266487121582 0.6757825215657552 0.10866202116012573 0.04801653756035699
6 0.21551220417022704 0.6518076578776042 0.09312149286270141 0.06485987239413792
0 0.025281113386154175 0.6190989600287543 0.03337928056716919 0.1474694357977973
3 0.1285067915916443 0.6395867665608724 0.08641669750213624 0.10733123355441623
7 0.534915828704834 0.6650770823160808 0.0417552649974823 0.039204041163126625
1 0.30275397300720214 0.6897615644666883 0.021247707307338715 0.026704419983757867
1 0.3345478534698486 0.6551933288574219 0.06172935962677002 0.06541017956203884
1 0.3438239336013794 0.6827994028727213 0.03615008592605591 0.03690132564968533
4 0.5366053104400634 0.6763301425509982 0.07656333446502686 0.053540574179755315
15 0.160156 0.678472 0.200000 0.062500
16 0.155469 0.532639 0.134375 0.243056
17 0.874219 0.612500 0.032813 0.225000
4 0.971484 0.672222 0.057031 0.044444
11 0.987109 0.672222 0.022656 0.033333