2 0.4218303680419922 0.6753896925184462 0.10810564756393433 0.04843451711866591
6 0.2151210069656372 0.6516975826687283 0.09350126385688781 0.06519480281405979
0 0.025527483224868773 0.6190520392523872 0.03310074806213379 0.14715883466932508
3 0.1283671736717224 0.6395899030897353 0.08560123443603515 0.10771875381469727
7 0.534501600265503 0.6658849928114149 0.042688405513763426 0.03764862219492594
1 0.3027062177658081 0.6894986470540364 0.02122453451156616 0.026083930333455404
1 0.33383817672729493 0.6550746493869357 0.06225068569183349 0.06416587299770779
1 0.343736457824707 0.6828442043728299 0.03572562634944916 0.03633364571465386
4 0.5364207744598388 0.6750974867078993 0.08022421002388 0.048589134216308595
15 0.160156 0.678472 0.200000 0.062500
16 0.155469 0.532639 0.134375 0.243056
17 0.874219 0.612500 0.032813 0.225000
4 0.971484 0.672222 0.057031 0.044444
11 0.987109 0.672222 0.022656 0.033333