6 0.21782271862030028 0.6475639767116971 0.09346576929092407 0.0669510735405816
0 0.025564107298851012 0.6251318613688152 0.032054901123046875 0.14807297388712565
1 0.3215009689331055 0.65234375 0.06180792450904846 0.06923574341668023
2 0.4239784240722656 0.6772813161214193 0.1084212303161621 0.042823913362291126
3 0.12848315238952637 0.6416439480251737 0.08706343173980713 0.1059321191575792
7 0.5358296394348144 0.6677307552761502 0.04455263912677765 0.0374052259657118
1 0.34515972137451173 0.6824855804443359 0.03447745740413666 0.036475698153177895
4 0.5357091903686524 0.6770518408881293 0.08321435451507568 0.05355075200398763
1 0.3033865451812744 0.6925965627034505 0.024657027423381807 0.029630570941501195
15 0.160156 0.678472 0.200000 0.062500
16 0.155469 0.532639 0.134375 0.243056
17 0.874219 0.612500 0.032813 0.225000
4 0.971484 0.672222 0.057031 0.044444
11 0.987109 0.672222 0.022656 0.033333