0 0.025373581051826476 0.6191939036051433 0.033007746934890746 0.1468848016526964
6 0.2150118589401245 0.6517108069525824 0.0933418869972229 0.0653578864203559
2 0.4221029758453369 0.6752847035725912 0.108280611038208 0.04866299099392361
3 0.1284429907798767 0.6396017286512586 0.08595046401023865 0.10784844292534722
7 0.5349039554595947 0.6666419559054905 0.04263232350349426 0.036956702338324654
1 0.3027390956878662 0.6893621656629775 0.02108061909675598 0.026383097966512045
1 0.3338587760925293 0.6550515916612413 0.06226193904876709 0.06491208606296116
1 0.3436544895172119 0.6825172848171658 0.035950487852096556 0.036553994814554853
4 0.5365045070648193 0.675219472249349 0.08102858662605286 0.047242826885647245
15 0.160156 0.678472 0.200000 0.062500
16 0.155469 0.532639 0.134375 0.243056
17 0.874219 0.612500 0.032813 0.225000
4 0.971484 0.672222 0.057031 0.044444
11 0.987109 0.672222 0.022656 0.033333