2 0.42170424461364747 0.6753644307454427 0.1084415078163147 0.04907470809088813
6 0.2148458480834961 0.6518763224283854 0.09372720122337341 0.0654921849568685
0 0.025389376282691955 0.6191810184054904 0.03273166418075561 0.14776938756306965
3 0.12850381135940553 0.6394968668619792 0.08563178181648254 0.10787155363294813
7 0.5346170425415039 0.6664637247721354 0.04276721179485321 0.037445121341281466
1 0.3028054714202881 0.6891988118489584 0.02106383293867111 0.026392372449239095
1 0.3337583541870117 0.6552347395155165 0.0620195746421814 0.06443045404222277
1 0.343644905090332 0.6822135501437717 0.035601064562797546 0.036408853530883786
4 0.5357430458068848 0.6755694919162326 0.07971132397651673 0.04690581427680122
15 0.160156 0.678472 0.200000 0.062500
16 0.155469 0.532639 0.134375 0.243056
17 0.874219 0.612500 0.032813 0.225000
4 0.971484 0.672222 0.057031 0.044444
11 0.987109 0.672222 0.022656 0.033333