2 0.42153425216674806 0.6755323621961805 0.10844438076019287 0.049285544289482966
6 0.2146894931793213 0.6518076578776042 0.09351853132247925 0.06472554206848144
7 0.5343027114868164 0.6663155025906033 0.04520080685615539 0.038057343165079756
0 0.025320062041282655 0.6191148122151693 0.033065006136894226 0.14862097634209526
3 0.12848018407821654 0.6394439273410373 0.08591070771217346 0.10789851082695855
1 0.30265240669250487 0.6893119812011719 0.0210356280207634 0.026771717601352267
1 0.3435070991516113 0.6824774000379774 0.03554977476596832 0.03603914048936632
1 0.33408191204071047 0.6550935533311631 0.06140732765197754 0.06397839122348362
4 0.5357123374938965 0.6756480746799045 0.0803765058517456 0.048601410124037
15 0.160156 0.678472 0.200000 0.062500
16 0.155469 0.532639 0.134375 0.243056
17 0.874219 0.612500 0.032813 0.225000
4 0.971484 0.672222 0.057031 0.044444
11 0.987109 0.672222 0.022656 0.033333