2 0.42165274620056153 0.6755133310953776 0.1087026596069336 0.04864731894599067
6 0.21463959217071532 0.6518802218967014 0.0934959590435028 0.06478797594706218
0 0.02539539635181427 0.6188980950249566 0.03283617198467255 0.1489629003736708
7 0.5348871231079102 0.6668558756510417 0.04489077627658844 0.03810112211439345
3 0.1285398483276367 0.6395648532443576 0.08568286895751953 0.10778273476494683
1 0.30278036594390867 0.6893383449978299 0.020896154642105102 0.026759507921006946
1 0.3339966297149658 0.6550551520453559 0.061433297395706174 0.06371124585469563
1 0.34356739521026614 0.6823699527316623 0.03540247678756714 0.035804870393541126
4 0.5360278606414794 0.6757498423258463 0.07984721660614014 0.049635881847805444
15 0.160156 0.678472 0.200000 0.062500
16 0.155469 0.532639 0.134375 0.243056
17 0.874219 0.612500 0.032813 0.225000
4 0.971484 0.672222 0.057031 0.044444
11 0.987109 0.672222 0.022656 0.033333