2 0.4215595245361328 0.6758667416042752 0.10896618366241455 0.048432705137464734
6 0.21442255973815919 0.6517599741617839 0.09383582472801208 0.0641551759507921
0 0.025388249754905702 0.6189745585123698 0.033312684297561644 0.14870636198255752
7 0.5340306282043457 0.6667096455891927 0.04284055531024933 0.03918761412302653
3 0.12842584848403932 0.6395801968044705 0.0859966218471527 0.10666371451483833
1 0.3024808168411255 0.689270740085178 0.02061268836259842 0.02663851579030355
1 0.343482232093811 0.6825427585177951 0.03580873012542725 0.03600377506679959
1 0.3339550971984863 0.6550432840983073 0.06129288673400879 0.06374621921115452
4 0.5363398551940918 0.6760088178846572 0.07970296144485474 0.05038550164964464
15 0.160156 0.678472 0.200000 0.062500
16 0.155469 0.532639 0.134375 0.243056
17 0.874219 0.612500 0.032813 0.225000
4 0.971484 0.672222 0.057031 0.044444
11 0.987109 0.672222 0.022656 0.033333