2 0.42075600624084475 0.6760769314236111 0.1088731050491333 0.049791447321573895
6 0.21441915035247802 0.6518135070800781 0.0940158486366272 0.06504262288411458
0 0.025346449017524718 0.618769285413954 0.03315310180187225 0.1488750245836046
3 0.12850737571716309 0.6396223704020182 0.08555710315704346 0.1074718263414171
1 0.3023946523666382 0.6890004475911459 0.020766258239746094 0.026892688539293077
7 0.5343600273132324 0.6669063991970486 0.04223122596740723 0.0378275818294949
1 0.3341629981994629 0.6551160176595052 0.061226379871368405 0.0651422659556071
1 0.3435868740081787 0.682418229844835 0.035841867327690125 0.03659781350029839
4 0.5358204364776611 0.6760925716824002 0.08022425174713135 0.04767922825283474
15 0.160156 0.678472 0.200000 0.062500
16 0.155469 0.532639 0.134375 0.243056
17 0.874219 0.612500 0.032813 0.225000
4 0.971484 0.672222 0.057031 0.044444
11 0.987109 0.672222 0.022656 0.033333