2 0.4207161426544189 0.6765040079752604 0.10851279497146607 0.04866003460354275
6 0.21444365978240967 0.6518396589491102 0.09418975710868835 0.06534337997436523
0 0.025257647037506104 0.6189552730984158 0.03329472541809082 0.14853316413031684
3 0.12857900857925414 0.6397426181369358 0.08591720461845398 0.10737421247694227
1 0.302449893951416 0.6890623728434245 0.02063954621553421 0.026531219482421875
1 0.3339627981185913 0.6552708943684896 0.06205046772956848 0.06572044160630967
7 0.5354392528533936 0.6673618740505642 0.04435195028781891 0.03686203426784939
1 0.3435898065567017 0.6824359469943576 0.03629524707794189 0.0367974148856269
4 0.536186933517456 0.6756295522054037 0.0815214455127716 0.04718903435601129
15 0.160156 0.678472 0.200000 0.062500
16 0.155469 0.532639 0.134375 0.243056
17 0.874219 0.612500 0.032813 0.225000
4 0.971484 0.672222 0.057031 0.044444
11 0.987109 0.672222 0.022656 0.033333