2 0.42124433517456056 0.6766799502902561 0.10864454507827759 0.04898203743828668
6 0.21447453498840333 0.6519701639811198 0.094381183385849 0.06546790334913466
0 0.025313925743103028 0.6188965267605252 0.03322813212871552 0.1484362072414822
3 0.12850083112716676 0.6398098415798611 0.08587897419929505 0.10775654051038953
1 0.3026572704315186 0.6893478817409939 0.02068341076374054 0.026559209823608397
1 0.3342287063598633 0.6552101559109158 0.06187201142311096 0.06501814524332682
7 0.5359174728393554 0.6681699964735243 0.04393830597400665 0.037399376763237846
1 0.3437939167022705 0.6824750264485677 0.035687580704689026 0.03647271262274848
4 0.5361613750457763 0.6762656741672092 0.08227432370185853 0.04898106786939833
15 0.160156 0.678472 0.200000 0.062500
16 0.155469 0.532639 0.134375 0.243056
17 0.874219 0.612500 0.032813 0.225000
4 0.971484 0.672222 0.057031 0.044444
11 0.987109 0.672222 0.022656 0.033333