2 0.4215817451477051 0.6764352162679036 0.10916247367858886 0.048531791898939344
6 0.21443417072296142 0.6519234975179037 0.09446383714675903 0.0654208501180013
0 0.025176820158958436 0.6187562730577257 0.03310626447200775 0.14896557066175672
3 0.12852572202682494 0.639715067545573 0.08593126535415649 0.10692857106526693
1 0.30256128311157227 0.6892334408230252 0.020838646590709685 0.026482415199279786
1 0.33414862155914304 0.6553235795762804 0.06172828078269958 0.065168121125963
1 0.34384851455688475 0.6823382907443576 0.035727286338806154 0.036424477895100914
7 0.5361896514892578 0.6678610483805338 0.04216464757919312 0.03797982003953722
4 0.5360629558563232 0.6761958652072483 0.08209615349769592 0.04904787805345323
15 0.160156 0.678472 0.200000 0.062500
16 0.155469 0.532639 0.134375 0.243056
17 0.874219 0.612500 0.032813 0.225000
4 0.971484 0.672222 0.057031 0.044444
11 0.987109 0.672222 0.022656 0.033333