2 0.42168607711791994 0.6766266292995877 0.1102726936340332 0.0482795344458686
6 0.21452047824859619 0.6519292619493272 0.09426625967025756 0.06572376357184516
0 0.025338301062583925 0.6190828535291883 0.03317764699459076 0.14797161950005425
3 0.12837777137756348 0.6398884667290582 0.08613064885139465 0.1074250751071506
1 0.30257227420806887 0.6892072041829427 0.02078944444656372 0.02661294937133789
1 0.3341792583465576 0.655217785305447 0.061834204196929934 0.06448851691351996
1 0.3438751220703125 0.6823988596598307 0.03568392992019653 0.036292441685994464
7 0.5354043006896972 0.6679954952663846 0.04071402549743652 0.03763720724317762
4 0.5354438781738281 0.6758422427707248 0.08268285989761352 0.04885400666130914
15 0.160156 0.678472 0.200000 0.062500
16 0.155469 0.532639 0.134375 0.243056
17 0.874219 0.612500 0.032813 0.225000
4 0.971484 0.672222 0.057031 0.044444
11 0.987109 0.672222 0.022656 0.033333