6 0.21733951568603516 0.6470330980088975 0.09473771452903748 0.06659619543287489
0 0.025286343693733216 0.6244872623019748 0.03125731348991394 0.14949336581759984
1 0.3230771541595459 0.6522312588161893 0.0631847083568573 0.06746882862514919
2 0.4222832202911377 0.6787405649820963 0.10789577960968018 0.04011288219028049
3 0.12847477197647095 0.6412404378255209 0.08756039142608643 0.10567637549506294
1 0.34477331638336184 0.6823309580485026 0.035039082169532776 0.036875594986809625
4 0.5344760894775391 0.6688684675428602 0.08998333215713501 0.051145913865831165
7 0.5369300842285156 0.6643390655517578 0.045811474323272705 0.04049888186984592
1 0.30279338359832764 0.6927074008517795 0.025343936681747437 0.02988360193040636
15 0.160156 0.678472 0.200000 0.062500
16 0.155469 0.532639 0.134375 0.243056
17 0.874219 0.612500 0.032813 0.225000
4 0.971484 0.672222 0.057031 0.044444
11 0.987109 0.672222 0.022656 0.033333