2 0.42177515029907225 0.6768230862087674 0.11069350242614746 0.04739513397216797
6 0.2146739959716797 0.6519764794243706 0.09485539197921752 0.06604510413275824
0 0.02553890347480774 0.6191385904947917 0.03343037366867065 0.14745203653971353
3 0.1284164309501648 0.6397864023844401 0.08624276518821716 0.10713281631469726
1 0.30267062187194826 0.6891523149278429 0.020655004680156706 0.026499064763387044
1 0.33436102867126466 0.6553006913926867 0.061747366189956666 0.06460151672363282
7 0.5355255603790283 0.6678739759657119 0.040746954083442685 0.037741382916768394
1 0.34402406215667725 0.6824029286702474 0.03576412796974182 0.03654828336503771
4 0.5347058773040771 0.6758291880289714 0.08219987154006958 0.04901776843600803
15 0.160156 0.678472 0.200000 0.062500
16 0.155469 0.532639 0.134375 0.243056
17 0.874219 0.612500 0.032813 0.225000
4 0.971484 0.672222 0.057031 0.044444
11 0.987109 0.672222 0.022656 0.033333