2 0.42145934104919436 0.6769182840983073 0.11012293100357055 0.04784007602267795
6 0.21469779014587403 0.651936764187283 0.0948063611984253 0.06614423327975803
0 0.025368627905845643 0.6193180508083768 0.033273518085479736 0.14715771145290799
3 0.1284414529800415 0.6399380154079861 0.08606897592544556 0.10739072163899739
1 0.30274648666381837 0.6891060299343533 0.020494794845581053 0.02644431326124403
1 0.3346075534820557 0.6553294711642795 0.06224372386932373 0.06421066919962565
1 0.3440521717071533 0.6825454288058811 0.03595835566520691 0.03643341064453125
7 0.5356832504272461 0.6684878879123264 0.04118112325668335 0.03768111334906684
4 0.53445463180542 0.6762463463677301 0.08081414699554443 0.04832376374138726
15 0.160156 0.678472 0.200000 0.062500
16 0.155469 0.532639 0.134375 0.243056
17 0.874219 0.612500 0.032813 0.225000
4 0.971484 0.672222 0.057031 0.044444
11 0.987109 0.672222 0.022656 0.033333