2 0.4214755058288574 0.6773813883463542 0.10964740514755249 0.047643025716145836
6 0.21446866989135743 0.6518666161431207 0.0949513077735901 0.0658243974049886
0 0.02534860074520111 0.6191463470458984 0.033197912573814395 0.1481282975938585
3 0.12856314182281495 0.6395940992567274 0.08628968000411988 0.10751767688327366
1 0.3033036708831787 0.6889347500271268 0.020654530823230745 0.026350071695115832
1 0.3350810527801514 0.6552518632676866 0.061819374561309814 0.06474518775939941
4 0.5350385189056397 0.6769093831380208 0.08265123367309571 0.04859407742818197
1 0.34410321712493896 0.6822948031955295 0.035807433724403384 0.03697643809848362
7 0.536017656326294 0.6693759494357638 0.04388818442821503 0.03721484608120389
15 0.160156 0.678472 0.200000 0.062500
16 0.155469 0.532639 0.134375 0.243056
17 0.874219 0.612500 0.032813 0.225000
4 0.971484 0.672222 0.057031 0.044444
11 0.987109 0.672222 0.022656 0.033333