2 0.42147388458251955 0.6775302463107639 0.10776138305664062 0.04663463168674045
6 0.21442220211029053 0.6518732706705729 0.0955009937286377 0.06685351795620388
0 0.025379249453544618 0.6191739400227865 0.03366318941116333 0.14795151816474067
3 0.1284624457359314 0.639756096733941 0.08640004396438598 0.10754239824083116
1 0.33570826053619385 0.6552794138590495 0.06184813976287842 0.06605491638183594
1 0.30323028564453125 0.6889680226643881 0.02064666002988815 0.026738164159986706
4 0.5354489803314209 0.6774003346761067 0.08091509938240052 0.048219421174791124
1 0.34416975975036623 0.6823327382405598 0.0360215961933136 0.037823152542114255
7 0.536459493637085 0.6701341840955947 0.041909193992614745 0.03769867155287001
15 0.160156 0.678472 0.200000 0.062500
16 0.155469 0.532639 0.134375 0.243056
17 0.874219 0.612500 0.032813 0.225000
4 0.971484 0.672222 0.057031 0.044444
11 0.987109 0.672222 0.022656 0.033333