2 0.42156829833984377 0.6777790917290581 0.10902824401855468 0.04575318230523003
6 0.21453330516815186 0.6519737243652344 0.09539880752563476 0.06732397609286839
0 0.025422114133834838 0.6191828833685981 0.033671247959136966 0.14834118949042427
3 0.1285972476005554 0.6398042043050131 0.0861844539642334 0.10786330964830186
1 0.33560938835144044 0.6553156958685981 0.062240469455719 0.06584671338399252
1 0.30308892726898196 0.6888977898491754 0.020529788732528687 0.026596458752950032
4 0.5353608131408691 0.6777398003472223 0.08126634359359741 0.04704811308119032
1 0.3442279100418091 0.6823374430338541 0.036117914319038394 0.037132292323642305
7 0.536152458190918 0.6704981909857856 0.04167787730693817 0.036898401048448354
15 0.160156 0.678472 0.200000 0.062500
16 0.155469 0.532639 0.134375 0.243056
17 0.874219 0.612500 0.032813 0.225000
4 0.971484 0.672222 0.057031 0.044444
11 0.987109 0.672222 0.022656 0.033333