2 0.42173614501953127 0.6778821309407552 0.11070008277893066 0.04487013816833496
6 0.21447315216064453 0.6519226498074002 0.09515789151191711 0.06684781710306803
0 0.02530156373977661 0.6190425025092231 0.03315553367137909 0.14908342361450194
3 0.12873923778533936 0.639872317843967 0.08646371960639954 0.10740367041693794
1 0.3351967573165894 0.6552882724338107 0.0629253327846527 0.06615226003858778
1 0.3032920598983765 0.6889359792073567 0.02033906877040863 0.026493061913384332
4 0.5354584693908692 0.6767769283718533 0.08069353103637696 0.04681563377380371
1 0.3442014217376709 0.6823080698649089 0.036083799600601194 0.03743120034535726
7 0.5356577873229981 0.6701432545979817 0.0421903669834137 0.036130950185987686
15 0.160156 0.678472 0.200000 0.062500
16 0.155469 0.532639 0.134375 0.243056
17 0.874219 0.612500 0.032813 0.225000
4 0.971484 0.672222 0.057031 0.044444
11 0.987109 0.672222 0.022656 0.033333