6 0.21442370414733886 0.651813252766927 0.09519797563552856 0.06669876840379503
2 0.4217225074768066 0.6779841952853732 0.11049977540969849 0.04466475380791558
0 0.025367754697799682 0.6189604017469618 0.033426278829574586 0.14890245861477322
3 0.12871100902557372 0.6395747714572483 0.08641306161880494 0.10705000559488932
1 0.33496596813201907 0.6551082187228733 0.06284968852996826 0.0656845728556315
1 0.3030266523361206 0.6889418284098308 0.02022998034954071 0.02628038724263509
4 0.5356373310089111 0.676681391398112 0.08054577708244323 0.04770581457349989
1 0.34427998065948484 0.6824518415662978 0.036166253685951236 0.03720132244957818
7 0.5359753608703614 0.6701164669460721 0.04106375575065613 0.03686004744635688
15 0.160156 0.678472 0.200000 0.062500
16 0.155469 0.532639 0.134375 0.243056
17 0.874219 0.612500 0.032813 0.225000
4 0.971484 0.672222 0.057031 0.044444
11 0.987109 0.672222 0.022656 0.033333