6 0.2145601272583008 0.6518691168891059 0.09486109614372254 0.06678136189778645
0 0.0253580778837204 0.6191122690836589 0.033323681354522704 0.14891957177056206
2 0.42196192741394045 0.6778639475504558 0.1106796383857727 0.04486660427517361
3 0.12867521047592162 0.6396418677435981 0.0863545298576355 0.10762358771430122
1 0.33480186462402345 0.655387454562717 0.06269902586936951 0.06595355139838324
1 0.30324878692626955 0.6892477671305338 0.02072014510631561 0.026458568043178983
4 0.5349572181701661 0.6764883253309462 0.08120763301849365 0.04769838121202257
7 0.535645580291748 0.6696337381998698 0.04074704349040985 0.03669625918070475
1 0.3442967891693115 0.6824713812934028 0.036321216821670534 0.038018170992533365
15 0.160156 0.678472 0.200000 0.062500
16 0.155469 0.532639 0.134375 0.243056
17 0.874219 0.612500 0.032813 0.225000
4 0.971484 0.672222 0.057031 0.044444
11 0.987109 0.672222 0.022656 0.033333