6 0.217622709274292 0.6474980672200521 0.09332160949707032 0.06677939097086588
0 0.025378379225730895 0.6252257876925998 0.03174108266830444 0.14786994722154406
1 0.32156193256378174 0.6523487514919705 0.06220341324806213 0.06985926628112793
2 0.42412657737731935 0.6777498881022136 0.10753453969955444 0.04315888616773817
7 0.5356750011444091 0.6672455681694879 0.045887801051139834 0.03637455039554172
3 0.1283652663230896 0.6415371365017362 0.08736526370048522 0.10589113235473632
1 0.34515368938446045 0.6822655147976345 0.034394845366477966 0.036904801262749566
4 0.5360990524291992 0.6746295505099826 0.08172548413276673 0.0501924991607666
1 0.30330510139465333 0.6926929897732205 0.02475557625293732 0.029775171809726293
15 0.160156 0.678472 0.200000 0.062500
16 0.155469 0.532639 0.134375 0.243056
17 0.874219 0.612500 0.032813 0.225000
4 0.971484 0.672222 0.057031 0.044444
11 0.987109 0.672222 0.022656 0.033333