6 0.2146747589111328 0.6517801920572917 0.09434726238250732 0.06632550557454427
2 0.4216362476348877 0.6775820414225261 0.10913232564926148 0.04377646446228027
0 0.025234532356262208 0.6193619198269315 0.033419907093048096 0.1481609238518609
3 0.12871605157852173 0.639567142062717 0.08597227334976196 0.10741426679823134
4 0.5348198413848877 0.6771284315321181 0.08219348788261413 0.046379873487684464
1 0.30279719829559326 0.6894235399034289 0.02079475224018097 0.02647947735256619
1 0.3344515323638916 0.6550868564181858 0.06320230960845948 0.0654437224070231
1 0.344028902053833 0.6822618272569444 0.03663675189018249 0.03691363599565294
7 0.533928632736206 0.6684229956732856 0.039352324604988095 0.03520762920379639
15 0.160156 0.678472 0.200000 0.062500
16 0.155469 0.532639 0.134375 0.243056
17 0.874219 0.612500 0.032813 0.225000
4 0.971484 0.672222 0.057031 0.044444
11 0.987109 0.672222 0.022656 0.033333