6 0.21468329429626465 0.6518007066514757 0.09440902471542359 0.06580550935533312
0 0.025239360332489014 0.6193698459201389 0.033250120282173154 0.14850000805324978
2 0.42171506881713866 0.6776224772135416 0.10968890190124511 0.04343061447143555
3 0.12853024005889893 0.6394962734646268 0.08616756796836852 0.10699153476291233
1 0.3345958709716797 0.6551877339680989 0.06314175724983215 0.06590652995639378
1 0.3026932716369629 0.6895337846544054 0.02108536660671234 0.02658340401119656
4 0.5353422164916992 0.6768248664008246 0.08180292844772338 0.046313969294230144
7 0.5343079090118408 0.6685265858968099 0.04077160656452179 0.035178057352701825
1 0.34409174919128416 0.6823330349392361 0.03619364500045776 0.03688427342308892
15 0.160156 0.678472 0.200000 0.062500
16 0.155469 0.532639 0.134375 0.243056
17 0.874219 0.612500 0.032813 0.225000
4 0.971484 0.672222 0.057031 0.044444
11 0.987109 0.672222 0.022656 0.033333