6 0.21445038318634033 0.651831309000651 0.09483176469802856 0.06676314142015245
2 0.42185029983520506 0.6773621877034505 0.11068553924560547 0.043167792426215275
0 0.025347524881362916 0.6192620595296224 0.03388038575649262 0.14694787131415474
3 0.12831186056137084 0.6395385318332248 0.08550727963447571 0.10732930501302083
4 0.5350632190704345 0.6762324015299479 0.08126136064529418 0.04628976715935601
1 0.33443264961242675 0.6551281823052301 0.06259394884109497 0.06671852535671657
1 0.34414637088775635 0.6824796040852864 0.03597539365291595 0.037803583674960665
7 0.5344911575317383 0.6679804907904731 0.04120089113712311 0.03506222036149767
1 0.3029240369796753 0.6904268052842882 0.021468602120876312 0.026543807983398438
15 0.160156 0.678472 0.200000 0.062500
16 0.155469 0.532639 0.134375 0.243056
17 0.874219 0.612500 0.032813 0.225000
4 0.971484 0.672222 0.057031 0.044444
11 0.987109 0.672222 0.022656 0.033333