6 0.21764895915985108 0.6475958082411024 0.09382510185241699 0.06702506807115342
0 0.02536216676235199 0.6252120123969184 0.03170579373836517 0.14781698650783962
1 0.32152910232543946 0.6524879879421658 0.06191145181655884 0.06958209143744574
2 0.42415413856506345 0.6776199340820312 0.10737740993499756 0.04377345244089762
7 0.5358939647674561 0.6670049455430772 0.045804080367088315 0.036259849866231285
3 0.12813386917114258 0.6416823916965061 0.0876592755317688 0.10593354966905381
1 0.34514095783233645 0.6823166741265191 0.03403559923171997 0.0367476224899292
4 0.5360918521881104 0.674401601155599 0.08155668973922729 0.050300714704725476
1 0.3032749891281128 0.6927076127794054 0.02476699501276016 0.030097815725538466
15 0.160156 0.678472 0.200000 0.062500
16 0.155469 0.532639 0.134375 0.243056
17 0.874219 0.612500 0.032813 0.225000
4 0.971484 0.672222 0.057031 0.044444
11 0.987109 0.672222 0.022656 0.033333