2 0.42168331146240234 0.6772037929958767 0.11035828590393067 0.04356462425655789
6 0.21457235813140868 0.6517756568060981 0.09464586973190307 0.06705288357204861
0 0.02527095079421997 0.6193924374050565 0.03374963998794556 0.1474781036376953
3 0.12822649478912354 0.6396373324924045 0.08536183834075928 0.10745795567830403
4 0.5353360652923584 0.6761351691351997 0.08107126951217651 0.04687526490953234
1 0.3342039346694946 0.6550623575846354 0.0626336693763733 0.06700355741712782
1 0.3442176342010498 0.6826177808973525 0.0356045663356781 0.037771058082580564
7 0.5344847679138184 0.6675109439425998 0.04105089604854584 0.0354690154393514
1 0.3030042886734009 0.6904299841986762 0.02135782688856125 0.026489231321546767
15 0.160156 0.678472 0.200000 0.062500
16 0.155469 0.532639 0.134375 0.243056
17 0.874219 0.612500 0.032813 0.225000
4 0.971484 0.672222 0.057031 0.044444
11 0.987109 0.672222 0.022656 0.033333