6 0.2145831346511841 0.6517787509494357 0.09460369348526002 0.06662031809488932
0 0.0252943217754364 0.6193226708306206 0.033706259727478025 0.14748016993204752
2 0.42167081832885744 0.6770019107394748 0.11047278642654419 0.04401844872368706
3 0.12834641933441163 0.6395863427056206 0.08515838384628296 0.10746368832058377
1 0.3343071937561035 0.6549733479817709 0.06256288290023804 0.06657536294725207
4 0.5358486652374268 0.676111560397678 0.08084309101104736 0.04650456110636393
7 0.534659481048584 0.6676957024468316 0.041427618265151976 0.035511072476704916
1 0.3441706895828247 0.6827748616536459 0.035515743494033816 0.037328791618347165
1 0.30294907093048096 0.6904314676920573 0.021275343000888826 0.02636175685458713
15 0.160156 0.678472 0.200000 0.062500
16 0.155469 0.532639 0.134375 0.243056
17 0.874219 0.612500 0.032813 0.225000
4 0.971484 0.672222 0.057031 0.044444
11 0.987109 0.672222 0.022656 0.033333