2 0.4214592456817627 0.676580089992947 0.1091040849685669 0.04588901731703016
0 0.0252457857131958 0.6195512983534072 0.03373861014842987 0.14641248914930555
6 0.2146299123764038 0.6517486148410373 0.09465036392211915 0.06667203373379177
3 0.128174090385437 0.6396466573079427 0.08585245609283447 0.10759367412990994
1 0.33463664054870607 0.6530293782552083 0.06473264694213868 0.06451260248819987
4 0.5352682113647461 0.6765442318386502 0.08122276067733765 0.0461873902214898
7 0.5345912933349609 0.6674829271104601 0.04157930612564087 0.03609890407986111
1 0.3441617965698242 0.6826600816514757 0.03535925149917603 0.03733951515621609
1 0.30288190841674806 0.6905894809299045 0.021394722163677216 0.026116598976982965
15 0.160156 0.678472 0.200000 0.062500
16 0.155469 0.532639 0.134375 0.243056
17 0.874219 0.612500 0.032813 0.225000
4 0.971484 0.672222 0.057031 0.044444
11 0.987109 0.672222 0.022656 0.033333