2 0.4214972972869873 0.6768826378716363 0.10783212184906006 0.04585407045152452
6 0.21453473567962647 0.651761711968316 0.09439038038253784 0.06644958919949001
0 0.025183257460594178 0.6193937089708116 0.03386118710041046 0.14651914172702366
3 0.1283283829689026 0.6395617167154948 0.08555197715759277 0.10738913218180339
1 0.3343289136886597 0.652946514553494 0.06374671459197997 0.06439425150553385
7 0.5349708557128906 0.6671679178873698 0.04156836271286011 0.03651734193166097
4 0.5359195709228516 0.6761510213216145 0.08039988279342651 0.04648093647427029
1 0.3440566062927246 0.6824579026963976 0.035563957691192624 0.03749480512407091
1 0.3028199911117554 0.6905211978488498 0.02115724831819534 0.02615875138176812
15 0.160156 0.678472 0.200000 0.062500
16 0.155469 0.532639 0.134375 0.243056
17 0.874219 0.612500 0.032813 0.225000
4 0.971484 0.672222 0.057031 0.044444
11 0.987109 0.672222 0.022656 0.033333