6 0.21457383632659913 0.6517804887559678 0.09386155605316163 0.06635656356811523
2 0.4215855121612549 0.6767390357123481 0.10814274549484253 0.045797766579522024
0 0.025270673632621764 0.6194482591417101 0.03375558257102966 0.14687343173556858
3 0.12836673259735107 0.6395703633626302 0.08583241701126099 0.10765384038289388
7 0.5351791858673096 0.6671788109673394 0.04093070030212402 0.036364809672037764
1 0.33358476161956785 0.6549286312527127 0.061937224864959714 0.06733631557888455
4 0.5362065315246582 0.6761194441053603 0.08109741806983947 0.04600074026319716
1 0.3440488338470459 0.6823243459065755 0.0354233980178833 0.03784594270918104
1 0.30289957523345945 0.6905721876356337 0.021515519917011262 0.0264176262749566
15 0.160156 0.678472 0.200000 0.062500
16 0.155469 0.532639 0.134375 0.243056
17 0.874219 0.612500 0.032813 0.225000
4 0.971484 0.672222 0.057031 0.044444
11 0.987109 0.672222 0.022656 0.033333