0 0.025781 0.619444 0.034375 0.152778
1 0.333203 0.652083 0.061719 0.073611
2 0.421875 0.677083 0.112500 0.043056
3 0.127344 0.638889 0.085938 0.111111
6 0.215234 0.649306 0.097656 0.062500
4 0.536328 0.677083 0.077344 0.051389
1 0.301953 0.691667 0.022656 0.025000
1 0.345313 0.681944 0.034375 0.044444
7 0.534375 0.668056 0.042188 0.036111
15 0.160156 0.678472 0.200000 0.062500
16 0.155469 0.532639 0.134375 0.243056
17 0.874219 0.612500 0.032813 0.225000
4 0.971484 0.672222 0.057031 0.044444
11 0.987109 0.672222 0.022656 0.033333