2 0.4211771011352539 0.6764116923014323 0.10823156833648681 0.04867374632093641
0 0.025203976035118102 0.6192993587917752 0.03383179306983948 0.14666626188490126
6 0.21463327407836913 0.651841057671441 0.09409006834030151 0.06522156927320692
3 0.12815119028091432 0.6394110785590278 0.08537309765815734 0.10729301240709092
7 0.535092544555664 0.6672334459092882 0.04256366193294525 0.03715191152360704
1 0.33454327583312987 0.6528678470187717 0.06171666979789734 0.06461789343092177
1 0.3439801692962646 0.6824027167426215 0.03524122834205627 0.03708414766523573
4 0.5361820220947265 0.6757132212320963 0.08074811697006226 0.04808083110385471
1 0.30330772399902345 0.6907847086588542 0.020932769775390624 0.025756390889485677
15 0.160156 0.678472 0.200000 0.062500
16 0.155469 0.532639 0.134375 0.243056
17 0.874219 0.612500 0.032813 0.225000
4 0.971484 0.672222 0.057031 0.044444
11 0.987109 0.672222 0.022656 0.033333