2 0.4212514400482178 0.6762473636203342 0.10873326063156127 0.04879504839579264
0 0.02519693672657013 0.619419436984592 0.033791810274124146 0.14662583669026694
6 0.21463172435760497 0.6518582661946615 0.09423068165779114 0.06509622997707791
7 0.5352362632751465 0.6669505649142795 0.04203869700431824 0.03733537726932102
3 0.12804828882217406 0.639384036593967 0.08588441610336303 0.10753744973076715
1 0.33481631278991697 0.652768071492513 0.06117896437644958 0.06453862190246581
1 0.3439493179321289 0.6825474633110894 0.03512313663959503 0.0367423137029012
1 0.3032849311828613 0.6907768249511719 0.020809900760650635 0.025682618882921008
4 0.5362563610076905 0.6755703820122613 0.08039480447769165 0.048358080122205944
15 0.160156 0.678472 0.200000 0.062500
16 0.155469 0.532639 0.134375 0.243056
17 0.874219 0.612500 0.032813 0.225000
4 0.971484 0.672222 0.057031 0.044444
11 0.987109 0.672222 0.022656 0.033333