2 0.4216914653778076 0.6762196011013455 0.1087510347366333 0.04882792896694607
0 0.025126752257347108 0.6192284054226346 0.03385672271251679 0.14649179246690539
6 0.21481540203094482 0.6518137613932292 0.09424461126327514 0.0651612122853597
7 0.5356698989868164 0.666616694132487 0.041628438234329226 0.037118487887912326
3 0.12854188680648804 0.6394618140326606 0.08510273098945617 0.10737444559733073
1 0.34389753341674806 0.6825470394558377 0.03481467366218567 0.03648497528500027
1 0.33470404148101807 0.652768071492513 0.06016413569450378 0.06461866696675618
1 0.30309746265411375 0.6906388600667318 0.021009403467178344 0.026276246706644694
4 0.5366768360137939 0.675247065226237 0.08117101192474366 0.048021618525187174
15 0.160156 0.678472 0.200000 0.062500
16 0.155469 0.532639 0.134375 0.243056
17 0.874219 0.612500 0.032813 0.225000
4 0.971484 0.672222 0.057031 0.044444
11 0.987109 0.672222 0.022656 0.033333