2 0.4216297149658203 0.6762373606363933 0.10874439477920532 0.048754745059543185
0 0.025020670890808106 0.6191902584499783 0.0334565281867981 0.14628799226548936
6 0.21487114429473878 0.6518118540445964 0.09417590498924255 0.06517185105217828
3 0.1283937931060791 0.6394663492838542 0.0857553482055664 0.10715076658460829
7 0.5356488704681397 0.6665677388509115 0.04127556085586548 0.03679227828979492
1 0.3438361883163452 0.6826015896267361 0.03517512083053589 0.0365758842892117
1 0.3027552604675293 0.6904939863416883 0.021064600348472594 0.026485427220662435
1 0.33470394611358645 0.6527214050292969 0.06040802597999573 0.06481240060594347
4 0.5365910053253173 0.6751946767171224 0.08121723532676697 0.04771139886644152
15 0.160156 0.678472 0.200000 0.062500
16 0.155469 0.532639 0.134375 0.243056
17 0.874219 0.612500 0.032813 0.225000
4 0.971484 0.672222 0.057031 0.044444
11 0.987109 0.672222 0.022656 0.033333