6 0.21743059158325195 0.647659895155165 0.09359275698661804 0.06665770742628309
0 0.025583040714263917 0.6252619001600478 0.03195691108703613 0.1472473250495063
1 0.32169785499572756 0.6524352603488498 0.06282347440719604 0.06963835822211371
2 0.4244237422943115 0.6776583777533637 0.10901949405670167 0.04266417821248372
7 0.5353293895721436 0.6656357659233941 0.04656755328178406 0.03823171986473931
3 0.12843842506408693 0.6416857401529948 0.08727648854255676 0.1055549833509657
1 0.3451117992401123 0.6821695115831163 0.03447046875953674 0.037246298789978025
4 0.53512601852417 0.6754583146837022 0.08555626273155212 0.053866010242038305
1 0.3032378673553467 0.6926826900906033 0.024640627205371857 0.02985103925069173
15 0.160156 0.678472 0.200000 0.062500
16 0.155469 0.532639 0.134375 0.243056
17 0.874219 0.612500 0.032813 0.225000
4 0.971484 0.672222 0.057031 0.044444
11 0.987109 0.672222 0.022656 0.033333