2 0.42144174575805665 0.6762787289089627 0.10856953859329224 0.04864007631937663
0 0.025039365887641905 0.6190286424424913 0.03340132832527161 0.1467187245686849
6 0.21479444503784179 0.651824951171875 0.09389820694923401 0.06434557702806261
3 0.12854100465774537 0.6394455379909939 0.08477582931518554 0.10668760935465495
7 0.5357346057891845 0.6668023427327474 0.04042343497276306 0.037680315971374514
1 0.34371650218963623 0.6825628916422526 0.0351709246635437 0.03662479983435737
1 0.3027249574661255 0.6901861826578776 0.020617203414440156 0.026494762632581922
1 0.33445119857788086 0.6550169626871745 0.06006471514701843 0.06633956167432997
4 0.5367364883422852 0.6756142934163412 0.08034771680831909 0.04882946014404297
15 0.160156 0.678472 0.200000 0.062500
16 0.155469 0.532639 0.134375 0.243056
17 0.874219 0.612500 0.032813 0.225000
4 0.971484 0.672222 0.057031 0.044444
11 0.987109 0.672222 0.022656 0.033333