2 0.4215660572052002 0.6761683993869357 0.10857481956481933 0.04898426797654894
6 0.2148461103439331 0.6518584357367622 0.09393243789672852 0.06477401521470812
0 0.02507389187812805 0.6188187069363065 0.03316379189491272 0.14748848809136283
3 0.12852869033813477 0.6394652896457248 0.0848485767841339 0.10676154030693902
7 0.5357645988464356 0.6667371961805556 0.040958788990974423 0.03776957458919949
1 0.3438956499099731 0.6828319973415798 0.03500156402587891 0.03697142071194119
1 0.334160304069519 0.655083974202474 0.060356491804122926 0.06722864574856229
4 0.5366658687591552 0.6755096859402127 0.08040704727172851 0.049227433734469944
1 0.30301313400268554 0.6906678093804254 0.020664452016353606 0.02628227604760064
15 0.160156 0.678472 0.200000 0.062500
16 0.155469 0.532639 0.134375 0.243056
17 0.874219 0.612500 0.032813 0.225000
4 0.971484 0.672222 0.057031 0.044444
11 0.987109 0.672222 0.022656 0.033333