2 0.42154502868652344 0.6762927585177951 0.10799911022186279 0.0484595881568061
0 0.025224778056144714 0.6190503438313802 0.03352184891700745 0.14725828170776367
6 0.21494510173797607 0.6518388960096572 0.09384986758232117 0.06498157183329265
7 0.5357312679290771 0.6662251366509332 0.04132524430751801 0.03736019929250081
3 0.1285902738571167 0.639655515882704 0.0848640501499176 0.10735247929890951
1 0.3438839912414551 0.6828280554877387 0.034812557697296145 0.03618110815684001
1 0.30295374393463137 0.6902977413601346 0.020853386819362642 0.025957202911376952
1 0.33439781665802004 0.6550290001763238 0.05992324352264404 0.06639104949103461
4 0.5367426395416259 0.6753695593939887 0.0805551290512085 0.04905021455552843
15 0.160156 0.678472 0.200000 0.062500
16 0.155469 0.532639 0.134375 0.243056
17 0.874219 0.612500 0.032813 0.225000
4 0.971484 0.672222 0.057031 0.044444
11 0.987109 0.672222 0.022656 0.033333