2 0.4216003894805908 0.6764217800564236 0.10906562805175782 0.04846718046400282
0 0.02517106235027313 0.6190504286024305 0.0336132824420929 0.14626166025797527
6 0.21498584747314453 0.6518107096354167 0.0937768816947937 0.06487802399529351
7 0.5355484485626221 0.6662568834092882 0.04232102632522583 0.03697510560353597
3 0.12837281227111816 0.6396376291910807 0.08542848825454712 0.10753716362847222
1 0.3441181182861328 0.6829995897081164 0.03455139994621277 0.03625096480051677
1 0.33437395095825195 0.6551695929633247 0.06025996208190918 0.06725538041856553
4 0.5364871501922608 0.6754387749565972 0.08076555132865906 0.04903747770521376
1 0.3032517910003662 0.6906467013888888 0.02090039998292923 0.02606370978885227
15 0.160156 0.678472 0.200000 0.062500
16 0.155469 0.532639 0.134375 0.243056
17 0.874219 0.612500 0.032813 0.225000
4 0.971484 0.672222 0.057031 0.044444
11 0.987109 0.672222 0.022656 0.033333