2 0.42133421897888185 0.676415040757921 0.1103361964225769 0.048436943689982095
0 0.02509453296661377 0.6192421383327908 0.0335421621799469 0.14627514945136177
6 0.2149683952331543 0.6518147786458334 0.09379882216453553 0.0648415141635471
7 0.5354475498199462 0.6665161980523003 0.04345304071903229 0.03615710470411512
3 0.12841155529022216 0.6395337422688802 0.08521744012832641 0.10760421752929687
1 0.3439631462097168 0.6830157809787326 0.03473813831806183 0.03604258961147732
4 0.5362562656402587 0.6756312052408854 0.08216179013252259 0.049033159679836694
1 0.3344973087310791 0.6549859788682726 0.060684770345687866 0.06785537931654188
1 0.3032285213470459 0.6905203925238715 0.020572417974472047 0.026349703470865887
15 0.160156 0.678472 0.200000 0.062500
16 0.155469 0.532639 0.134375 0.243056
17 0.874219 0.612500 0.032813 0.225000
4 0.971484 0.672222 0.057031 0.044444
11 0.987109 0.672222 0.022656 0.033333