2 0.4215951442718506 0.676196034749349 0.10981675386428832 0.04844720098707411
6 0.2155153274536133 0.6519212086995443 0.09291893839836121 0.06467457347446018
3 0.12888612747192382 0.6394786410861545 0.08484581112861633 0.10813638899061415
7 0.5353326797485352 0.6663945515950521 0.042843186855316163 0.036512766944037545
0 0.024918018281459807 0.6185906728108724 0.0327267199754715 0.1489940537346734
1 0.3382671356201172 0.6528436024983724 0.059431397914886476 0.06394093301561143
1 0.3032532691955566 0.6900942908393012 0.021385803818702698 0.0264493809805976
4 0.535972785949707 0.6755970848931206 0.08079972863197327 0.05005642043219672
1 0.3445121765136719 0.6824080997043186 0.035419777035713196 0.03605264557732476
15 0.160156 0.678472 0.200000 0.062500
16 0.155469 0.532639 0.134375 0.243056
17 0.874219 0.612500 0.032813 0.225000
4 0.971484 0.672222 0.057031 0.044444
11 0.987109 0.672222 0.022656 0.033333