6 0.21769373416900634 0.6473953670925564 0.09295420646667481 0.06666159100002712
0 0.025495883822441102 0.6254176669650607 0.03142946660518646 0.14777641296386718
1 0.32153682708740233 0.6523321787516276 0.06258556842803956 0.06945864889356825
2 0.4256460189819336 0.6786397298177084 0.11471284627914428 0.040444008509318036
7 0.5341804504394532 0.665984386867947 0.043202567100524905 0.037303450372484
3 0.1283758759498596 0.6416760762532552 0.08768256902694702 0.10613268746270074
1 0.3451552867889404 0.6822344038221572 0.03378009796142578 0.03676446543799506
1 0.30349154472351075 0.6926979488796658 0.024086475372314453 0.02987386385599772
4 0.5342960357666016 0.6729208204481337 0.08559557199478149 0.05198147031995985
15 0.160156 0.678472 0.200000 0.062500
16 0.155469 0.532639 0.134375 0.243056
17 0.874219 0.612500 0.032813 0.225000
4 0.971484 0.672222 0.057031 0.044444
11 0.987109 0.672222 0.022656 0.033333