6 0.21745004653930664 0.646856943766276 0.09455814361572265 0.06662139892578126
0 0.025242847204208375 0.6243190341525607 0.031210893392562868 0.14928565555148654
1 0.3229923486709595 0.6519336276584201 0.0639998197555542 0.06749786270989312
2 0.42237563133239747 0.6785494486490885 0.10810579061508178 0.040553246604071724
3 0.12851725816726683 0.6411223941379123 0.0880476176738739 0.10474923451741537
1 0.3448346614837646 0.6821571773952908 0.034407347440719604 0.036828666263156465
4 0.5346478462219239 0.6687955220540365 0.09045617580413819 0.05127993689643012
7 0.5369986534118653 0.6643829769558377 0.04594977498054505 0.04051275518205431
1 0.30296788215637205 0.6926310645209418 0.024822428822517395 0.030036452081468372
15 0.160156 0.678472 0.200000 0.062500
16 0.155469 0.532639 0.134375 0.243056
17 0.874219 0.612500 0.032813 0.225000
4 0.971484 0.672222 0.057031 0.044444
11 0.987109 0.672222 0.022656 0.033333