2 0.4220402717590332 0.6761583540174696 0.10949468612670898 0.04593422677781847
6 0.21633353233337402 0.6510435740152994 0.09311809539794921 0.06349685986836752
0 0.025223004817962646 0.6190069834391276 0.03263435959815979 0.1477275742424859
3 0.12829846143722534 0.639549297756619 0.08530833721160888 0.10777206420898437
7 0.5356447219848632 0.6664382086859809 0.04075951874256134 0.03634086714850532
4 0.5360572338104248 0.6754488203260633 0.08077512979507447 0.0474571598900689
1 0.34153988361358645 0.6527395884195963 0.05700397491455078 0.06419973903232151
1 0.3452789545059204 0.6828709072536893 0.03495371341705322 0.03583382500542535
1 0.30412123203277586 0.6929127163357205 0.02298671901226044 0.026487080256144206
15 0.160156 0.678472 0.200000 0.062500
16 0.155469 0.532639 0.134375 0.243056
17 0.874219 0.612500 0.032813 0.225000
4 0.971484 0.672222 0.057031 0.044444
11 0.987109 0.672222 0.022656 0.033333