2 0.42205085754394533 0.6761690351698134 0.10914442539215088 0.0459845330980089
6 0.21635518074035645 0.6510257297092014 0.0931088387966156 0.06326246791415745
0 0.0252045214176178 0.6189654456244574 0.03289470672607422 0.14802643458048503
3 0.1283321499824524 0.6396557278103299 0.08540936708450317 0.10736946529812283
7 0.5356543064117432 0.6665598551432291 0.04073202311992645 0.03591407405005561
4 0.5360615253448486 0.6755614810519748 0.08109859228134156 0.04732100698682997
1 0.34156749248504636 0.6527849833170573 0.05728237628936768 0.06423252953423395
1 0.34529306888580324 0.683194096883138 0.03516965806484222 0.03604061073727078
1 0.3041683673858643 0.6929863823784722 0.023241876065731047 0.026448618041144477
15 0.160156 0.678472 0.200000 0.062500
16 0.155469 0.532639 0.134375 0.243056
17 0.874219 0.612500 0.032813 0.225000
4 0.971484 0.672222 0.057031 0.044444
11 0.987109 0.672222 0.022656 0.033333