2 0.4221242904663086 0.6759822421603733 0.1104776382446289 0.04666530821058485
6 0.21610231399536134 0.6509579552544488 0.09317651987075806 0.06367830170525444
0 0.02531183362007141 0.6187892489963107 0.03290911316871643 0.14846998850504559
3 0.12839097976684571 0.6394783867730035 0.08527047634124756 0.10735678142971462
7 0.5355875968933106 0.6666556040445963 0.0416723757982254 0.03598380883534749
4 0.5359022617340088 0.6753454844156901 0.08157228827476501 0.047496832741631405
1 0.3410900831222534 0.6546126471625434 0.060927802324295045 0.0677044709523519
1 0.3452188730239868 0.6825713687472873 0.03520277738571167 0.03621533181932238
1 0.30398581027984617 0.6928333706325955 0.02324753850698471 0.026289900143941242
15 0.160156 0.678472 0.200000 0.062500
16 0.155469 0.532639 0.134375 0.243056
17 0.874219 0.612500 0.032813 0.225000
4 0.971484 0.672222 0.057031 0.044444
11 0.987109 0.672222 0.022656 0.033333