2 0.42199339866638186 0.6760409884982639 0.11010828018188476 0.04691108067830404
6 0.21611809730529785 0.6510252210828993 0.09244572520256042 0.06327552265591091
0 0.025311115384101867 0.6189839257134332 0.03307196497917175 0.1472156630622016
3 0.12851827144622802 0.6395413716634114 0.08490151762962342 0.1071583006117079
7 0.5353174686431885 0.6666079627143012 0.04212291836738587 0.0357035583919949
4 0.5358009338378906 0.675354724460178 0.08159249424934387 0.04746207661098904
1 0.34076974391937254 0.6530486212836372 0.0560879647731781 0.06410235828823513
1 0.3452801465988159 0.6824528164333767 0.03509041666984558 0.037189200189378525
1 0.3044649600982666 0.6929726070827908 0.02265215665102005 0.025723542107476127
15 0.160156 0.678472 0.200000 0.062500
16 0.155469 0.532639 0.134375 0.243056
17 0.874219 0.612500 0.032813 0.225000
4 0.971484 0.672222 0.057031 0.044444
11 0.987109 0.672222 0.022656 0.033333