0 0.025494900345802308 0.6251223670111762 0.03181472420692444 0.1465590794881185
6 0.21745355129241944 0.6476510789659288 0.0925243616104126 0.06603897942437066
1 0.32159857749938964 0.6523205227322049 0.06206241250038147 0.0692022376590305
2 0.4261030197143555 0.6791722191704644 0.11250479221343994 0.04124888049231635
7 0.5334580421447754 0.6652790917290582 0.04280697107315064 0.03755852646297879
3 0.12846840620040895 0.6416244082980685 0.08720213174819946 0.10536456637912327
1 0.3450813293457031 0.6823673248291016 0.033912286162376404 0.03648017777336968
1 0.30357420444488525 0.6926843007405599 0.024073776602745057 0.02944288518693712
4 0.5332207679748535 0.6707897186279297 0.08179060220718384 0.0498985661400689
15 0.160156 0.678472 0.200000 0.062500
16 0.155469 0.532639 0.134375 0.243056
17 0.874219 0.612500 0.032813 0.225000
4 0.971484 0.672222 0.057031 0.044444
11 0.987109 0.672222 0.022656 0.033333