2 0.42189483642578124 0.6771236843532986 0.11190518140792846 0.046677319208780925
6 0.21680636405944825 0.6511396196153428 0.09268019199371338 0.06420701874627008
0 0.025499600172042846 0.6188731723361545 0.03307417035102844 0.14967430962456596
3 0.1283674955368042 0.6395295884874131 0.0851060688495636 0.10814886093139649
7 0.5352787017822266 0.6668997870551215 0.042911797761917114 0.03599761856926812
4 0.535737419128418 0.6754055023193359 0.08179700374603271 0.048358784781561956
1 0.340375280380249 0.6526412540011935 0.056125175952911374 0.06467849943372939
1 0.3453313112258911 0.6827424367268881 0.035729202628135684 0.03671790228949653
1 0.30428526401519773 0.6930276234944661 0.02296082377433777 0.025739020771450467
15 0.160156 0.678472 0.200000 0.062500
16 0.155469 0.532639 0.134375 0.243056
17 0.874219 0.612500 0.032813 0.225000
4 0.971484 0.672222 0.057031 0.044444
11 0.987109 0.672222 0.022656 0.033333