2 0.4216360569000244 0.6774411943223742 0.11611751317977906 0.04817259046766493
6 0.2169621229171753 0.6510884179009332 0.09503995180130005 0.06794672542148167
3 0.12777533531188964 0.6397571139865451 0.08599286079406739 0.10825874540540907
0 0.025558927655220033 0.6194222768147787 0.032724642753601076 0.1464577356974284
7 0.5354671001434326 0.6666282229953342 0.042195412516593936 0.03674872186448839
1 0.3402294874191284 0.6526881323920356 0.05950457453727722 0.06305397351582845
4 0.5358682632446289 0.675548807779948 0.08146435618400574 0.04925145043267144
1 0.3453366279602051 0.682661607530382 0.03686400055885315 0.03831175698174371
1 0.30474510192871096 0.693052249484592 0.024845445156097413 0.02736543549431695
15 0.160156 0.678472 0.200000 0.062500
16 0.155469 0.532639 0.134375 0.243056
17 0.874219 0.612500 0.032813 0.225000
4 0.971484 0.672222 0.057031 0.044444
11 0.987109 0.672222 0.022656 0.033333