2 0.4201218605041504 0.6780465867784288 0.11910009384155273 0.04916510581970215
6 0.21704449653625488 0.6514893849690755 0.09593192338943482 0.0699287043677436
3 0.12758558988571167 0.6399111005995008 0.08637832403182984 0.10996091630723741
0 0.025633516907691955 0.6202520158555772 0.0325844019651413 0.14590106540256076
7 0.5354861736297607 0.6662245856391059 0.04235243499279022 0.03666206200917562
1 0.34107985496521 0.6529107835557726 0.06190710663795471 0.06236683527628581
4 0.5360416889190673 0.675177256266276 0.0825036644935608 0.04914039505852593
1 0.34512355327606203 0.6822499593098958 0.03750535249710083 0.0382352696524726
1 0.3031785249710083 0.692842525906033 0.02553219199180603 0.02823235458797879
15 0.160156 0.678472 0.200000 0.062500
16 0.155469 0.532639 0.134375 0.243056
17 0.874219 0.612500 0.032813 0.225000
4 0.971484 0.672222 0.057031 0.044444
11 0.987109 0.672222 0.022656 0.033333