2 0.416640567779541 0.6783438364664713 0.12632064819335936 0.05083412594265408
6 0.21710259914398194 0.6513898213704427 0.09288657903671264 0.06800155109829373
3 0.12802045345306395 0.6398274739583333 0.08555670976638793 0.10968173344930013
0 0.025547432899475097 0.6194569481743707 0.03241571485996246 0.14795079761081273
7 0.5353765487670898 0.6655841403537326 0.04142496585845947 0.037033330069647895
1 0.34232587814331056 0.6523491753472223 0.06083964705467224 0.06351077821519639
1 0.3449662208557129 0.6814587910970052 0.037127697467803956 0.041104012065463595
4 0.5358541488647461 0.674921883477105 0.08153709173202514 0.04948962529500325
1 0.304667592048645 0.6916779412163628 0.023646192252635957 0.02977465788523356
15 0.160156 0.678472 0.200000 0.062500
16 0.155469 0.532639 0.134375 0.243056
17 0.874219 0.612500 0.032813 0.225000
4 0.971484 0.672222 0.057031 0.044444
11 0.987109 0.672222 0.022656 0.033333