2 0.41641912460327146 0.6785193549262153 0.1262906312942505 0.050098816553751625
3 0.12807334661483766 0.6398782094319662 0.08531775474548339 0.10943094889322917
6 0.2173089027404785 0.6514378865559896 0.09195805191993714 0.06727021005418565
0 0.02556643486022949 0.619460932413737 0.03249610662460327 0.14829734166463215
7 0.5353923320770264 0.6656407674153646 0.04157611131668091 0.037284413973490395
1 0.34254119396209715 0.6522257486979167 0.06002355813980102 0.06329748895433214
1 0.34499359130859375 0.6809842003716363 0.03761966526508331 0.04097508324517144
4 0.5361592769622803 0.6749280717637803 0.08223336935043335 0.049240520265367294
1 0.30454609394073484 0.6916356828477648 0.02340283840894699 0.02955303986867269
15 0.160156 0.678472 0.200000 0.062500
16 0.155469 0.532639 0.134375 0.243056
17 0.874219 0.612500 0.032813 0.225000
4 0.971484 0.672222 0.057031 0.044444
11 0.987109 0.672222 0.022656 0.033333