2 0.4157209873199463 0.6784255557590061 0.12836189270019532 0.05134270456102159
3 0.12818998098373413 0.6399542490641276 0.08522064089775086 0.10926170349121093
6 0.21757009029388427 0.6514107174343533 0.09226102828979492 0.06746653450859917
0 0.02554798424243927 0.6192430708143446 0.0324737161397934 0.1474524603949653
7 0.5354044437408447 0.6656414879692926 0.04167771339416504 0.037362106641133624
1 0.3416301965713501 0.6522897084554037 0.05817847847938538 0.06350271966722276
1 0.3449530839920044 0.6805582682291667 0.037274372577667234 0.04261723624335395
4 0.5358282089233398 0.6747584872775607 0.08269848823547363 0.049588749143812394
1 0.3032355785369873 0.6928694407145183 0.025810497999191283 0.03020815849304199
15 0.160156 0.678472 0.200000 0.062500
16 0.155469 0.532639 0.134375 0.243056
17 0.874219 0.612500 0.032813 0.225000
4 0.971484 0.672222 0.057031 0.044444
11 0.987109 0.672222 0.022656 0.033333