0 0.02542550563812256 0.6253796047634549 0.03132091164588928 0.14737449222140842
2 0.42601819038391114 0.6795927259657119 0.11193758249282837 0.04113193617926703
6 0.2174994707107544 0.647584491305881 0.09274755716323853 0.06637170049879286
1 0.3217005252838135 0.652381345960829 0.06182999014854431 0.06852487987942166
7 0.5334899425506592 0.6648108164469401 0.043198078870773315 0.038525327046712236
3 0.1283984899520874 0.641616694132487 0.08773905038833618 0.10591159396701388
1 0.3451248645782471 0.6820334116617839 0.03397853970527649 0.03664783636728922
4 0.533061933517456 0.6696592966715494 0.07968454957008361 0.051362472110324436
1 0.30361189842224123 0.6926076253255208 0.02410077452659607 0.02913927502102322
15 0.160156 0.678472 0.200000 0.062500
16 0.155469 0.532639 0.134375 0.243056
17 0.874219 0.612500 0.032813 0.225000
4 0.971484 0.672222 0.057031 0.044444
11 0.987109 0.672222 0.022656 0.033333