0 0.025677907466888427 0.620681635538737 0.03275178670883179 0.14477461708916559
2 0.4153275012969971 0.6792828453911676 0.1260178804397583 0.04766819741990831
3 0.12846988439559937 0.6400592380099827 0.08495408296585083 0.1068765746222602
6 0.21609182357788087 0.651025899251302 0.09328107833862305 0.06717965867784288
7 0.5352961540222168 0.6654872894287109 0.04176245629787445 0.037244155671861436
1 0.3409721374511719 0.6524530198838976 0.05736436247825623 0.05995158619350857
4 0.5355085849761962 0.6749908871120877 0.08322275876998901 0.049699656168619794
1 0.3449853420257568 0.6821102566189237 0.035425660014152524 0.03985094759199354
1 0.30315256118774414 0.6932588789198134 0.025237607955932616 0.029345578617519803
15 0.160156 0.678472 0.200000 0.062500
16 0.155469 0.532639 0.134375 0.243056
17 0.874219 0.612500 0.032813 0.225000
4 0.971484 0.672222 0.057031 0.044444
11 0.987109 0.672222 0.022656 0.033333