6 0.21642003059387208 0.6521788703070747 0.0964156448841095 0.07546082072787814
2 0.4164748668670654 0.679319805569119 0.1261531352996826 0.0478546142578125
0 0.025105592608451844 0.6221844143337674 0.03263590037822724 0.1467630810207791
3 0.12780274152755738 0.6409107632107205 0.08809158802032471 0.11126503414577908
7 0.5352736473083496 0.6663177066379123 0.04165610671043396 0.03712418344285753
4 0.5355051040649415 0.675521002875434 0.08308923244476318 0.04941923353407118
1 0.34019901752471926 0.6515530904134115 0.06227114796638489 0.06069188117980957
1 0.34460294246673584 0.6836050669352214 0.037212911248207095 0.03816224733988444
1 0.30280983448028564 0.6908655802408854 0.02627708911895752 0.030211806297302246
15 0.160156 0.678472 0.200000 0.062500
16 0.155469 0.532639 0.134375 0.243056
17 0.874219 0.612500 0.032813 0.225000
4 0.971484 0.672222 0.057031 0.044444
11 0.987109 0.672222 0.022656 0.033333