2 0.4163970470428467 0.6794795989990234 0.1257995367050171 0.047433328628540036
6 0.21661410331726075 0.652106687757704 0.09596094489097595 0.07386978467305501
0 0.02541491687297821 0.6222058614095052 0.03250465393066406 0.1476627985636393
3 0.1280553460121155 0.6409266153971355 0.08818679451942443 0.11081342697143555
7 0.5346474170684814 0.6664666493733724 0.04366227388381958 0.0370361328125
1 0.33858823776245117 0.651295640733507 0.06331830620765685 0.06170397334628635
4 0.5345796585083008 0.6754659864637587 0.0836097002029419 0.049377160602145725
1 0.3445585250854492 0.6834119160970052 0.037677183747291565 0.0378838062286377
1 0.3021466493606567 0.690894529554579 0.026646438241004943 0.030328085687425402
15 0.160156 0.678472 0.200000 0.062500
16 0.155469 0.532639 0.134375 0.243056
17 0.874219 0.612500 0.032813 0.225000
4 0.971484 0.672222 0.057031 0.044444
11 0.987109 0.672222 0.022656 0.033333