0 0.026562 0.622917 0.031250 0.143056
1 0.338281 0.650694 0.065625 0.062500
2 0.415625 0.679167 0.125000 0.047222
3 0.129688 0.643056 0.087500 0.105556
6 0.217969 0.654167 0.092188 0.077778
4 0.533203 0.675000 0.082031 0.050000
1 0.301953 0.691667 0.025781 0.030556
1 0.344141 0.684722 0.035156 0.038889
7 0.533594 0.668056 0.048438 0.041667
15 0.160156 0.678472 0.200000 0.062500
16 0.155469 0.532639 0.134375 0.243056
17 0.874219 0.612500 0.032813 0.225000
4 0.971484 0.672222 0.057031 0.044444
11 0.987109 0.672222 0.022656 0.033333