2 0.4157754898071289 0.6794133928087023 0.1216394543647766 0.0457113160027398
0 0.02518787980079651 0.6230929056803386 0.03242973983287811 0.14814882278442382
6 0.21658473014831542 0.6524395412868924 0.09621282815933227 0.0757477495405409
3 0.12808902263641359 0.6415842692057292 0.08924535512924195 0.11174719068739149
7 0.5339449882507324 0.667512469821506 0.0490516722202301 0.037754978073967826
4 0.5334234714508057 0.6759995778401693 0.08357888460159302 0.04850289556715223
1 0.34460618495941164 0.682851070827908 0.038442349433898924 0.03927874300214979
1 0.33985309600830077 0.6520218319363065 0.06277183294296265 0.05878864394293891
1 0.303313684463501 0.6912410312228733 0.026223209500312806 0.030887794494628907
15 0.160156 0.678472 0.200000 0.062500
16 0.155469 0.532639 0.134375 0.243056
17 0.874219 0.612500 0.032813 0.225000
4 0.971484 0.672222 0.057031 0.044444
11 0.987109 0.672222 0.022656 0.033333