2 0.4165381908416748 0.6795758141411675 0.12284599542617798 0.04571703804863824
0 0.025208887457847596 0.6229111141628689 0.03245793282985687 0.14745026694403754
6 0.2165992021560669 0.6523315853542752 0.0960662841796875 0.07524649302164714
3 0.1280911922454834 0.6414407094319662 0.08909430503845214 0.11128771040174697
7 0.5345612525939941 0.6675741831461589 0.04704900085926056 0.03772709634568956
4 0.5333958625793457 0.6762232038709852 0.08209704160690308 0.048920265833536786
1 0.3447556734085083 0.6828343285454644 0.03836064338684082 0.03865635395050049
1 0.3401223659515381 0.6522309197319879 0.062375253438949584 0.058815924326578777
1 0.30374000072479246 0.6910584767659506 0.025616383552551268 0.03022269407908122
15 0.160156 0.678472 0.200000 0.062500
16 0.155469 0.532639 0.134375 0.243056
17 0.874219 0.612500 0.032813 0.225000
4 0.971484 0.672222 0.057031 0.044444
11 0.987109 0.672222 0.022656 0.033333