0 0.025414296984672548 0.6253314548068576 0.0316597580909729 0.1469678560892741
2 0.4259190082550049 0.6798568301730685 0.11670280694961548 0.0406569692823622
6 0.2175546407699585 0.6475626203748915 0.09294641613960267 0.06636258761088053
1 0.3217186450958252 0.6522642771402994 0.06255563497543334 0.068175384733412
7 0.5336986064910889 0.6652151743570963 0.0431746780872345 0.03681891494327121
3 0.12836657762527465 0.6416296217176649 0.08743584156036377 0.10562357372707791
1 0.3450560331344604 0.682055409749349 0.03434869647026062 0.035943479008144805
4 0.5330245494842529 0.6700987074110243 0.08934864401817322 0.051098929511176214
1 0.3035156726837158 0.6920092264811198 0.023008720576763154 0.027933838632371692
15 0.160156 0.678472 0.200000 0.062500
16 0.155469 0.532639 0.134375 0.243056
17 0.874219 0.612500 0.032813 0.225000
4 0.971484 0.672222 0.057031 0.044444
11 0.987109 0.672222 0.022656 0.033333