2 0.41612629890441893 0.6796454959445529 0.12306772470474243 0.045982917149861656
0 0.02522214949131012 0.6228250715467665 0.032795447111129764 0.1461783621046278
6 0.2168055295944214 0.6520119137234158 0.09547906517982482 0.07482929759555393
3 0.12816869020462035 0.6414398617214627 0.08815186619758605 0.11103212568495009
7 0.534390926361084 0.6665385352240668 0.05033577680587768 0.03785438537597656
4 0.5341697216033936 0.6754703945583768 0.08505446910858154 0.04874232610066732
1 0.3403615951538086 0.6518812391493055 0.06153740882873535 0.059049865934583876
1 0.34491350650787356 0.6821114010281033 0.03719102144241333 0.03988946543799506
1 0.30375683307647705 0.6910846286349827 0.025536501407623292 0.030371048715379503
15 0.160156 0.678472 0.200000 0.062500
16 0.155469 0.532639 0.134375 0.243056
17 0.874219 0.612500 0.032813 0.225000
4 0.971484 0.672222 0.057031 0.044444
11 0.987109 0.672222 0.022656 0.033333