2 0.4180612087249756 0.6794938405354818 0.1253279209136963 0.047585556242201066
0 0.02528708875179291 0.6233094957139756 0.03245783448219299 0.14666131337483723
6 0.21673870086669922 0.6518346150716146 0.09632402062416076 0.07448849678039551
3 0.12807438373565674 0.641415532430013 0.08832623958587646 0.11069768269856771
7 0.5343071937561035 0.6669735378689237 0.0460263192653656 0.03577756616804335
1 0.34156274795532227 0.6516955905490451 0.0621268093585968 0.05993582407633464
4 0.534339189529419 0.6755800035264757 0.08452515602111817 0.048813851674397786
1 0.3448662281036377 0.6807188245985243 0.03903972804546356 0.04160510434044732
1 0.3038487911224365 0.6910893334282769 0.02425554096698761 0.028760401407877605
15 0.160156 0.678472 0.200000 0.062500
16 0.155469 0.532639 0.134375 0.243056
17 0.874219 0.612500 0.032813 0.225000
4 0.971484 0.672222 0.057031 0.044444
11 0.987109 0.672222 0.022656 0.033333