0 0.02529013454914093 0.6228669484456381 0.032552284002304074 0.14642704857720268
6 0.2166822671890259 0.6517315334743924 0.0963759958744049 0.07486011717054579
2 0.4170046329498291 0.6795985751681858 0.12303825616836547 0.04742728339301215
3 0.127994167804718 0.6412467956542969 0.08864387273788452 0.1103889889187283
4 0.5351974964141846 0.676782735188802 0.08295361995697022 0.0469626161787245
1 0.3413135528564453 0.651674567328559 0.06230531334877014 0.060077794392903644
7 0.5341655731201171 0.668828625149197 0.04804033041000366 0.03288180033365885
1 0.3449691295623779 0.680784183078342 0.03809409737586975 0.04101728333367242
1 0.30411701202392577 0.6908129374186198 0.024477723240852355 0.028813396559821236
15 0.160156 0.678472 0.200000 0.062500
16 0.155469 0.532639 0.134375 0.243056
17 0.874219 0.612500 0.032813 0.225000
4 0.971484 0.672222 0.057031 0.044444
11 0.987109 0.672222 0.022656 0.033333