2 0.41551618576049804 0.6800614674886067 0.12201161384582519 0.047711123360527886
6 0.2164135217666626 0.6526123894585504 0.09860438704490662 0.08016695976257324
0 0.025232723355293273 0.6225215064154731 0.03270192146301269 0.14770115746392143
3 0.1278561234474182 0.6413502163357205 0.09094886779785157 0.11141141255696614
4 0.5354538440704346 0.6768733130560981 0.08347320556640625 0.04451098442077637
1 0.3412351608276367 0.6525821685791016 0.06467718482017518 0.06258790757921007
7 0.5350283622741699 0.6698901706271702 0.04770008325576782 0.0337741666369968
1 0.3448677062988281 0.6804284837510851 0.03797599375247955 0.041484215524461535
1 0.30445151329040526 0.6891672770182292 0.02321944534778595 0.028805735376146106
15 0.160156 0.678472 0.200000 0.062500
16 0.155469 0.532639 0.134375 0.243056
17 0.874219 0.612500 0.032813 0.225000
4 0.971484 0.672222 0.057031 0.044444
11 0.987109 0.672222 0.022656 0.033333