0 0.025237569212913515 0.6225097232394748 0.03253145813941956 0.1470339881049262
2 0.41643319129943845 0.6794300503200955 0.12377388477325439 0.048981597688463
6 0.21618714332580566 0.6528686099582248 0.09831427335739136 0.08125784132215712
3 0.12802106142044067 0.6415006001790364 0.0912325620651245 0.11132351557413737
1 0.3414539098739624 0.6528518252902561 0.06661150455474854 0.06280786726209853
4 0.5354971885681152 0.6756651560465495 0.08315612077713012 0.04558756086561415
1 0.3450164794921875 0.6802029079861112 0.03804342448711395 0.04002415074242486
1 0.30426855087280275 0.687794664171007 0.023286683857440947 0.02806555430094401
7 0.5366866588592529 0.669437747531467 0.04467102885246277 0.034092251459757486
15 0.160156 0.678472 0.200000 0.062500
16 0.155469 0.532639 0.134375 0.243056
17 0.874219 0.612500 0.032813 0.225000
4 0.971484 0.672222 0.057031 0.044444
11 0.987109 0.672222 0.022656 0.033333