0 0.025217589735984803 0.6228113810221354 0.03241399228572846 0.14859174092610677
6 0.2160050630569458 0.6529712253146701 0.09828803539276124 0.0820595105489095
2 0.41587352752685547 0.679550043741862 0.1224520444869995 0.04932795630560981
3 0.12822633981704712 0.6417340172661675 0.09055418968200683 0.11187299092610677
1 0.3414778709411621 0.652750990125868 0.06836115717887878 0.06323401663038465
1 0.34490280151367186 0.6802934434678819 0.03859966695308685 0.0404940234290229
4 0.535450029373169 0.6750965118408203 0.08283159732818604 0.04790896309746636
1 0.3043961048126221 0.6869369082980685 0.02350546568632126 0.028327568372090658
7 0.5369134902954101 0.6685390048556857 0.044971370697021486 0.0358112202750312
15 0.160156 0.678472 0.200000 0.062500
16 0.155469 0.532639 0.134375 0.243056
17 0.874219 0.612500 0.032813 0.225000
4 0.971484 0.672222 0.057031 0.044444
11 0.987109 0.672222 0.022656 0.033333