0 0.025209221243858337 0.6228631761338975 0.03250005543231964 0.148728699154324
2 0.41555228233337405 0.6798651801215277 0.12321157455444336 0.04885686768425836
6 0.21586086750030517 0.6529971228705512 0.0986289143562317 0.08194142447577582
3 0.128276526927948 0.6417309231228299 0.09079369902610779 0.11169344584147135
1 0.34117798805236815 0.6529395633273655 0.06793631315231323 0.0636171023050944
4 0.5343251705169678 0.6751572502983941 0.08367130160331726 0.04803156322903103
1 0.344930362701416 0.6800267537434895 0.03859831094741821 0.040359801716274686
7 0.5365054130554199 0.6681880527072482 0.04395010769367218 0.03557898733350966
1 0.3044306993484497 0.6867104000515408 0.023147179186344145 0.027937968571980793
15 0.160156 0.678472 0.200000 0.062500
16 0.155469 0.532639 0.134375 0.243056
17 0.874219 0.612500 0.032813 0.225000
4 0.971484 0.672222 0.057031 0.044444
11 0.987109 0.672222 0.022656 0.033333