2 0.41379399299621583 0.6792999691433377 0.1260995626449585 0.048199870851304796
0 0.02526557743549347 0.6225184122721354 0.03271128237247467 0.14829352696736653
6 0.21578679084777833 0.6530014885796441 0.09819782972335815 0.08206273714701334
3 0.12788511514663697 0.6416285196940105 0.09081602692604065 0.11106044981214735
4 0.5328181266784668 0.6747729831271702 0.08382259607315064 0.04851342837015788
1 0.341375470161438 0.6528530544704861 0.06647632122039795 0.0622630172305637
7 0.5362741947174072 0.6679369184705947 0.04439662098884582 0.03566437562306722
1 0.34495570659637453 0.6804727766248915 0.03764586448669434 0.03929397000206841
1 0.3044088840484619 0.6868263668484158 0.02303747981786728 0.028477483325534396
15 0.160156 0.678472 0.200000 0.062500
16 0.155469 0.532639 0.134375 0.243056
17 0.874219 0.612500 0.032813 0.225000
4 0.971484 0.672222 0.057031 0.044444
11 0.987109 0.672222 0.022656 0.033333