2 0.4142898082733154 0.6792281256781684 0.126272451877594 0.04828124576144748
0 0.025270763039588928 0.6224975162082248 0.032748943567276 0.14847723642985025
6 0.2157757043838501 0.6529912312825521 0.0983688473701477 0.0819356017642551
3 0.12795438766479492 0.6416517045762804 0.09055838584899903 0.11154185401068793
4 0.5331237316131592 0.6749633365207248 0.08295906186103821 0.048113748762342666
1 0.3410587549209595 0.6529823727077908 0.06697183847427368 0.06220209333631727
7 0.5363799095153808 0.6680335998535156 0.04374757409095764 0.03582901424831814
1 0.34498324394226076 0.6805174509684245 0.037459459900856015 0.03907042079501682
1 0.30446054935455324 0.6868837992350261 0.022946907579898833 0.02832176685333252
15 0.160156 0.678472 0.200000 0.062500
16 0.155469 0.532639 0.134375 0.243056
17 0.874219 0.612500 0.032813 0.225000
4 0.971484 0.672222 0.057031 0.044444
11 0.987109 0.672222 0.022656 0.033333