0 0.02542450726032257 0.6253637101915147 0.03140913844108582 0.14670272403293186
2 0.4260253429412842 0.6800340016682943 0.11709238290786743 0.03882842593722873
6 0.2176304817199707 0.6475321027967665 0.09289539456367493 0.06721343994140624
1 0.32124412059783936 0.6521564059787326 0.062122958898544314 0.06778064303927951
3 0.12851418256759645 0.641729227701823 0.08723137378692628 0.1056330574883355
4 0.5323910236358642 0.6688620249430338 0.09125800132751465 0.05040565066867404
1 0.3451253890991211 0.6816651662190755 0.034744644165039064 0.0356169409222073
7 0.5335795879364014 0.6640752156575521 0.041590136289596555 0.03720459673139784
1 0.3034546375274658 0.692570071750217 0.02416796237230301 0.02807471752166748
15 0.160156 0.678472 0.200000 0.062500
16 0.155469 0.532639 0.134375 0.243056
17 0.874219 0.612500 0.032813 0.225000
4 0.971484 0.672222 0.057031 0.044444
11 0.987109 0.672222 0.022656 0.033333