0 0.02541244626045227 0.6252819485134549 0.03170007169246673 0.14750769933064778
6 0.21766908168792726 0.6473676045735677 0.09333279728889465 0.06747157838609484
2 0.42656559944152833 0.6798495822482639 0.11734660863876342 0.039332543479071724
1 0.3213149309158325 0.6521027882893881 0.06252708435058593 0.06798218091328939
3 0.1286005735397339 0.641626697116428 0.08785468935966492 0.10590128368801541
4 0.532486867904663 0.6691891140407986 0.091988205909729 0.04942326015896267
1 0.34511713981628417 0.6814397176106771 0.03459147810935974 0.03563310835096571
7 0.5344924449920654 0.6653001149495442 0.042009150981903075 0.03619050714704725
1 0.3036492824554443 0.692570071750217 0.024157840013504028 0.028074513541327582
15 0.160156 0.678472 0.200000 0.062500
16 0.155469 0.532639 0.134375 0.243056
17 0.874219 0.612500 0.032813 0.225000
4 0.971484 0.672222 0.057031 0.044444
11 0.987109 0.672222 0.022656 0.033333