0 0.025442305207252502 0.6254803551567926 0.031539785861969 0.14750098122490776
6 0.21765491962432862 0.6473004235161676 0.09301548600196838 0.06751392682393392
2 0.4262486457824707 0.6802266438802084 0.11525382995605468 0.039847366015116376
1 0.3217048645019531 0.651912350124783 0.06270462274551392 0.06792723337809245
3 0.128564453125 0.6415871938069662 0.08731532692909241 0.10560825135972765
1 0.34514517784118653 0.6814501868353949 0.034449294209480286 0.0353998687532213
4 0.5329510688781738 0.6688150193956163 0.09110937118530274 0.04933203591240777
7 0.5355811595916748 0.6651666005452473 0.04274237453937531 0.03609340985616048
1 0.30356051921844485 0.6925898234049479 0.024224527180194855 0.02793640825483534
15 0.160156 0.678472 0.200000 0.062500
16 0.155469 0.532639 0.134375 0.243056
17 0.874219 0.612500 0.032813 0.225000
4 0.971484 0.672222 0.057031 0.044444
11 0.987109 0.672222 0.022656 0.033333