0 0.025422105193138124 0.6257008446587456 0.031772497296333316 0.1475653224521213
6 0.21779274940490723 0.6470357259114583 0.09229905009269715 0.06764697498745388
2 0.42646474838256837 0.6802947574191623 0.1169812560081482 0.039694174130757647
1 0.32164721488952636 0.6518328348795573 0.06264173984527588 0.0677171442243788
3 0.12864588499069213 0.6414639790852864 0.08761125802993774 0.10490218268500434
1 0.3451742649078369 0.6813780042860244 0.034659171104431154 0.03562557962205675
4 0.5333643913269043 0.6695267571343316 0.09292984008789062 0.05040687455071343
7 0.5361015796661377 0.6663996378580729 0.04360091388225555 0.03752053048875597
1 0.3034559488296509 0.6926951938205295 0.024619632959365846 0.02822857697804769
15 0.160156 0.678472 0.200000 0.062500
16 0.155469 0.532639 0.134375 0.243056
17 0.874219 0.612500 0.032813 0.225000
4 0.971484 0.672222 0.057031 0.044444
11 0.987109 0.672222 0.022656 0.033333