0 0.02538996934890747 0.6255095587836371 0.03169490694999695 0.14716658062405055
6 0.21766653060913085 0.647098880343967 0.09251802563667297 0.06783366203308105
2 0.42600212097167967 0.6803016662597656 0.11064639091491699 0.03977405760023329
1 0.3219685792922974 0.6517577701144748 0.06253650188446044 0.06741740438673231
3 0.12873209714889527 0.6414669884575738 0.08764137029647827 0.1052833980984158
1 0.3451138734817505 0.6808955722384983 0.03438195884227753 0.035119846132066514
4 0.5329382419586182 0.6688012864854601 0.09113895893096924 0.04897841347588433
1 0.3039094924926758 0.6919176737467448 0.022574619948863985 0.027131973372565375
7 0.5361665725708008 0.6656761169433594 0.043186724185943604 0.037227005428738066
15 0.160156 0.678472 0.200000 0.062500
16 0.155469 0.532639 0.134375 0.243056
17 0.874219 0.612500 0.032813 0.225000
4 0.971484 0.672222 0.057031 0.044444
11 0.987109 0.672222 0.022656 0.033333