0 0.025713849067687988 0.6255712721082899 0.031383362412452695 0.14859695434570314
6 0.21749041080474854 0.6471116383870442 0.09224042892456055 0.06826250818040636
2 0.4258687973022461 0.6809179941813152 0.11129753589630127 0.038918715053134496
1 0.3220381259918213 0.6521075778537326 0.06148872971534729 0.06745784017774793
3 0.1289094090461731 0.641310797797309 0.08815035223960876 0.10596186319986979
4 0.532805061340332 0.668571048312717 0.09089267849922181 0.049574057261149086
1 0.3451089859008789 0.6811505635579427 0.033863365650177 0.03521998193528917
7 0.5355393886566162 0.6650622473822699 0.04373338520526886 0.03737316661410862
1 0.3039466142654419 0.6919313642713759 0.022605858743190765 0.02728106180826823
15 0.160156 0.678472 0.200000 0.062500
16 0.155469 0.532639 0.134375 0.243056
17 0.874219 0.612500 0.032813 0.225000
4 0.971484 0.672222 0.057031 0.044444
11 0.987109 0.672222 0.022656 0.033333