0 0.0256461501121521 0.6254948933919271 0.031373333930969236 0.14825159708658855
6 0.2176077127456665 0.6471497005886502 0.09228826761245727 0.06792626380920411
2 0.42572555541992185 0.6805099063449436 0.11127181053161621 0.039667990472581655
1 0.3221022605895996 0.652169926961263 0.06158666610717774 0.06729164653354221
3 0.12874025106430054 0.6413352542453342 0.08821260929107666 0.10587390263875325
4 0.532465648651123 0.6684093899197049 0.0906994104385376 0.049376858605278864
1 0.34513072967529296 0.6811690860324435 0.03381936550140381 0.03545976744757758
7 0.5351618766784668 0.6649252573649088 0.04433868527412414 0.03701824347178141
1 0.3037630558013916 0.6926189846462674 0.024605077505111695 0.027715579668680827
15 0.160156 0.678472 0.200000 0.062500
16 0.155469 0.532639 0.134375 0.243056
17 0.874219 0.612500 0.032813 0.225000
4 0.971484 0.672222 0.057031 0.044444
11 0.987109 0.672222 0.022656 0.033333