0 0.025673720240592956 0.6254888322618273 0.03139332234859467 0.14780261781480578
6 0.21756312847137452 0.6473704444037544 0.09258738160133362 0.067922486199273
2 0.42638607025146485 0.6805830637613932 0.11588900089263916 0.03880027929941813
1 0.32174105644226075 0.6523571014404297 0.061116135120391844 0.06784399350484212
3 0.1286829948425293 0.6412362416585287 0.08835326433181763 0.10561049779256185
1 0.3451089859008789 0.6810652414957682 0.03358932733535767 0.03590820365481907
4 0.5333351135253906 0.6677442762586806 0.08899379372596741 0.050835466384887694
7 0.5348028182983399 0.6641424814860026 0.04432697296142578 0.03892419073316786
1 0.3038665771484375 0.6919383578830295 0.022699178755283357 0.027803002463446722
15 0.160156 0.678472 0.200000 0.062500
16 0.155469 0.532639 0.134375 0.243056
17 0.874219 0.612500 0.032813 0.225000
4 0.971484 0.672222 0.057031 0.044444
11 0.987109 0.672222 0.022656 0.033333