0 0.025805842876434327 0.6255457984076606 0.03181797862052917 0.14808085759480794
2 0.42627782821655275 0.6803103552924262 0.11441388130187988 0.03892474969228109
6 0.21773455142974854 0.6473937564425998 0.09256851077079772 0.06786643664042155
1 0.3214529752731323 0.6523559146457248 0.06062331199645996 0.06776124106513129
3 0.12876436710357667 0.6412426418728299 0.0882997214794159 0.10571598476833767
1 0.3451311826705933 0.6809931861029731 0.0335499107837677 0.036277773645189075
7 0.534827184677124 0.6638218773735894 0.0441946417093277 0.0396265082889133
4 0.53337721824646 0.6678314208984375 0.09022697806358337 0.051284811231825086
1 0.3037696838378906 0.6919523027208117 0.022997638583183287 0.02813354598151313
15 0.160156 0.678472 0.200000 0.062500
16 0.155469 0.532639 0.134375 0.243056
17 0.874219 0.612500 0.032813 0.225000
4 0.971484 0.672222 0.057031 0.044444
11 0.987109 0.672222 0.022656 0.033333