0 0.025641080737113953 0.6254425472683377 0.031442460417747495 0.14849479463365342
6 0.2175971031188965 0.6473112318250868 0.09263789057731628 0.06790252791510688
2 0.42624311447143554 0.6801625569661458 0.11245855093002319 0.03830483489566379
1 0.32167279720306396 0.6523745642768012 0.06111726760864258 0.06812021997239855
3 0.12863538265228272 0.6413779788547092 0.08844944238662719 0.10616898006863064
7 0.5342006206512451 0.6635997348361545 0.04435508251190186 0.03977380328708225
1 0.3451690196990967 0.6814810011121962 0.03375716209411621 0.036392768224080406
4 0.5331990242004394 0.6676069471571181 0.08933783173561097 0.051288636525472005
1 0.3035976648330688 0.6926454332139756 0.024670296907424928 0.028493221600850424
15 0.160156 0.678472 0.200000 0.062500
16 0.155469 0.532639 0.134375 0.243056
17 0.874219 0.612500 0.032813 0.225000
4 0.971484 0.672222 0.057031 0.044444
11 0.987109 0.672222 0.022656 0.033333