0 0.025575098395347596 0.6254041035970052 0.03179972767829895 0.1486517588297526
6 0.21752777099609374 0.6473827362060547 0.09315336346626282 0.06772726906670465
2 0.42656822204589845 0.6799520704481337 0.11148295402526856 0.03872884909311931
1 0.32199132442474365 0.6523000081380208 0.061741477251052855 0.0687050978342692
3 0.12862067222595214 0.6414337158203125 0.0880349338054657 0.10557398266262479
7 0.5339488506317138 0.6636117299397787 0.044792181253433226 0.040250137117173936
1 0.3451549768447876 0.681498294406467 0.03393252193927765 0.03642145527733697
4 0.5329482078552246 0.6678654140896267 0.08942896127700806 0.051908948686387804
1 0.303714394569397 0.6926244523790147 0.02378486692905426 0.02862057950761583
15 0.160156 0.678472 0.200000 0.062500
16 0.155469 0.532639 0.134375 0.243056
17 0.874219 0.612500 0.032813 0.225000
4 0.971484 0.672222 0.057031 0.044444
11 0.987109 0.672222 0.022656 0.033333