0 0.02545354962348938 0.6254851871066623 0.031176188588142396 0.14818734063042535
6 0.21737847328186036 0.6473499721950955 0.09293327331542969 0.06769064797295464
2 0.42631216049194337 0.6799799177381728 0.1106868863105774 0.03891387515597873
1 0.321852707862854 0.6523936377631293 0.06166145801544189 0.06805575688680013
7 0.5334347724914551 0.6638969845241971 0.044007301330566406 0.04032833841111925
3 0.1287503123283386 0.6414925045437283 0.08798134326934814 0.10563624699910482
1 0.3451805353164673 0.6815772586398654 0.03361914753913879 0.03614712026384142
4 0.5327104568481446 0.6682112799750434 0.08987501859664918 0.05284415351019965
1 0.30377533435821535 0.6919801076253255 0.022850504517555235 0.0281278928120931
15 0.160156 0.678472 0.200000 0.062500
16 0.155469 0.532639 0.134375 0.243056
17 0.874219 0.612500 0.032813 0.225000
4 0.971484 0.672222 0.057031 0.044444
11 0.987109 0.672222 0.022656 0.033333