0 0.025391 0.624306 0.030469 0.143056
1 0.322266 0.654167 0.063281 0.066667
2 0.426563 0.679167 0.109375 0.041667
3 0.126562 0.641667 0.090625 0.102778
6 0.217578 0.645833 0.091406 0.066667
4 0.533594 0.669444 0.087500 0.052778
1 0.303516 0.690278 0.022656 0.025000
1 0.345313 0.680556 0.034375 0.030556
7 0.533594 0.663889 0.046875 0.044444
15 0.160156 0.678472 0.200000 0.062500
16 0.155469 0.532639 0.134375 0.243056
17 0.874219 0.612500 0.032813 0.225000
4 0.971484 0.672222 0.057031 0.044444
11 0.987109 0.672222 0.022656 0.033333