0 0.026172 0.624306 0.028906 0.145833
1 0.322266 0.649306 0.067969 0.065278
2 0.424219 0.679167 0.109375 0.041667
3 0.125000 0.641667 0.090625 0.102778
6 0.217969 0.646528 0.089063 0.068056
4 0.533594 0.668056 0.087500 0.052778
1 0.304688 0.691667 0.021875 0.027778
1 0.343750 0.685417 0.031250 0.031944
7 0.535937 0.661806 0.043750 0.043056
15 0.160156 0.678472 0.200000 0.062500
16 0.155469 0.532639 0.134375 0.243056
17 0.874219 0.612500 0.032813 0.225000
4 0.971484 0.672222 0.057031 0.044444
11 0.987109 0.672222 0.022656 0.033333