6 0.21754145622253418 0.647566901312934 0.09309763312339783 0.06741648779975043
0 0.025631403923034667 0.624925062391493 0.031932595372200015 0.14698685540093315
2 0.42620224952697755 0.6791461520724826 0.1123593807220459 0.04006153212653266
1 0.3221777677536011 0.6527388254801433 0.06140974760055542 0.06822360886467828
7 0.5341851711273193 0.6651859283447266 0.04569821953773499 0.03937424023946126
3 0.12856746912002565 0.6414009941948785 0.08768153190612793 0.10516237682766384
1 0.34517457485198977 0.6819600423177083 0.03438390791416168 0.036306370629204644
4 0.5337348461151123 0.6694579654269748 0.08843594789505005 0.05174862013922797
1 0.30350322723388673 0.6926895565456814 0.02433938384056091 0.02969082196553548
15 0.160156 0.678472 0.200000 0.062500
16 0.155469 0.532639 0.134375 0.243056
17 0.874219 0.612500 0.032813 0.225000
4 0.971484 0.672222 0.057031 0.044444
11 0.987109 0.672222 0.022656 0.033333