6 0.2175577163696289 0.6475306616889106 0.09320836067199707 0.06753715938991971
0 0.02546645998954773 0.6248158772786458 0.031521177291870116 0.14684778849283855
2 0.42511425018310545 0.678891838921441 0.11021021604537964 0.041067075729370114
1 0.3219493627548218 0.652787102593316 0.061408472061157224 0.06925654941134983
7 0.534786319732666 0.6651903788248698 0.0449964165687561 0.03887630303700765
3 0.12871509790420532 0.6414455837673612 0.08755498528480529 0.10523882971869575
1 0.34517574310302734 0.682177480061849 0.03406559228897095 0.036885158220926924
4 0.5335000991821289 0.6699368794759114 0.08888605237007141 0.050842931535508895
1 0.30352375507354734 0.6927717844645183 0.024242317676544188 0.030333383878072103
15 0.160156 0.678472 0.200000 0.062500
16 0.155469 0.532639 0.134375 0.243056
17 0.874219 0.612500 0.032813 0.225000
4 0.971484 0.672222 0.057031 0.044444
11 0.987109 0.672222 0.022656 0.033333