0 0.0255319744348526 0.6276497311062283 0.030889087915420534 0.1554960144890679
6 0.2144857168197632 0.6547374725341797 0.09370726346969604 0.08776631355285644
1 0.34197425842285156 0.6817616356743706 0.03135883510112762 0.04169003168741862
1 0.309442400932312 0.6510448455810547 0.0707780361175537 0.08837804264492459
3 0.13054242134094238 0.6403564876980252 0.08946329951286316 0.11118716133965387
4 0.5367149353027344 0.6767615848117404 0.07473111748695374 0.03789759741889106
2 0.4201469898223877 0.6721728006998698 0.10891133546829224 0.04781984753078884
1 0.3032889127731323 0.6913293202718099 0.022406798601150513 0.03462655809190538
7 0.5363929271697998 0.6696239047580295 0.04562640488147736 0.0264577759636773
15 0.158594 0.683333 0.190625 0.050000
16 0.158984 0.531944 0.138281 0.225000
17 0.870703 0.611806 0.033594 0.220833
4 0.974219 0.669444 0.051562 0.061111
11 0.983984 0.666667 0.019531 0.038889