0 0.0254920095205307 0.6277483622233073 0.03083481788635254 0.15620802773369682
6 0.21357498168945313 0.6527214050292969 0.09709832668304444 0.08805422253078884
1 0.34195618629455565 0.681844965616862 0.03140308260917664 0.041479092174106176
1 0.30942840576171876 0.6510232713487413 0.07113801240921021 0.08802118831210666
2 0.42035322189331054 0.6719235314263238 0.10934855937957763 0.047561327616373696
3 0.13044387102127075 0.6401707119411892 0.08943741321563721 0.11130071216159397
4 0.536937952041626 0.6766662173800998 0.07549074292182922 0.03774879508548313
1 0.30327744483947755 0.6913155873616537 0.022560501098632814 0.03467400338914659
7 0.5365865230560303 0.6693404727511936 0.04657699465751648 0.02701285680135091
15 0.158594 0.683333 0.190625 0.050000
16 0.158984 0.531944 0.138281 0.225000
17 0.870703 0.611806 0.033594 0.220833
4 0.974219 0.669444 0.051562 0.061111
11 0.983984 0.666667 0.019531 0.038889