0 0.025480586290359496 0.6277570088704427 0.030710113048553467 0.15447058147854276
6 0.21414756774902344 0.6547390407986111 0.09457373023033142 0.087067535188463
1 0.34193289279937744 0.6819636874728733 0.03137149810791016 0.04153303305308024
1 0.309438419342041 0.6511052873399522 0.0707318902015686 0.08831212785508898
3 0.13040375709533691 0.6404024759928385 0.08955049514770508 0.11130394405788846
2 0.42017621994018556 0.6721223619249131 0.11068583726882934 0.04860273467169868
4 0.5363021850585937 0.6759599473741319 0.0769903302192688 0.04002706739637587
1 0.30324788093566896 0.691312493218316 0.022714519500732423 0.03466888268788656
7 0.5358653545379639 0.6681070115831164 0.04511862397193909 0.027167359987894695
15 0.158594 0.683333 0.190625 0.050000
16 0.158984 0.531944 0.138281 0.225000
17 0.870703 0.611806 0.033594 0.220833
4 0.974219 0.669444 0.051562 0.061111
11 0.983984 0.666667 0.019531 0.038889