0 0.02544105350971222 0.6278088887532552 0.030752038955688475 0.15511288113064237
6 0.21407947540283204 0.6547207302517362 0.09399725198745727 0.08700805240207249
1 0.3418967485427856 0.6820231543646919 0.03127964735031128 0.041377152336968315
1 0.3094367504119873 0.6510624355740018 0.07048449516296387 0.08770740297105577
2 0.42047710418701173 0.6719694349500868 0.11087219715118408 0.04849992328219944
3 0.13034809827804567 0.6403767903645833 0.08953258991241456 0.11151279873318143
4 0.5364526748657227 0.6753912183973524 0.0787508249282837 0.040325933032565646
1 0.30318870544433596 0.691316646999783 0.022728295624256135 0.03434822824266222
7 0.5361042499542237 0.6678880903455946 0.04671372473239899 0.028247724639044867
15 0.158594 0.683333 0.190625 0.050000
16 0.158984 0.531944 0.138281 0.225000
17 0.870703 0.611806 0.033594 0.220833
4 0.974219 0.669444 0.051562 0.061111
11 0.983984 0.666667 0.019531 0.038889