0 0.025311481952667237 0.627508799235026 0.031033965945243835 0.15627354515923395
6 0.2132274866104126 0.6527027553982205 0.09644124507904053 0.08885677655537923
1 0.3420912742614746 0.682484605577257 0.031348618865013125 0.041118960910373266
1 0.309537672996521 0.6515002780490451 0.0704732894897461 0.08784616258409288
3 0.13003959655761718 0.6404498206244574 0.08933427929878235 0.11134176254272461
2 0.4210072994232178 0.6721423255072699 0.1121057391166687 0.04977133538987902
4 0.5368185997009277 0.6750050862630208 0.08018157482147217 0.04158620039621989
1 0.30302407741546633 0.6912375132242838 0.022539077699184416 0.03420601685841878
7 0.5354971885681152 0.6659246656629775 0.04515283703804016 0.0286685758166843
15 0.158594 0.683333 0.190625 0.050000
16 0.158984 0.531944 0.138281 0.225000
17 0.870703 0.611806 0.033594 0.220833
4 0.974219 0.669444 0.051562 0.061111
11 0.983984 0.666667 0.019531 0.038889