0 0.025273522734642027 0.6274808671739366 0.03108440339565277 0.15620605680677627
6 0.2132734775543213 0.652677493625217 0.09631491899490356 0.08862639003329807
1 0.3420991897583008 0.682450188530816 0.03141711354255676 0.04109595616658528
1 0.30948891639709475 0.6513731638590495 0.07025280594825745 0.08778467708163791
2 0.4212162017822266 0.6720072428385416 0.1126784324645996 0.04953422546386719
3 0.12987146377563477 0.6404066721598307 0.08939656615257263 0.11050518883599175
4 0.5358675956726074 0.6748835245768229 0.08232450485229492 0.04202076329125298
1 0.30300397872924806 0.6912040286593967 0.022566229104995728 0.03418307039472792
7 0.5339951038360595 0.6643981509738498 0.04402742087841034 0.028417290581597223
15 0.158594 0.683333 0.190625 0.050000
16 0.158984 0.531944 0.138281 0.225000
17 0.870703 0.611806 0.033594 0.220833
4 0.974219 0.669444 0.051562 0.061111
11 0.983984 0.666667 0.019531 0.038889