6 0.21737997531890868 0.6477122836642795 0.09329259395599365 0.06740201314290364
0 0.025522026419639587 0.6248016357421875 0.03186726868152619 0.14793642891777886
2 0.42513437271118165 0.6792184193929036 0.10970797538757324 0.04073143005371094
1 0.32220675945281985 0.6528345319959853 0.061830276250839235 0.06880118581983778
7 0.535332727432251 0.6649620480007595 0.04481894373893738 0.03871567514207628
3 0.12851829528808595 0.6415520138210721 0.08792974948883056 0.10596566730075413
1 0.3451553821563721 0.6822846730550131 0.03455045819282532 0.03656651708814833
4 0.5338600158691407 0.670088873969184 0.08756939172744752 0.05038273599412706
1 0.30358319282531737 0.6927505917019314 0.024549415707588194 0.02987319098578559
15 0.160156 0.678472 0.200000 0.062500
16 0.155469 0.532639 0.134375 0.243056
17 0.874219 0.612500 0.032813 0.225000
4 0.971484 0.672222 0.057031 0.044444
11 0.987109 0.672222 0.022656 0.033333