0 0.02541661560535431 0.6276305728488498 0.030796247720718383 0.1546966552734375
6 0.21444430351257324 0.6547718048095703 0.09427804350852967 0.08750367694430881
1 0.3420154571533203 0.6826292249891494 0.0314579963684082 0.041123252444797094
1 0.30937705039978025 0.6518014695909288 0.06942594051361084 0.08682901594373915
2 0.42135305404663087 0.6737490759955512 0.10327011346817017 0.051963588926527235
3 0.13004841804504394 0.6405257754855685 0.08938225507736205 0.10960173077053494
4 0.5350991249084472 0.6744810740152994 0.08777506351470947 0.04371752209133572
1 0.3032191038131714 0.6912685818142361 0.02321711927652359 0.03415859010484484
7 0.5341508388519287 0.6608343336317274 0.04195876717567444 0.032255310482449
7 0.5313883304595948 0.6525058746337891 0.028432613611221312 0.03244645860460069
15 0.158594 0.683333 0.190625 0.050000
16 0.158984 0.531944 0.138281 0.225000
17 0.870703 0.611806 0.033594 0.220833
4 0.974219 0.669444 0.051562 0.061111
11 0.983984 0.666667 0.019531 0.038889