0 0.02548496127128601 0.6277189466688368 0.030778384208679198 0.15476502312554252
6 0.21407339572906495 0.6547562917073567 0.09451940059661865 0.08513137499491373
1 0.3420722007751465 0.6825109269883898 0.03165664076805115 0.04173020521799723
1 0.3093959093093872 0.6518550448947482 0.06934542059898377 0.08589506679111057
2 0.4216261386871338 0.673720465766059 0.1031801462173462 0.05188467237684462
3 0.13010907173156738 0.6405996534559462 0.089212965965271 0.10816493564181857
4 0.5356620788574219 0.6770556131998698 0.08060189485549926 0.04173544512854682
1 0.3034121036529541 0.6913770887586805 0.023198141157627104 0.033864159054226343
7 0.5263986587524414 0.644965574476454 0.026265230774879456 0.0369342565536499
15 0.158594 0.683333 0.190625 0.050000
16 0.158984 0.531944 0.138281 0.225000
17 0.870703 0.611806 0.033594 0.220833
4 0.974219 0.669444 0.051562 0.061111
11 0.983984 0.666667 0.019531 0.038889