0 0.025000 0.626389 0.031250 0.152778
6 0.214453 0.654861 0.092969 0.087500
1 0.341797 0.681944 0.032031 0.041667
4 0.535156 0.675000 0.078125 0.041667
1 0.308594 0.652083 0.067187 0.081944
2 0.420703 0.673611 0.107031 0.050000
3 0.129688 0.640278 0.089063 0.111111
1 0.303125 0.690278 0.023438 0.033333
7 0.503125 0.616667 0.050000 0.080556
15 0.158594 0.683333 0.190625 0.050000
16 0.158984 0.531944 0.138281 0.225000
17 0.870703 0.611806 0.033594 0.220833
4 0.974219 0.669444 0.051562 0.061111
11 0.983984 0.666667 0.019531 0.038889