0 0.025000 0.626389 0.031250 0.152778
6 0.214062 0.654861 0.092188 0.084722
1 0.341797 0.681944 0.032031 0.041667
4 0.534375 0.675000 0.078125 0.041667
2 0.420703 0.673611 0.107031 0.050000
1 0.308984 0.651389 0.066406 0.083333
3 0.129297 0.640278 0.088281 0.111111
1 0.303516 0.690278 0.024219 0.033333
7 0.488672 0.604861 0.061719 0.051389
15 0.158594 0.683333 0.190625 0.050000
16 0.158984 0.531944 0.138281 0.225000
17 0.870703 0.611806 0.033594 0.220833
4 0.974219 0.669444 0.051562 0.061111
11 0.983984 0.666667 0.019531 0.038889