0 0.025000 0.626389 0.031250 0.152778
6 0.214062 0.654861 0.093750 0.087500
1 0.342187 0.681250 0.032813 0.043056
4 0.535156 0.675694 0.075000 0.040278
3 0.129688 0.639583 0.089063 0.112500
1 0.308984 0.655556 0.067969 0.075000
2 0.420703 0.673611 0.105469 0.052778
1 0.303125 0.689583 0.023438 0.034722
7 0.454688 0.606250 0.059375 0.068056
15 0.158594 0.683333 0.190625 0.050000
16 0.158984 0.531944 0.138281 0.225000
17 0.870703 0.611806 0.033594 0.220833
4 0.974219 0.669444 0.051562 0.061111
11 0.983984 0.666667 0.019531 0.038889