0 0.025310683250427245 0.6271762424045139 0.030958303809165956 0.15284922917683919
6 0.213946533203125 0.656119876437717 0.09284030199050904 0.0865386274125841
4 0.5358870506286622 0.6788745456271701 0.07792144417762756 0.04201986524793837
1 0.3420830249786377 0.6822405497233073 0.03393997251987457 0.04027283456590441
1 0.3096374273300171 0.6587439219156901 0.07086506485939026 0.07296689351399739
3 0.12983789443969726 0.6404312981499566 0.08930715322494506 0.1134116596645779
7 0.41939167976379393 0.6297987620035808 0.07717452049255372 0.05944485134548611
2 0.4206104278564453 0.6740090688069661 0.09989101886749267 0.052531660927666556
1 0.3039588689804077 0.6902640024820964 0.024879589676856995 0.034998361269632974
15 0.158594 0.683333 0.190625 0.050000
16 0.158984 0.531944 0.138281 0.225000
17 0.870703 0.611806 0.033594 0.220833
4 0.974219 0.669444 0.051562 0.061111
11 0.983984 0.666667 0.019531 0.038889