6 0.21410670280456542 0.6557578616672092 0.09420371651649476 0.0880300415886773
0 0.02544470429420471 0.6274124993218316 0.030911481380462645 0.1537370999654134
2 0.4217817306518555 0.6747399648030599 0.11132515668869018 0.055806239446004234
3 0.12964949607849122 0.6407776302761502 0.08932980298995971 0.1132672627766927
4 0.5364013671875 0.6785138871934678 0.07556122541427612 0.04296032587687174
1 0.343239426612854 0.6827199300130208 0.034859859943389894 0.04044263097974989
1 0.30937533378601073 0.6565462748209635 0.0670464038848877 0.07584306399027506
1 0.30383226871490476 0.6905090755886502 0.02368837743997574 0.03425764242808024
7 0.42521085739135744 0.6646496666802301 0.08905589580535889 0.039913121859232584
15 0.158594 0.683333 0.190625 0.050000
16 0.158984 0.531944 0.138281 0.225000
17 0.870703 0.611806 0.033594 0.220833
4 0.974219 0.669444 0.051562 0.061111
11 0.983984 0.666667 0.019531 0.038889