3 0.3046648740768433 0.6685224745008681 0.06628328561782837 0.05805853207906087
4 0.3015587568283081 0.6479543050130209 0.08126118779182434 0.08050676451789009
1 0.20047829151153565 0.6331027560763889 0.08469873070716857 0.09407902823554146
1 0.10864878892898559 0.6478620741102431 0.10008039474487304 0.09941324657864041
4 0.48559017181396485 0.6077383253309462 0.06830078363418579 0.11462694803873698
3 0.4311231136322021 0.6854416317409939 0.04793592691421509 0.03469643857744005
3 0.3782261610031128 0.682008319430881 0.054131495952606204 0.04384281105465359
3 0.5072049140930176 0.6802466074625652 0.06886087656021118 0.04853417608473036
7 0.6185398578643799 0.6750062730577256 0.06458945274353027 0.02746122678120931
4 0.6210795402526855 0.6384707556830512 0.04496146440505981 0.06075000233120388
0 0.017438793182373048 0.6280759599473741 0.02744131684303284 0.1472524748908149
7 0.462109 0.677778 0.135156 0.038889