3 0.3045978307723999 0.6685146755642362 0.06647103428840637 0.05807741483052572
4 0.3016810417175293 0.6479050530327691 0.08198415637016296 0.08033073213365342
1 0.20045187473297119 0.6328192392985026 0.0850719153881073 0.09389138751559788
1 0.10867099761962891 0.6477391137017144 0.10039294958114624 0.09897096421983508
3 0.4313047885894775 0.684464857313368 0.048658743500709534 0.03588171005249023
4 0.48299446105957033 0.6014068179660373 0.06687749028205872 0.11782911088731554
3 0.3782679080963135 0.681886249118381 0.05347776412963867 0.0437163511912028
3 0.5051173210144043 0.6800463782416449 0.06982174515724182 0.05046708318922255
4 0.6191023826599121 0.6408318413628472 0.0509130597114563 0.05886733796861437
7 0.6196349143981934 0.6751251220703125 0.0643495798110962 0.02768985695309109
0 0.01737177520990372 0.6285191006130643 0.028083062171936034 0.14687905841403537
7 0.462109 0.677778 0.135156 0.038889