3 0.304614520072937 0.6684698316786024 0.06628393530845642 0.057788652843899196
4 0.30164294242858886 0.6477103763156467 0.08203447461128235 0.08043239381578234
1 0.20042195320129394 0.6329203711615669 0.08496891260147095 0.09395793279012045
1 0.10860487222671508 0.6476713816324869 0.10065542459487915 0.0989754146999783
3 0.4313652038574219 0.6846923404269748 0.04833661913871765 0.03552075492011176
3 0.3783228874206543 0.6818338182237413 0.05393666625022888 0.04396144019232856
4 0.4816720962524414 0.6027262369791667 0.07030535340309144 0.11634090211656359
3 0.5051326274871826 0.6801478915744358 0.06937033534049988 0.05092024273342556
4 0.6195933818817139 0.6410278744167752 0.05087918639183044 0.058267609278361006
7 0.6193333625793457 0.6750818888346354 0.06386911869049072 0.027349432309468586
0 0.01719040423631668 0.6283806694878472 0.02822578251361847 0.146918519337972
7 0.462109 0.677778 0.135156 0.038889