3 0.30500266551971433 0.6685047149658203 0.06672120690345765 0.05800612767537435
4 0.30221316814422605 0.6479640536838107 0.0824357807636261 0.08058980305989584
3 0.43141608238220214 0.6841620975070529 0.04958263039588928 0.03626373873816596
1 0.20050404071807862 0.6329605526394314 0.08514100909233094 0.093721252017551
1 0.1086465835571289 0.6476587507459852 0.10026761293411254 0.09905038409762912
4 0.47940769195556643 0.6070924970838759 0.06777752041816712 0.10884080462985568
3 0.37817251682281494 0.6820708380805122 0.05409717559814453 0.04408147864871555
3 0.504164171218872 0.6792389763726129 0.07174791097640991 0.05113680097791884
4 0.6170249938964844 0.6428698221842448 0.053146517276763915 0.060506778293185765
7 0.619223690032959 0.6758992089165582 0.06082562208175659 0.027211271391974556
0 0.017625439167022704 0.6282787746853299 0.028128945827484132 0.14656346638997395
7 0.462109 0.677778 0.135156 0.038889