3 0.30504374504089354 0.6684764438205295 0.06675572395324707 0.05865215725368923
4 0.30189754962921145 0.6480108896891276 0.08098236322402955 0.08166916635301379
3 0.431562614440918 0.6826261308458116 0.04993414580821991 0.038286529646979435
1 0.10849738121032715 0.647802225748698 0.10005810260772705 0.09997901916503907
1 0.2004229784011841 0.6328405592176649 0.08417269587516785 0.09499573177761501
3 0.37855896949768064 0.6824627346462674 0.054090487957000735 0.043731321228875054
3 0.50536208152771 0.6804244571261936 0.06859519481658935 0.0490704271528456
7 0.6199316501617431 0.6773346794976128 0.05444498062133789 0.025443347295125325
4 0.47621679306030273 0.6016167958577474 0.06717059016227722 0.12132196426391602
4 0.6167361736297607 0.6414372338189019 0.05320514440536499 0.061239438586764866
0 0.017461837828159334 0.627871576944987 0.02783786952495575 0.1471723344590929
7 0.462109 0.677778 0.135156 0.038889