3 0.3050968170166016 0.6691456264919705 0.06638587713241577 0.05841686460706923
4 0.3019552230834961 0.6481638590494792 0.08063311576843261 0.08362731403774686
3 0.43279342651367186 0.6819335089789497 0.05215757489204407 0.03826300038231744
1 0.10832219123840332 0.6480293697781033 0.09939123392105102 0.10083497365315755
1 0.20035102367401122 0.6330916086832682 0.0838862955570221 0.09541902542114258
3 0.3788645029067993 0.6820727030436198 0.05247218012809753 0.04314505789015028
4 0.47929959297180175 0.6061387803819445 0.06852985620498657 0.10601488749186198
7 0.6205422878265381 0.6776668972439236 0.05454615950584411 0.02550401422712538
3 0.5049751281738282 0.6790329827202691 0.0676320731639862 0.05243086814880371
4 0.6165530681610107 0.6418936411539714 0.05364844799041748 0.05991179678175185
0 0.01771658509969711 0.6277256435818143 0.0274772584438324 0.1470507409837511
7 0.462109 0.677778 0.135156 0.038889