3 0.30547480583190917 0.6691774580213758 0.06411259770393371 0.058947584364149305
4 0.3014150857925415 0.6458202785915799 0.08122594356536865 0.08641006681654188
3 0.37804081439971926 0.6812406751844619 0.052601957321166994 0.04433570437961155
3 0.4329270839691162 0.6777540418836806 0.055032765865325926 0.045056915283203124
1 0.10783557891845703 0.6487443288167317 0.10213868618011475 0.09959056642320421
1 0.1999289870262146 0.6347660488552518 0.08419943451881409 0.09490075641208225
7 0.620931339263916 0.6781491173638238 0.05296001434326172 0.025075064765082464
3 0.5065602779388427 0.6794189876980252 0.06584265232086181 0.04879415300157335
4 0.48291845321655275 0.6162541707356771 0.06089189052581787 0.08944194581773546
4 0.6165573596954346 0.6421838972303603 0.05298026204109192 0.06050549083285862
0 0.01803816556930542 0.6263567182752822 0.026480311155319215 0.14698814815945097
7 0.462109 0.677778 0.135156 0.038889