4 0.3010519504547119 0.6461212582058377 0.08208972811698914 0.08379145728217231
3 0.30488827228546145 0.669917721218533 0.06455448269844055 0.057306565178765194
3 0.3785073280334473 0.6817412906222873 0.05279096364974976 0.044172628720601397
3 0.43222198486328123 0.679252200656467 0.054541170597076416 0.043062188890245226
1 0.20002999305725097 0.6344978756374783 0.08504355549812317 0.09357987509833442
1 0.10760016441345215 0.6487553914388021 0.10352327823638915 0.0977612919277615
7 0.6206035137176513 0.678025648328993 0.053123897314071654 0.02506128152211507
3 0.5069326877593994 0.6802823384602864 0.06479201316833497 0.047637255986531575
4 0.4842200756072998 0.6139649285210503 0.06201749444007874 0.0939835336473253
4 0.6147024631500244 0.639844004313151 0.04770558476448059 0.0634886105855306
0 0.018141725659370424 0.6260515848795573 0.02638843357563019 0.14730439715915256
7 0.462109 0.677778 0.135156 0.038889