4 0.3020182132720947 0.6463444179958767 0.08332356810569763 0.08032534917195638
3 0.37912180423736574 0.6813070933024089 0.05160070657730102 0.0455176035563151
1 0.19988142251968383 0.6344629499647353 0.08528133630752563 0.09259170956081814
3 0.43269853591918944 0.6781959533691406 0.054601621627807614 0.043784101804097496
3 0.3049593925476074 0.6701290554470486 0.06528431177139282 0.055786381827460395
1 0.10759882926940918 0.6484346177842882 0.10512429475784302 0.09665330251057942
7 0.6209194660186768 0.6783313751220703 0.05306593775749206 0.024643919203016493
3 0.5076496124267578 0.6804294586181641 0.06798338294029235 0.05132173962063259
4 0.6144165992736816 0.6414099375406901 0.05356913208961487 0.05998536215888129
0 0.01708691567182541 0.6254793802897135 0.026072221994400024 0.14723083708021376
4 0.48538990020751954 0.6189056820339627 0.0598788857460022 0.07958873112996419
7 0.462109 0.677778 0.135156 0.038889