4 0.30183136463165283 0.6475570254855686 0.084283447265625 0.07792051103379992
3 0.3797023057937622 0.6811297946506076 0.0511988639831543 0.04536777602301704
1 0.19985318183898926 0.6345955318874783 0.08586561679840088 0.09150469038221572
3 0.5076444149017334 0.6803022596571181 0.06674993634223939 0.05156380335489909
3 0.4319371223449707 0.6785360972086588 0.05453759431838989 0.04375162389543322
1 0.10789312124252319 0.647784169514974 0.10619255304336547 0.09616452323065863
7 0.6211079597473145 0.6783412509494358 0.05324032306671143 0.02494839032491048
3 0.30525941848754884 0.6710561116536459 0.06663684844970703 0.055282375547620985
4 0.6143021583557129 0.6417544470893012 0.05409720540046692 0.05985176828172472
0 0.01689645051956177 0.624852795071072 0.026246920228004456 0.14622920354207355
4 0.4888297557830811 0.6224009195963541 0.055033183097839354 0.07272628678215874
7 0.462109 0.677778 0.135156 0.038889