4 0.30139520168304446 0.6459137386745877 0.0870809257030487 0.08065591918097602
3 0.4326314449310303 0.6813244289822049 0.056985127925872806 0.043033766746521
3 0.38098466396331787 0.6820630391438802 0.04947035014629364 0.04611161020067003
3 0.505014705657959 0.6797758314344619 0.07366452217102051 0.04948041703965929
7 0.6218172073364258 0.6780945248074002 0.05175108313560486 0.02595175372229682
1 0.1075972557067871 0.6473023732503255 0.10409964323043823 0.09522326787312825
3 0.30509238243103026 0.6683193630642361 0.06979191303253174 0.05476116604275173
1 0.19960005283355714 0.6355835808648004 0.0855461299419403 0.08752269215053982
4 0.3998175859451294 0.5350588056776259 0.06448668241500854 0.05793897310892741
0 0.01677985191345215 0.6255661434597439 0.026648423075675963 0.14663820266723632
4 0.6146879673004151 0.6392195807562934 0.049468570947647096 0.06322805086771648
7 0.462109 0.677778 0.135156 0.038889