4 0.30283167362213137 0.6470663706461589 0.08797307014465332 0.08030977778964572
3 0.43288307189941405 0.6808130900065105 0.05717265009880066 0.04345852533976237
3 0.3804040431976318 0.681991704305013 0.05126607418060303 0.04725940492418077
1 0.10735143423080444 0.6473343319363064 0.1036865234375 0.09545834859212239
7 0.6218919277191162 0.6782264285617404 0.05160459280014038 0.025785292519463432
3 0.5048123359680176 0.679651853773329 0.07408452033996582 0.04927229351467556
1 0.1993832468986511 0.6387726253933377 0.07962369322776794 0.08525206247965494
3 0.30547542572021485 0.6688769022623698 0.07030527591705323 0.05407133102416992
0 0.016729846596717834 0.6253119574652778 0.02679921090602875 0.14641333685980903
4 0.3918916702270508 0.5348230150010851 0.06653643250465394 0.05580795605977376
4 0.6166340827941894 0.6421975453694662 0.05330263376235962 0.061104859246148
7 0.462109 0.677778 0.135156 0.038889