3 0.37888731956481936 0.6808280520968967 0.04992684423923492 0.0454350471496582
3 0.30525639057159426 0.6684642367892795 0.0681890606880188 0.058975866105821395
3 0.4329506874084473 0.6774720085991753 0.05757726430892944 0.04506120681762695
4 0.3438496351242065 0.5406498803032769 0.0689745306968689 0.06484255260891385
7 0.6198489189147949 0.678557629055447 0.05380239486694336 0.025482583045959472
4 0.3008037805557251 0.6452789730495877 0.08548684120178222 0.08176857100592719
4 0.6136367797851563 0.6406587812635633 0.05745711922645569 0.060938490761650935
1 0.10721590518951415 0.6484067281087239 0.10429881811141968 0.09673064549763997
3 0.5053009986877441 0.680082745022244 0.06860727667808533 0.04898884031507704
1 0.19874191284179688 0.6358757442898221 0.08120128512382507 0.09464172787136502
0 0.01678018569946289 0.6263256496853299 0.02713978588581085 0.14779864417182076
7 0.462109 0.677778 0.135156 0.038889