3 0.3792178392410278 0.6806374867757161 0.04991803765296936 0.04638234774271647
3 0.3055932283401489 0.6634559631347656 0.065305894613266 0.05634747611151801
3 0.43274683952331544 0.6778462727864584 0.05678197145462036 0.04525923199123806
1 0.19853241443634034 0.635892571343316 0.08390706777572632 0.08900863859388564
4 0.6131405353546142 0.6403152889675564 0.05794578194618225 0.05971710417005751
3 0.505583381652832 0.6796618143717448 0.07225878238677978 0.04950656890869141
7 0.6195914268493652 0.6785843319363064 0.05403579473495483 0.02614489926232232
4 0.2999891757965088 0.6404713948567708 0.08019047379493713 0.0787068525950114
1 0.10730146169662476 0.6469287872314453 0.1043439269065857 0.0963937759399414
0 0.0162555992603302 0.6260741763644748 0.028350549936294555 0.14836274252997506
4 0.32362391948699953 0.5377842373318142 0.062490159273147584 0.05975118213229709
7 0.462109 0.677778 0.135156 0.038889