3 0.30521540641784667 0.6628054300944011 0.06303209066390991 0.057434463500976564
3 0.3789658784866333 0.6802028232150608 0.05141776204109192 0.04488551351759169
3 0.4330474376678467 0.6775124867757162 0.05758708715438843 0.0448985152774387
4 0.6128229618072509 0.6405453152126737 0.05746961236000061 0.060741859012179905
3 0.5052147388458252 0.6798512352837457 0.07157783508300782 0.049796676635742186
1 0.19829027652740477 0.6357593112521701 0.08145036697387695 0.09310362074110243
1 0.1086967945098877 0.6469286600748698 0.10246783494949341 0.09690463807847764
7 0.6188383579254151 0.6785765753851997 0.05467515587806702 0.026091790199279784
4 0.299951434135437 0.6408843570285373 0.07779234647750854 0.08164121839735243
0 0.01712474524974823 0.627314207288954 0.030195769667625428 0.14890312618679472
4 0.30883777141571045 0.5419930775960287 0.06525797843933105 0.06392529805501303
7 0.462109 0.677778 0.135156 0.038889