3 0.30472512245178224 0.664948993259006 0.06334924101829528 0.05658260981241862
3 0.3789199352264404 0.6802434285481771 0.05159766674041748 0.044514873292711046
3 0.4330741882324219 0.6774196200900607 0.05761944055557251 0.045233832465277776
4 0.6127450466156006 0.640057627360026 0.05776582956314087 0.06139506234063043
3 0.5054191589355469 0.6799087948269315 0.0715357780456543 0.05008323987325033
4 0.30030620098114014 0.6430668301052518 0.07856775522232055 0.0820540428161621
1 0.1093859314918518 0.6462715996636285 0.10159144401550294 0.09526312086317275
7 0.6191154479980469 0.6785084618462457 0.055588430166244505 0.026040217611524794
1 0.1987358808517456 0.6345757378472222 0.08125457167625427 0.09192093743218316
4 0.30068130493164064 0.5397101508246528 0.0695582926273346 0.0684228261311849
0 0.017267808318138123 0.6273369259304471 0.030175498127937316 0.14903214772542317
7 0.462109 0.677778 0.135156 0.038889