3 0.3035836696624756 0.6678596072726779 0.06269793510437012 0.05891550911797418
4 0.24832816123962403 0.5221081203884549 0.0678887665271759 0.06290589968363444
3 0.4333474159240723 0.677028316921658 0.057143104076385495 0.04543796645270454
3 0.3791106939315796 0.6797857496473524 0.05157902240753174 0.044672028223673506
1 0.10734527111053467 0.6495377858479817 0.09669113159179688 0.09688185585869682
7 0.6205958843231201 0.6786799960666232 0.054831260442733766 0.025448769993252223
3 0.5058384895324707 0.6796017116970486 0.07089040279388428 0.04977106518215603
4 0.6128247261047364 0.641988033718533 0.05518019199371338 0.0649659792582194
1 0.20116686820983887 0.635218260023329 0.08215003609657287 0.09261300828721789
4 0.30008420944213865 0.6435266282823351 0.07968677282333374 0.08572919103834364
0 0.018286299705505372 0.6261643303765191 0.02708471119403839 0.1479236814710829