3 0.3036940336227417 0.667804463704427 0.0626993179321289 0.05908629629347059
4 0.24771788120269775 0.520653322007921 0.06498110294342041 0.06211640569898817
3 0.4333948135375977 0.6770258585611979 0.05719063282012939 0.04537404378255208
3 0.3791029930114746 0.6798271603054471 0.05164092183113098 0.04473978148566352
7 0.6201506614685058 0.678564707438151 0.05437684655189514 0.025026520093282063
3 0.5056982517242432 0.6797239939371745 0.07042747735977173 0.0498598575592041
4 0.6118444919586181 0.6438159942626953 0.0555382251739502 0.062326267030504014
1 0.10774741172790528 0.6495173984103733 0.09922320246696473 0.09492157830132378
1 0.2009958267211914 0.6344283633761936 0.08155907392501831 0.09296002917819553
4 0.30019948482513426 0.643593258327908 0.0798181414604187 0.08581080436706542
0 0.017231041193008424 0.6266847822401259 0.028031861782073973 0.1456644270155165