3 0.30360074043273927 0.6676400502522787 0.06290820837020875 0.05915243360731337
3 0.4333337783813477 0.6770073784722223 0.05696796178817749 0.0453096866607666
3 0.37907087802886963 0.6797841389973959 0.05112658143043518 0.044670454661051434
4 0.2448113441467285 0.5161117129855686 0.06553153991699219 0.05975545777214898
3 0.5056967258453369 0.6795415242513021 0.0724069356918335 0.0499344613817003
7 0.6191990375518799 0.6768661075168185 0.058418506383895875 0.025424459245469835
4 0.30020909309387206 0.643752924601237 0.07996050119400025 0.0850943989223904
1 0.19927257299423218 0.634148195054796 0.08191208839416504 0.09251711103651258
1 0.10920108556747436 0.6521234300401476 0.10686631202697754 0.08696750534905327
4 0.6145149230957031 0.6500155978732639 0.05150068402290344 0.047819328308105466
0 0.016457514464855195 0.6269146813286676 0.02637176215648651 0.14389930301242404