3 0.30344109535217284 0.6679142846001519 0.06319727897644042 0.05918411678738064
3 0.43317203521728515 0.6769065433078342 0.056195509433746335 0.04569716983371311
4 0.24239423274993896 0.5089248233371311 0.0667039692401886 0.06066949102613661
3 0.37893998622894287 0.6796605004204644 0.050966018438339235 0.044661982854207354
3 0.5055735111236572 0.680430179172092 0.07280255556106567 0.04993407991197374
1 0.10859395265579223 0.6524461110432943 0.10303355455398559 0.08484594027201335
4 0.30001034736633303 0.6445487552218967 0.08034176230430604 0.08538437419467503
1 0.19865951538085938 0.6331901126437717 0.0837619423866272 0.09231729507446289
7 0.6167078018188477 0.6773291693793403 0.058814835548400876 0.024797871377733018
4 0.6190499305725098 0.652215321858724 0.043951138854026794 0.04622303114997016
0 0.017046469449996948 0.6269131130642361 0.028725454211235048 0.14580458535088434