3 0.3034465789794922 0.6679951561821832 0.06311659812927246 0.05918055640326606
4 0.24165830612182618 0.5092539893256294 0.06746692657470703 0.06331268946329753
3 0.43314390182495116 0.6769545661078559 0.05642837882041931 0.045677804946899415
3 0.37880311012268064 0.679732428656684 0.05104234218597412 0.0448143376244439
3 0.5056390762329102 0.6803836822509766 0.07299437522888183 0.05004480679829915
1 0.10810096263885498 0.6518427107069228 0.10094879865646363 0.08695765601264106
4 0.3000718355178833 0.6446397145589192 0.08033772706985473 0.085559172100491
1 0.1986305832862854 0.6330187479654948 0.08434168100357056 0.09242888556586372
7 0.6167563915252685 0.6774508158365885 0.059687870740890506 0.02425194581349691
4 0.6188392162322998 0.6523797353108723 0.045959529280662534 0.04589923222859701
0 0.018435898423194885 0.6269127315945096 0.030263653397560118 0.14007687038845487