3 0.3034999847412109 0.6683734469943576 0.06329078078269959 0.05924904081556532
4 0.24097108840942383 0.5065046522352431 0.06839767098426819 0.06272947523328994
3 0.4332308769226074 0.6768856472439236 0.05632697343826294 0.04603066444396973
3 0.37891783714294436 0.6796827952067057 0.051197630167007444 0.044962104161580405
3 0.5054530620574951 0.6805432637532552 0.07206354141235352 0.050089025497436525
4 0.299988842010498 0.6448018391927083 0.08032091856002807 0.08569534619649251
1 0.1985084056854248 0.6332400427924262 0.08381759524345397 0.09403696060180664
7 0.6178389072418213 0.6774854871961805 0.05851837396621704 0.025106856558057996
1 0.10885132551193237 0.6508966657850478 0.1018100380897522 0.0919860945807563
4 0.6166611671447754 0.6520150926378038 0.047710999846458435 0.045578220155504015
0 0.018843188881874084 0.6271709865993924 0.030537039041519165 0.13834587732950845