3 0.3034329891204834 0.6681624094645182 0.06288219094276429 0.05892844729953342
3 0.4331631660461426 0.6769853803846572 0.0559804379940033 0.04592487547132704
4 0.24393632411956787 0.5059485541449653 0.06898775100708007 0.060872358745998806
3 0.37913153171539304 0.6796181148952908 0.05149616003036499 0.04465845425923665
3 0.505709171295166 0.6801718393961589 0.07327511310577392 0.05002707375420464
1 0.19833611249923705 0.6338570912679037 0.08046524524688721 0.09773099687364366
4 0.30022778511047366 0.6448249393039279 0.08024318218231201 0.08483530680338541
7 0.6187785148620606 0.67784177992079 0.05713472962379455 0.02570233345031738
1 0.10914535522460937 0.6509326510959201 0.10621200799942017 0.09211893081665039
0 0.016663947701454164 0.6261803944905598 0.030695050954818726 0.14183497958713107
4 0.6146489143371582 0.6433158450656467 0.04573571085929871 0.05688673125372993