3 0.3033704996109009 0.6683026631673177 0.06272447109222412 0.059091371960110134
3 0.43318986892700195 0.6771120283338758 0.0564217746257782 0.04592066870795356
4 0.24611995220184327 0.508316633436415 0.06906909942626953 0.06081339518229167
3 0.37908694744110105 0.6796651628282335 0.051713567972183225 0.044856463538275826
3 0.5059494495391845 0.6798785739474826 0.07346704006195068 0.050100951724582246
7 0.6192705631256104 0.6782881418863932 0.056052035093307494 0.0258163849512736
4 0.30019407272338866 0.6446421305338542 0.08005083799362182 0.08465165032280816
1 0.19896286725997925 0.6346435123019748 0.08066903352737427 0.09626981947157118
1 0.10796971321105957 0.651006105211046 0.10687036514282226 0.09173805448744032
0 0.017655865848064424 0.6256382412380642 0.029934132099151613 0.14719758563571506
4 0.6142847537994385 0.6406071980794271 0.049208566546440125 0.059617402818467884