3 0.30327730178833007 0.6680626339382596 0.062231016159057614 0.058806562423706056
4 0.2515743255615234 0.512365976969401 0.06854883432388306 0.06039705806308322
3 0.43331308364868165 0.6771536085340711 0.056484770774841306 0.045592239167955184
3 0.379000186920166 0.6796847025553385 0.05174961090087891 0.04446476830376519
3 0.5062724113464355 0.679248555501302 0.07215099334716797 0.05058749516805013
1 0.20002849102020265 0.6363544040256076 0.0815052330493927 0.09575561947292752
7 0.6190600872039795 0.6788305494520399 0.05582653284072876 0.02603296438852946
4 0.2997727632522583 0.6443942175971137 0.07953221201896668 0.0852531698015001
1 0.10785089731216431 0.6516622755262587 0.10599713325500489 0.08957033157348633
4 0.6127113342285156 0.6397639380560981 0.04606537818908692 0.06467517217000325
0 0.016743309795856476 0.6256580776638455 0.02869645357131958 0.1446215099758572