3 0.3039445400238037 0.6679980807834202 0.06113693118095398 0.059096908569335936
3 0.4333052158355713 0.6773989359537761 0.05656411647796631 0.045726007885403104
3 0.37908296585083007 0.6798436058892144 0.05124369263648987 0.04450559616088867
4 0.2623727560043335 0.5211091783311632 0.0661014199256897 0.065613677766588
1 0.2007765531539917 0.6367432488335504 0.08223031759262085 0.09460839165581597
3 0.5057825088500977 0.6787291632758247 0.07020740509033203 0.05043796963161892
4 0.30093538761138916 0.6449824439154731 0.07847224473953247 0.08591338263617622
7 0.6206063747406005 0.6789610544840495 0.05417532920837402 0.025857308175828722
1 0.10859807729721069 0.6507078806559244 0.10468591451644897 0.09261791441175672
4 0.6120705127716064 0.6421161227756076 0.050935018062591556 0.07017851405673557
0 0.01685825139284134 0.625117916531033 0.027952325344085694 0.14453643163045246