3 0.30424454212188723 0.6680037180582682 0.06112644672393799 0.05872253841824002
3 0.43329949378967286 0.6774413638644748 0.05643104910850525 0.045591550403171116
3 0.3790116310119629 0.6799557156032986 0.05113995671272278 0.04439533816443549
4 0.27438931465148925 0.5260863833957248 0.07091177105903626 0.062018934885660806
3 0.5058667659759521 0.6791277567545573 0.07046648263931274 0.050066630045572914
1 0.10887335538864136 0.6505348629421658 0.10475262403488159 0.09223169750637478
1 0.20013277530670165 0.6357154422336154 0.08237733840942382 0.09376197391086155
4 0.3018690347671509 0.6447861141628689 0.07809647917747498 0.08630956013997396
7 0.6207777976989746 0.6787596808539497 0.05402363538742065 0.025898594326443144
4 0.6120819568634033 0.6407998826768663 0.05055360794067383 0.07118441263834635
0 0.017291820049285887 0.6255719078911676 0.029052627086639405 0.14415764278835722