3 0.30400135517120364 0.6676439497205946 0.06286972165107726 0.05790367656283908
3 0.43321843147277833 0.677250968085395 0.05686362385749817 0.045708725187513566
3 0.37895889282226564 0.6800340440538194 0.05168191790580749 0.044433034790886776
4 0.6104756355285644 0.6411428663465711 0.05222503542900085 0.0692521095275879
4 0.3010234355926514 0.6465023888481988 0.0790347397327423 0.08569951587253147
3 0.5060568809509277 0.679423353407118 0.07020315527915955 0.050165155198838976
1 0.11044912338256836 0.6496847788492839 0.10718064308166504 0.09207398096720378
7 0.6214094638824463 0.6787957933213976 0.05320690274238586 0.025173081292046443
1 0.19898706674575806 0.6380764855278863 0.07406777739524842 0.08986857732137045
4 0.29326035976409914 0.5314513312445747 0.0622925341129303 0.055221340391370985
0 0.017161306738853455 0.6262045118543836 0.029253485798835754 0.1448568238152398