3 0.43314104080200194 0.6774483998616536 0.057273751497268675 0.04579699834187825
3 0.3786925792694092 0.6803587595621745 0.051833564043045045 0.0449364079369439
4 0.3007530689239502 0.6461677551269531 0.07778319716453552 0.08272962040371365
3 0.3049001216888428 0.6671268886990017 0.06293439865112305 0.056032625834147136
4 0.6115020751953125 0.6418065388997396 0.05153326988220215 0.06885237163967556
3 0.5054336071014405 0.6792558034261068 0.07026953101158143 0.04989624553256565
7 0.621242094039917 0.6789028591579861 0.05351472496986389 0.02511810991499159
1 0.11034560203552246 0.6496530320909288 0.107273268699646 0.09116364585028755
1 0.19924832582473756 0.6343194325764974 0.08137550950050354 0.0943844477335612
0 0.017519943416118622 0.6259032355414497 0.029383692145347595 0.14447838465372723
4 0.3042628526687622 0.5328004201253255 0.06104726791381836 0.06011422475179037