3 0.4331704616546631 0.6775266011555989 0.057206714153289796 0.04554972118801541
3 0.3787698268890381 0.6802357991536458 0.051782673597335814 0.04512876404656304
4 0.3009924411773682 0.6459636688232422 0.07671964764595032 0.07983566919962565
7 0.6213860988616944 0.6788357628716363 0.05378700494766235 0.025173377990722657
3 0.3047743082046509 0.6665170033772786 0.0627338171005249 0.05475556055704753
3 0.5056099891662598 0.6794586605495877 0.06997659802436829 0.04966008928087023
1 0.20012195110321046 0.6343009524875217 0.08142303228378296 0.09446818033854167
4 0.6117143154144287 0.6422630733913846 0.051312243938446044 0.06849223242865668
1 0.1097108244895935 0.6488510979546441 0.10731709003448486 0.09108688566419813
0 0.017330168187618254 0.62564574347602 0.029351237416267394 0.14392063352796766
4 0.3089065313339233 0.533877182006836 0.054159849882125854 0.05679110950893826