3 0.30596675872802737 0.6607834710015191 0.06485037803649903 0.061084010865953234
3 0.4332125663757324 0.6777139875623915 0.056830430030822755 0.045247787899441186
3 0.37908201217651366 0.6803352779812283 0.052573150396347045 0.04553443060980903
1 0.1992640733718872 0.6348816765679254 0.08017950654029846 0.09536912706163195
4 0.6126830101013183 0.6384926266140408 0.05295620560646057 0.07225592931111653
3 0.5057359218597413 0.6792644924587674 0.07145863771438599 0.049586942460801864
1 0.10980690717697143 0.6483167012532552 0.10639604330062866 0.09204937616984049
7 0.6202024459838867 0.6786938137478299 0.05417332053184509 0.02726438045501709
0 0.017216043174266817 0.6251709408230252 0.029635405540466307 0.1450699276394314
4 0.3420778512954712 0.540603510538737 0.06307185292243958 0.05188017421298557
4 0.30447998046875 0.6406443701850043 0.08102598190307617 0.09449804094102647