3 0.30564584732055666 0.6630784352620442 0.06624552011489868 0.06291088528103299
3 0.4331998825073242 0.6773170047336154 0.057552015781402587 0.045076603359646264
3 0.37896108627319336 0.6803502400716146 0.052151221036911014 0.044814316431681316
4 0.6116486072540284 0.6384127298990886 0.05261422991752625 0.07131701045566136
1 0.19927427768707276 0.6354839748806423 0.0813647985458374 0.09316575792100694
3 0.505577802658081 0.6793905046251085 0.07160773277282714 0.049797805150349934
1 0.10994075536727906 0.648504892985026 0.10688557624816894 0.09228461583455404
7 0.620479154586792 0.6781151241726345 0.054696738719940186 0.026653742790222167
4 0.34398493766784666 0.5419077979193794 0.06138745546340942 0.055223078197903105
0 0.01702159345149994 0.6252874586317274 0.028782343864440917 0.1448904143439399
4 0.3024024486541748 0.6424978892008464 0.08443495631217957 0.09464524586995443