3 0.43311419486999514 0.6771527608235677 0.05777433514595032 0.04562000698513455
3 0.3793365716934204 0.6802054087320963 0.05109305381774902 0.04440617561340332
4 0.6118269920349121 0.6362342410617404 0.052288419008255003 0.0750325944688585
3 0.5060091495513916 0.6796963161892361 0.07203609347343445 0.04989849196539985
1 0.1992233395576477 0.6366442362467448 0.08386145830154419 0.09189667171902127
3 0.30445146560668945 0.6668173472086588 0.06824367046356201 0.06425501505533854
1 0.10989315509796142 0.6485337151421441 0.10718861818313599 0.09254065619574653
7 0.6207554817199707 0.67861451043023 0.05452762246131897 0.026297582520378962
4 0.3452236890792847 0.5438880496554904 0.06350201368331909 0.05437825520833333
0 0.017230375111103056 0.6252011193169488 0.02939635217189789 0.14585422939724393
4 0.2986762285232544 0.6466464996337891 0.0862821877002716 0.08902573055691189