3 0.4331705093383789 0.6771840413411458 0.05755982398986816 0.045738002989027235
3 0.3036429643630981 0.671165508694119 0.06774389147758483 0.06100047429402669
3 0.3794229507446289 0.680023913913303 0.050829970836639406 0.04470665719774034
3 0.5065372467041016 0.6800918579101562 0.07025003433227539 0.050238778856065536
4 0.6082996368408203 0.6363521152072482 0.05059882402420044 0.07290590604146321
1 0.19875884056091309 0.6372581905788846 0.08548457026481629 0.09051937527126735
4 0.34365866184234617 0.5500425126817491 0.06389999389648438 0.057316695319281685
1 0.10983831882476806 0.6485459221733941 0.10830936431884766 0.09199140336778429
7 0.61798996925354 0.6801737467447917 0.05552593469619751 0.024561182657877604
0 0.01744460463523865 0.6253734164767795 0.029061350226402282 0.14670840369330512
4 0.29436774253845216 0.6461773342556424 0.08373027443885803 0.08654346995883518