3 0.3035297393798828 0.6709512074788412 0.06713413000106812 0.06077747874789768
3 0.43312997817993165 0.6771764119466146 0.05759066939353943 0.0457495477464464
3 0.37946515083312987 0.680098130967882 0.05033428072929382 0.04444218741522895
3 0.5064424991607666 0.6800613403320312 0.06996261477470397 0.050269492467244464
4 0.34194722175598147 0.5522357092963325 0.06405743360519409 0.058954747517903645
4 0.6079777717590332 0.6365862528483073 0.05039324760437012 0.07234972847832574
1 0.1986212134361267 0.637212626139323 0.08481242656707763 0.0919788572523329
1 0.10992026329040527 0.6485315110948351 0.10812091827392578 0.09244138929578993
7 0.6181375980377197 0.6803696950276693 0.054333120584487915 0.024187310536702474
0 0.017556698620319368 0.625645997789171 0.029088672995567322 0.1465636889139811
4 0.2935868501663208 0.6462085300021702 0.08285244703292846 0.08606952561272516