3 0.3030615091323853 0.670904795328776 0.06759076714515685 0.060757986704508465
4 0.33992433547973633 0.5541679382324218 0.06379404664039612 0.06162434154086643
3 0.4330896854400635 0.6771533542209202 0.05779715180397034 0.04565998713175456
3 0.3794910430908203 0.6800907982720269 0.050190824270248416 0.04454760021633572
3 0.5063053131103515 0.6797059800889756 0.07051970958709716 0.05033527480231391
4 0.6085054397583007 0.6387037065294053 0.05174335241317749 0.06951755947536892
1 0.19811367988586426 0.6370076497395833 0.0840844452381134 0.09198662439982096
1 0.10998063087463379 0.6482823689778646 0.10849982500076294 0.09252434836493598
7 0.6175892353057861 0.6802335527208117 0.05470352172851563 0.023976471689012315
0 0.017787966132164 0.6256385379367404 0.029440778493881225 0.1469064606560601
4 0.292985725402832 0.6464353773328994 0.0822587251663208 0.08653854793972439