3 0.3036279439926147 0.6689378102620442 0.06620839238166809 0.06027118364969889
4 0.3393460750579834 0.555872090657552 0.06455024480819702 0.061221769120958114
3 0.4330281734466553 0.6772769080268012 0.057223111391067505 0.045760186513264973
3 0.5061025619506836 0.6797670152452256 0.07189849019050598 0.050909498002794054
3 0.3797176361083984 0.6799487643771701 0.05073310136795044 0.045173554950290254
7 0.619912052154541 0.6789699978298611 0.052556473016738894 0.025303045908610027
4 0.6100183486938476 0.6409965091281467 0.05321322083473205 0.06571329434712728
1 0.10999230146408082 0.6484855228000217 0.10860449075698853 0.0921682251824273
1 0.19816302061080932 0.6365435282389323 0.08365888595581054 0.09226191838582357
0 0.017600426077842714 0.6255232069227431 0.02949042022228241 0.14603905147976345
4 0.2936492919921875 0.6456238640679254 0.08201727867126465 0.0860294712914361