3 0.3032810211181641 0.6708434634738498 0.06713002324104309 0.06111496819390191
3 0.5064683437347413 0.6798605177137587 0.07386807203292847 0.05180378490024143
3 0.43292808532714844 0.6773880852593316 0.057109510898590087 0.04584996965196397
3 0.37957594394683836 0.6802457597520616 0.05039021372795105 0.045319016774495444
4 0.3366810083389282 0.55850707160102 0.06570491194725037 0.05861577987670898
1 0.1984655737876892 0.6363260904947917 0.08347779512405396 0.09427756203545465
7 0.621321153640747 0.6780046251085069 0.055395156145095825 0.026018635431925455
1 0.10976262092590332 0.6488831837972006 0.10754631757736206 0.09217621485392252
0 0.017643125355243684 0.6257276746961805 0.029671460390090942 0.14588780932956272
4 0.6145527362823486 0.6392470041910807 0.048572194576263425 0.06332262357076009
4 0.2920360803604126 0.6452888912624783 0.08229668140411377 0.08719277381896973