3 0.3035880088806152 0.670259772406684 0.0667299747467041 0.061171176698472766
3 0.5065659999847412 0.6798888312445747 0.073992919921875 0.05200045373704698
3 0.4329813003540039 0.6773758358425565 0.057083898782730104 0.045755396948920356
3 0.37958273887634275 0.6802613152398004 0.05050767064094543 0.045067977905273435
4 0.3355597972869873 0.5600655873616537 0.06569921374320983 0.05846901469760471
1 0.19842419624328614 0.6363791147867839 0.08326036930084228 0.09414442910088433
7 0.6212027072906494 0.6779266781277127 0.0554601788520813 0.026256158616807725
1 0.10983350276947021 0.6485977172851562 0.10785952806472779 0.09216140111287435
0 0.017563553154468538 0.6256850772433811 0.029833653569221498 0.14605330361260307
4 0.6146748542785645 0.6393448723687066 0.05033435821533203 0.0621891975402832
4 0.2929068088531494 0.6452755398220487 0.08181916475296021 0.08701425658331977