3 0.30419397354125977 0.6701533847384983 0.06628054976463318 0.06055469512939453
3 0.5063213348388672 0.6799668629964193 0.07312301397323609 0.05167156325446235
3 0.4329367160797119 0.6772924211290148 0.05740709900856018 0.04540874693128798
3 0.3796135425567627 0.6802054511176215 0.05029149055480957 0.044969797134399414
4 0.3349348545074463 0.5614126841227214 0.06716221570968628 0.05647995207044813
7 0.6214810371398926 0.6779432508680555 0.05561167597770691 0.02598103947109646
1 0.19841554164886474 0.6365083058675131 0.0829007863998413 0.09344364802042643
1 0.10982681512832641 0.648920652601454 0.10769215822219849 0.09228293100992839
0 0.017409875988960266 0.6262642754448785 0.029356050491333007 0.14500400755140516
4 0.6147768497467041 0.6401771121554904 0.050039535760879515 0.06360845035976834
4 0.29330418109893797 0.6455878787570529 0.08159145712852478 0.08623455365498861