3 0.30428643226623536 0.6686590830485026 0.06513846516609192 0.05998175409105089
3 0.5062217235565185 0.6797215355767144 0.07367630004882812 0.051600313186645506
3 0.43284969329833983 0.6772572411431207 0.057477569580078124 0.04536295466952854
3 0.37966046333312986 0.680183834499783 0.05034523606300354 0.04516320758395725
7 0.6213159084320068 0.6780370924207899 0.05499652028083801 0.025883566008673774
4 0.33393349647521975 0.5622973971896701 0.06681085228919983 0.057096677356296116
1 0.1981546998023987 0.6360823313395182 0.08242529630661011 0.09418178134494358
1 0.10982927083969116 0.6489108191596137 0.10789556503295898 0.0923457039727105
0 0.01731078028678894 0.6262130313449435 0.02942705452442169 0.1452980359395345
4 0.6145457744598388 0.6397231631808811 0.04823936820030213 0.06458454661899143
4 0.2935493946075439 0.645050769382053 0.08114498853683472 0.08493198288811578