3 0.3040442705154419 0.6679653591579862 0.06502959132194519 0.058924357096354164
3 0.5061611652374267 0.679705556233724 0.0736483633518219 0.051752863989935984
3 0.3795609474182129 0.6803054809570312 0.05005763173103332 0.0448786629570855
3 0.43268756866455077 0.6772327423095703 0.05741970539093018 0.04537171257866753
7 0.6216760158538819 0.6782376183403863 0.0547336220741272 0.02566186587015788
1 0.19801629781723024 0.6362400478786893 0.08252569437026977 0.09405295054117839
4 0.33209500312805174 0.5636951446533203 0.06824362874031067 0.05436250368754069
1 0.10980346202850341 0.6493042839898003 0.10806292295455933 0.09227242999606662
0 0.017471519112586976 0.6261805216471354 0.02930983603000641 0.14470673667060005
4 0.6144824028015137 0.6406511518690321 0.053672808408737185 0.06286100281609429
4 0.29545557498931885 0.6452418433295356 0.08171001672744752 0.08512119717068142