3 0.3040559530258179 0.667731687757704 0.0651508629322052 0.05907171037462022
3 0.5060238361358642 0.6797825283474392 0.07310699820518493 0.05179311964246962
3 0.3795118570327759 0.6803397708468967 0.049978113174438475 0.04511344167921278
3 0.43270130157470704 0.6772913191053602 0.057589733600616456 0.04532973501417372
7 0.6219926834106445 0.6782158745659722 0.05503336191177368 0.025622696346706813
1 0.19819936752319336 0.636111323038737 0.08240021467208862 0.09417252010769314
1 0.10975568294525147 0.6492566426595052 0.10826836824417115 0.09233091142442491
4 0.330978536605835 0.564661153157552 0.06719248294830323 0.05269655651516385
0 0.017390309274196623 0.6260100470648872 0.029407477378845213 0.14465657340155708
4 0.6144497394561768 0.641459486219618 0.05508337616920471 0.06269634034898545
4 0.2958447694778442 0.6453682793511285 0.08192838430404663 0.08449749416775174