3 0.30384743213653564 0.6672159406873915 0.06498388051986695 0.059105836020575626
3 0.5057073116302491 0.6798542870415581 0.07259645462036132 0.05109085506863064
3 0.37945871353149413 0.6802845425075955 0.050267386436462405 0.04522004657321506
3 0.4326799392700195 0.6772676255967882 0.057653403282165526 0.04520266850789388
1 0.19821527004241943 0.6362337324354383 0.08216124773025513 0.09463755289713542
7 0.6229054450988769 0.6786251068115234 0.055384385585784915 0.025628995895385743
1 0.10966582298278808 0.6492996215820312 0.10815892219543458 0.09235774146185981
4 0.32848324775695803 0.5646908230251736 0.06597579121589661 0.05315462218390571
0 0.01725686192512512 0.6259336683485243 0.029276102781295776 0.14478484259711372
4 0.6142115592956543 0.6402864244249132 0.05476944446563721 0.06526382764180501
4 0.29141509532928467 0.6385670979817708 0.07798373699188232 0.079780912399292