7 0.6241455078125 0.6787009769015842 0.05276453495025635 0.02543988757663303
3 0.3033838033676147 0.6658529493543837 0.0644899308681488 0.05903524292839898
3 0.3793221950531006 0.6799993726942274 0.050674057006835936 0.04587597317165799
3 0.432647180557251 0.6774595896402995 0.057565325498580934 0.04508723153008355
3 0.5041897296905518 0.6806395212809245 0.07167268991470337 0.05023543039957682
1 0.19909555912017823 0.6365222930908203 0.08197417259216308 0.09690027236938477
1 0.10919864177703857 0.6499948289659289 0.10706967115402222 0.09313410653008355
4 0.31349496841430663 0.5600881788465711 0.0706508219242096 0.06055424478318956
0 0.017027778923511504 0.6264108022054037 0.02909000813961029 0.14483855565388998
4 0.2942652702331543 0.6421424018012153 0.07852154374122619 0.07617564731174045
4 0.6186061382293702 0.641318851047092 0.05145072937011719 0.06805674235026042