4 0.3786426782608032 0.5903829786512587 0.11456848382949829 0.1145216941833496
4 0.4730550289154053 0.807753668891059 0.14325093030929564 0.14700965881347655
3 0.8172500610351563 0.8963284810384115 0.1396247148513794 0.1030713505215115
3 0.5802822589874268 0.8717709011501736 0.08793075084686279 0.08418649567498102
1 0.33022432327270507 0.7717904832628039 0.1398845911026001 0.17380574544270833
1 0.1512208938598633 0.8043778313530816 0.160454261302948 0.12647683885362412
3 0.6714519500732422 0.8866084628634983 0.10441107749938965 0.08331681887308756
3 0.4751901149749756 0.8468593173556858 0.12229741811752319 0.09699875513712565
0 0.014975929260253906 0.7360017564561632 0.029560235142707825 0.24985122680664062
1 0.2176213264465332 0.7624183654785156 0.09031113386154174 0.17115049362182616
4 0.15910531282424928 0.6486242930094401 0.06445397138595581 0.15514190461900498
9 0.1593548536300659 0.6580794440375434 0.06988299489021302 0.1651825057135688