4 0.47284717559814454 0.8088153415256076 0.14377434253692628 0.14727292590671115
4 0.38028290271759035 0.5903981526692709 0.11441936492919921 0.11499332851833767
1 0.3300316572189331 0.7723231845431857 0.14338550567626954 0.17335609859890408
3 0.8172284126281738 0.8974485609266493 0.1395286202430725 0.10439467959933811
3 0.5799181461334229 0.872822740342882 0.0878235638141632 0.08352561526828342
3 0.6720158576965332 0.8871360778808594 0.10443867444992065 0.08342265552944607
1 0.15154554843902587 0.8050609164767795 0.16078643798828124 0.12447200351291232
3 0.475264835357666 0.8471659342447917 0.12246127128601074 0.09717324574788412
0 0.015132194757461548 0.7372399224175348 0.030518561601638794 0.2463647418551975
1 0.21365418434143066 0.7738336351182725 0.10230438709259033 0.14778176413642036
4 0.16267354488372804 0.6836198594835069 0.08475393652915955 0.14647157457139756