4 0.47214131355285643 0.811016591389974 0.1393601417541504 0.14515775044759113
3 0.671632194519043 0.888896009657118 0.10387955904006958 0.08361988597446018
4 0.31558277606964114 0.6018663194444445 0.1289415955543518 0.12541539933946397
1 0.33005614280700685 0.7719723171657986 0.14452399015426637 0.16548038058810763
3 0.8168967247009278 0.8992001851399739 0.1378711938858032 0.10427328745524088
3 0.58009934425354 0.8746099683973524 0.08806865215301514 0.08358292049831814
3 0.47488842010498045 0.848189459906684 0.12435543537139893 0.09548551771375868
1 0.15101672410964967 0.8007458157009548 0.1717537522315979 0.13138224283854166
0 0.014229775965213775 0.7367069668240017 0.02836112678050995 0.25932013193766273
1 0.20898406505584716 0.773960452609592 0.10069150924682617 0.15332875781589084
8 0.9678098678588867 0.8214749654134115 0.021938614547252655 0.07538600497775608