4 0.4737372875213623 0.8107994927300347 0.14111047983169556 0.14074794981214736
1 0.14997189044952391 0.7986048380533854 0.16304172277450563 0.1318131234910753
1 0.33139610290527344 0.7720349629720052 0.14175126552581788 0.16527320014105903
4 0.3281067371368408 0.6341050465901693 0.09726042747497558 0.12851975758870443
3 0.8165911674499512 0.8976846483018663 0.13927438259124755 0.10491752624511719
3 0.6701195716857911 0.8877556694878472 0.10548666715621949 0.08235097461276585
3 0.5794153690338135 0.8745571560329861 0.08622497916221619 0.08116610315110949
3 0.4749742031097412 0.8474034627278646 0.123128342628479 0.09640268749660916
0 0.014390388131141662 0.735996585422092 0.030141270160675047 0.24645574357774522
1 0.20901727676391602 0.766329108344184 0.09793960452079772 0.16278885735405815
4 0.1442202925682068 0.6451292249891493 0.052315539121627806 0.12826709747314452
8 0.9903934478759766 0.8435497707790799 0.015257789194583893 0.07145210901896158