4 0.30627467632293703 0.6400967915852864 0.09430445432662964 0.09911556243896484
3 0.43337740898132326 0.6768134223090277 0.05429421663284302 0.03998187118106418
3 0.3784365177154541 0.6814129299587673 0.057351475954055785 0.04520888858371311
3 0.5082728862762451 0.6817616780598958 0.06539613604545594 0.04666384061177572
1 0.10822209119796752 0.6455700344509548 0.10832656621932983 0.09287310706244575
1 0.19981734752655028 0.6353716108534071 0.08725476861000062 0.08689175711737739
0 0.016811004281044005 0.6240285237630209 0.027841219305992128 0.14412547217475044
3 0.30439143180847167 0.671173816257053 0.06704771518707275 0.038151907920837405
7 0.440234 0.668750 0.114844 0.043056
17 0.382812 0.683333 0.032813 0.027778
16 0.433203 0.681944 0.039844 0.033333