3 0.4331258773803711 0.677271228366428 0.05489726066589355 0.04056348270840115
3 0.37825133800506594 0.6817267523871527 0.0561944305896759 0.04509537484910753
1 0.2000373125076294 0.6345698886447483 0.08665045499801635 0.0883954366048177
1 0.1084825873374939 0.6456635793050131 0.10848127603530884 0.09345580206976997
3 0.5089329719543457 0.6822160932752821 0.06544333100318908 0.04671884112887913
4 0.30705583095550537 0.6382219950358073 0.09301139116287231 0.10235881805419922
0 0.016913406550884247 0.6241375817192926 0.0282852441072464 0.144202454884847
3 0.30515437126159667 0.6712555355495877 0.06948848962783813 0.03765420648786757
7 0.440234 0.668750 0.114844 0.043056
17 0.382812 0.683333 0.032813 0.027778
16 0.433203 0.681944 0.039844 0.033333