3 0.509095287322998 0.6820081922743055 0.06778666973114014 0.055001115798950194
1 0.20014455318450927 0.6337795257568359 0.08570003509521484 0.09318718380398221
3 0.43227052688598633 0.6786136203342014 0.05405757427215576 0.04074879752265082
3 0.37931740283966064 0.6818177541097005 0.054090195894241334 0.04609530236985948
1 0.10831682682037354 0.6463965098063151 0.10926064252853393 0.09472421010335287
4 0.30703206062316896 0.6358893500434027 0.09352508783340455 0.09704054726494683
0 0.017010954022407532 0.624831305609809 0.028662675619125368 0.14560028711954753
3 0.3056166648864746 0.670620854695638 0.067690908908844 0.042338612344529895
7 0.440234 0.668750 0.114844 0.043056
17 0.382812 0.683333 0.032813 0.027778
16 0.433203 0.681944 0.039844 0.033333