3 0.5091731548309326 0.6846570332845052 0.07053321003913879 0.062367815441555445
3 0.30467805862426756 0.6663014729817708 0.06681373119354247 0.05711910989549425
4 0.300954532623291 0.6450777689615885 0.0796935498714447 0.07275465859307183
4 0.6256808757781982 0.6619449191623263 0.04040273427963257 0.0360269202126397
7 0.6214768886566162 0.6784537845187717 0.05260152220726013 0.020603772004445395
1 0.19947589635849 0.633066897922092 0.08489426374435424 0.09059478971693251
1 0.10828961133956909 0.6472803327772353 0.09824820756912231 0.09234820471869574
3 0.43102102279663085 0.6803015391031901 0.05647371411323547 0.0475216547648112
0 0.018258245289325715 0.6261236826578777 0.03063282072544098 0.15106354819403756
3 0.3801440715789795 0.6798299153645834 0.05380067825317383 0.04863069322374132
9 0.6959194660186767 0.5885354359944661 0.015975719690322875 0.07491282886928982