3 0.5084396362304687 0.6855361514621311 0.07039541006088257 0.06204856766594781
3 0.30460429191589355 0.6662542978922527 0.0664854884147644 0.05774708324008518
4 0.3007186412811279 0.6446261935763888 0.0801340639591217 0.07364837858412
4 0.6258110523223877 0.6639298756917318 0.03931004106998444 0.034406026204427086
1 0.19919064044952392 0.6337289598253039 0.08559477925300599 0.09029839833577474
1 0.10847114324569702 0.6471360948350694 0.09767495393753052 0.09266533321804471
3 0.4311061859130859 0.6815996805826823 0.05651906728744507 0.047580443488226994
7 0.621155071258545 0.678136698404948 0.04984367489814758 0.019556127654181587
9 0.696846866607666 0.6283007303873698 0.018892309069633482 0.06379992696974013
3 0.38037967681884766 0.6806988186306424 0.05442652106285095 0.04875982602437337
0 0.01694648265838623 0.6255034976535373 0.030220958590507507 0.15247891743977865
8 0.6816198825836182 0.6291043599446614 0.014408792555332183 0.07485178841484917