3 0.5083205223083496 0.6854153951009114 0.07147290706634521 0.06184370782640245
3 0.3044691324234009 0.6665562523735894 0.06617581248283386 0.05730311075846354
4 0.3007187366485596 0.6453307681613498 0.07985416054725647 0.07446331448025173
1 0.1992271900177002 0.634329096476237 0.08535789251327515 0.09112459818522135
4 0.6255722045898438 0.6642332288953993 0.039973136782646176 0.035193313492669
1 0.10842316150665283 0.6471484290228949 0.09829708933830261 0.09271983040703667
3 0.43142147064208985 0.6816227383083767 0.055556362867355345 0.04789305263095432
7 0.6204157829284668 0.6778555552164713 0.0499242901802063 0.019679930475023057
9 0.6970900535583496 0.6299554189046224 0.019650998711585998 0.06531493398878309
3 0.3803901433944702 0.6808392842610677 0.05487537980079651 0.048406187693277994
0 0.016591230034828187 0.625876956515842 0.029220545291900636 0.15283100340101455
8 0.6800704956054687 0.6304334428575303 0.015054216980934143 0.07884610493977864