3 0.5083561897277832 0.6855800204806858 0.0715419352054596 0.06172023879157172
3 0.30478036403656006 0.6663155025906033 0.06406210660934449 0.057110802332560225
1 0.20006532669067384 0.6341870625813802 0.08325790762901306 0.0939742300245497
1 0.10893203020095825 0.6463228861490885 0.10061945915222167 0.09574080573187935
4 0.30033183097839355 0.644768312242296 0.07658174633979797 0.07463339699639214
4 0.6250820159912109 0.6638548956976996 0.040214371681213376 0.035006520483228894
3 0.43143935203552247 0.6815664927164714 0.055763983726501466 0.04745795461866591
7 0.6200754642486572 0.6776039547390408 0.049783700704574586 0.01980355183283488
3 0.38041319847106936 0.6804627736409505 0.054812145233154294 0.04844564331902398
0 0.01706083118915558 0.6267203860812717 0.02957856059074402 0.15171131557888454
9 0.6963473320007324 0.6292806837293837 0.019349054992198945 0.061764997906155056
8 0.680772352218628 0.6295861138237847 0.014936164021492004 0.07592896355523003