3 0.5084901809692383 0.6855884975857205 0.07149096727371215 0.06218589676751031
3 0.3051849603652954 0.6650500827365451 0.06492990255355835 0.05703875753614637
1 0.20065197944641114 0.6311283535427518 0.08270753026008607 0.09429408179389107
4 0.6254551887512207 0.6637474907769098 0.03990107476711273 0.03510546684265137
1 0.10791524648666381 0.6464456346299913 0.09900624752044677 0.09599413341946073
4 0.3006386995315552 0.6435875362820096 0.07751779556274414 0.0748804834153917
3 0.4314692974090576 0.6815365685356988 0.05586344003677368 0.04748998218112522
7 0.620004940032959 0.6775566948784723 0.05010247826576233 0.01976160208384196
3 0.3805691242218018 0.680666266547309 0.05503100752830505 0.04869129392835829
9 0.6981600761413574 0.6296371036105686 0.01927546560764313 0.060750982496473524
0 0.017317157983779908 0.6262598673502604 0.029491895437240602 0.15049913194444445
8 0.6805016994476318 0.6295120663113064 0.014651544392108917 0.07436945173475477