3 0.5084491729736328 0.6855048709445529 0.07151117324829101 0.06214494705200195
1 0.20081968307495118 0.6310551961263021 0.08235236406326293 0.09473569658067492
4 0.6255845546722412 0.6636142730712891 0.0402108907699585 0.03458376195695665
3 0.30539541244506835 0.6656846788194445 0.06479276418685913 0.056999323103162976
1 0.10756648778915405 0.6463232252332899 0.09879933595657349 0.09571536382039388
3 0.43142223358154297 0.6814428117540148 0.05575017929077149 0.04745719167921278
4 0.300520658493042 0.6437832302517361 0.07668747901916503 0.07516248491075304
7 0.6200275421142578 0.6775001102023654 0.05053603649139404 0.019462108612060547
9 0.6967495918273926 0.6298909929063585 0.01867716759443283 0.0597960631052653
3 0.3807830810546875 0.6805915832519531 0.05513265132904053 0.04860805935329861
0 0.017263063788414003 0.6266028086344401 0.029467427730560304 0.14937704934014215
8 0.6800142288208008 0.6301635318332248 0.013935805857181549 0.07456187672085232