3 0.5085456848144532 0.6852074940999349 0.07147281765937805 0.06244402991400825
4 0.6254522800445557 0.663434092203776 0.039987629652023314 0.03502230379316542
1 0.1999472975730896 0.6301066080729166 0.08273357748985291 0.09269018173217773
1 0.10851678848266602 0.646204588148329 0.10129915475845337 0.09308273527357314
3 0.43133020401000977 0.6818853590223525 0.05575905442237854 0.047034872902764216
7 0.6200989723205567 0.6776801215277778 0.05066271424293518 0.0194012098842197
9 0.6975604057312011 0.6300989362928603 0.019681313633918764 0.0608987119462755
4 0.30118820667266843 0.6380777147081164 0.07995692491531373 0.06956104702419705
3 0.3806396722793579 0.6805900149875217 0.0555081307888031 0.04886256853739421
8 0.6787763118743897 0.6304194132486979 0.01410582959651947 0.07533218595716688
0 0.017651936411857604 0.6275547875298394 0.03084670901298523 0.14648617638481987
3 0.3057525634765625 0.6603392283121745 0.06847872734069824 0.053523646460639104