3 0.5087222576141357 0.6852741241455078 0.0720824956893921 0.062456305821736655
4 0.6257881164550781 0.6639013926188151 0.040427660942077635 0.034168052673339847
1 0.19913758039474488 0.6302584330240886 0.08194803595542907 0.09339928097195095
3 0.43134407997131347 0.6818291558159723 0.05604406595230103 0.04706167644924587
1 0.10831208229064941 0.646647220187717 0.1034434676170349 0.09331005944146051
7 0.6204362392425538 0.6780404832628039 0.050859647989273074 0.018899838129679363
9 0.6977563381195069 0.6308642069498698 0.019571648538112642 0.062081596586439344
4 0.3016314744949341 0.6364073011610243 0.07886315584182739 0.06745841238233778
0 0.017678992450237276 0.627457512749566 0.03132237493991852 0.14803278181287977
3 0.38142321109771726 0.6804485321044922 0.0637141227722168 0.05373841921488444
8 0.6787525177001953 0.6313056521945529 0.014381295442581177 0.07554478115505642
3 0.3056401252746582 0.656916258070204 0.06861515045166015 0.054350418514675564