3 0.5085961818695068 0.6853079054090712 0.07174496650695801 0.06271268526713053
4 0.6257975101470947 0.6638829549153645 0.040643513202667236 0.03423859543270535
1 0.19827017784118653 0.6299596574571398 0.08085423707962036 0.09525621202256944
3 0.43147077560424807 0.6819137149386936 0.05561848282814026 0.04694906340705024
1 0.10783867835998535 0.6465690188937717 0.10399858951568604 0.09307049645317925
7 0.6206170082092285 0.6780084398057725 0.05109217166900635 0.01896716488732232
9 0.697731876373291 0.6304676479763455 0.019416171312332153 0.062009837892320424
0 0.01756448745727539 0.6271906534830729 0.031309771537780764 0.14883409076266818
4 0.30199029445648196 0.6390581766764323 0.0778835117816925 0.066246673795912
8 0.6788177967071534 0.6309081183539497 0.0138196662068367 0.07466831737094455
3 0.3809853792190552 0.6807232326931424 0.06478960514068603 0.054380438062879774
3 0.3059591770172119 0.6558573404947917 0.06972723603248596 0.05582918061150445