3 0.5085869312286377 0.6852003733317057 0.0731244444847107 0.06188341776529948
4 0.626124095916748 0.663783688015408 0.04089862108230591 0.03431623511844211
1 0.19870423078536986 0.6319271511501736 0.08350574970245361 0.09445578257242838
3 0.4315617561340332 0.6818835788302952 0.05650181174278259 0.04597499635484484
1 0.10797326564788819 0.6465262942843967 0.10480905771255493 0.09326340357462565
7 0.620859432220459 0.6777750227186415 0.051124536991119386 0.01907840304904514
9 0.6978720664978028 0.6310724470350477 0.019672966003417967 0.05964898003472222
8 0.6800882816314697 0.631378173828125 0.015391843020915985 0.07237919171651204
3 0.3810976505279541 0.6802469889322916 0.05385201573371887 0.05006102985805935
0 0.01756712645292282 0.6272847069634332 0.03132733702659607 0.1491913053724501
4 0.303430438041687 0.6418135325113933 0.08002465367317199 0.06785675154791938
3 0.3093056917190552 0.6547218746609158 0.07164297103881836 0.05561688211229113