3 0.5085165500640869 0.6857718997531467 0.07235643267631531 0.06260235574510363
4 0.6272196292877197 0.6614905463324653 0.041567862033843994 0.03753126462300618
1 0.19865813255310058 0.6307543436686198 0.08303195834159852 0.09518730375501845
7 0.6221437454223633 0.6783412509494358 0.0527424156665802 0.020255564318762884
3 0.4314614772796631 0.6820156521267361 0.056132441759109496 0.046401193406846786
1 0.1081796407699585 0.6468286302354601 0.10462541580200195 0.0947932031419542
4 0.3022502660751343 0.6395374721950955 0.07676240801811218 0.06867687437269422
0 0.017159852385520934 0.6274949391682942 0.03055049479007721 0.14964410993787977
3 0.38026406764984133 0.6814126756456164 0.06333106160163879 0.054270034366183814
9 0.698386287689209 0.6316881815592448 0.019960159063339235 0.06404253111945259
8 0.6835546970367432 0.6336463080512152 0.016101478040218352 0.06927148501078288
3 0.3088557243347168 0.6556837717692058 0.06774171590805053 0.05304750866360135