3 0.5087216377258301 0.6859273274739583 0.07247040271759034 0.06312762366400824
4 0.6279054641723633 0.6619322882758246 0.0415562242269516 0.03776997990078396
7 0.6224184513092041 0.6787100474039713 0.0527473509311676 0.02019427220026652
1 0.19904416799545288 0.6278676350911458 0.0830712378025055 0.09707796308729384
3 0.43136844635009763 0.6823269738091363 0.056240522861480714 0.04619224866231283
1 0.10853182077407837 0.6466859181722006 0.10488686561584473 0.09570838080512153
0 0.017236603796482085 0.6273889329698351 0.030659642815589905 0.15030940373738608
4 0.30189008712768556 0.6379299587673611 0.07711080312728882 0.07030984030829536
3 0.3802358865737915 0.6812138027615018 0.05404955744743347 0.04941393004523383
9 0.697686767578125 0.6314418368869358 0.020428949594497682 0.06460350884331598
8 0.6816966533660889 0.6332706027560764 0.01721786558628082 0.07123291227552626
3 0.30856802463531496 0.6561502668592665 0.06595416069030761 0.0525954458448622