3 0.5083985805511475 0.6862545013427734 0.07133659720420837 0.06366538471645779
4 0.6260454654693604 0.6623681386311849 0.04082677960395813 0.035322454240587026
1 0.1984635829925537 0.643712870279948 0.08497745394706727 0.06717590755886502
3 0.43123631477355956 0.6819703420003255 0.05659436583518982 0.046334362030029295
1 0.10853948593139648 0.6459344651963975 0.10445786714553833 0.09446791542900933
7 0.6205422401428222 0.6780990176730686 0.05179121494293213 0.01899380948808458
4 0.300849175453186 0.6374114142523871 0.07719456553459167 0.07048309114244249
3 0.3054725885391235 0.6578546312120226 0.0652580738067627 0.05549393759833442
3 0.3799417495727539 0.6812018076578776 0.05531274676322937 0.04934495819939507
0 0.017462700605392456 0.6271689944797092 0.03109769821166992 0.15026957194010418
9 0.6987508773803711 0.6303050571017795 0.016435515880584717 0.060502280129326715
8 0.6817865371704102 0.6311333974202474 0.01438869833946228 0.06905243661668566
9 0.1905153512954712 0.5645451015896268 0.02682318389415741 0.13335224787394206