3 0.5080080032348633 0.6864515092637804 0.06936945915222167 0.06409525871276855
4 0.6254444122314453 0.6614824930826823 0.04032829105854034 0.036808758311801484
1 0.1982998728752136 0.6441094292534723 0.08608567714691162 0.06609526210361057
1 0.1080551028251648 0.6461057874891493 0.10272196531295777 0.09356124666002062
7 0.6216836929321289 0.6783418443467882 0.051996010541915896 0.01946363051732381
4 0.3006210088729858 0.6349740770128038 0.07793163061141968 0.06839725176493326
3 0.4311688899993896 0.6820443471272787 0.056872439384460446 0.046294350094265406
0 0.017258511483669282 0.627543216281467 0.030783647298812868 0.14977088504367406
3 0.3811154842376709 0.6812708960639106 0.06424784660339355 0.053704886966281465
3 0.30491111278533933 0.6582931094699436 0.06501266360282898 0.05327403810289171
9 0.6989047050476074 0.6310424380832248 0.017445169389247894 0.05668914053175184
8 0.6834354877471924 0.6317805820041232 0.013893157243728638 0.06541934543185764
9 0.1852036476135254 0.5639852735731337 0.03368253111839294 0.11564307742648655