3 0.5079708576202393 0.685825686984592 0.07118573188781738 0.06290293269687229
3 0.30477883815765383 0.6626035054524739 0.06602300405502319 0.05400798585679796
4 0.3011183261871338 0.638743167453342 0.07742077112197876 0.07018577257792155
4 0.6255498886108398 0.6624734242757161 0.04104887843132019 0.03682686752743191
7 0.6216431140899659 0.678201421101888 0.052016860246658324 0.01924422714445326
3 0.4311372756958008 0.6821902804904514 0.057206195592880246 0.046014293034871416
1 0.10817160606384277 0.6458877139621311 0.10172132253646851 0.09325483110215929
1 0.2012789011001587 0.6442118750678169 0.08716505765914917 0.06925361421373155
3 0.3799824953079224 0.6811272515190973 0.056042826175689696 0.048372040854560004
9 0.6982526779174805 0.6301338619656033 0.018441709876060485 0.05948865678575304
8 0.6807005882263184 0.6303155263264973 0.013933195173740387 0.07203102641635471
0 0.017762766778469087 0.6272405412462022 0.03007882535457611 0.1472767194112142