3 0.5078351974487305 0.6859933217366536 0.07119513154029847 0.062498823801676436
3 0.30513551235198977 0.6616998884412978 0.07091278433799744 0.05183115005493164
4 0.6256088256835938 0.6629244062635634 0.04040977358818054 0.036356676949395074
4 0.2998945951461792 0.637544674343533 0.08392281532287597 0.06671764055887858
7 0.6210407733917236 0.6780973222520617 0.05152883529663086 0.01918398274315728
3 0.4310893535614014 0.6819671207004123 0.05739720463752747 0.045771344502766924
1 0.20013713836669922 0.6476949055989584 0.08880243301391602 0.0615130795372857
1 0.10863276720046997 0.6469627804226346 0.1028944730758667 0.0921741697523329
3 0.3803011178970337 0.6811269124348959 0.05616303086280823 0.048594829771253796
0 0.016961494088172914 0.6268467373318143 0.029150551557540892 0.14468518363104926
9 0.6986255168914794 0.6300233205159506 0.01708361506462097 0.06052252451578776
8 0.681401538848877 0.6299869961208767 0.012380074709653854 0.0743295086754693