3 0.5078085899353028 0.6861053890652127 0.07127252221107483 0.06265301174587673
3 0.3050259590148926 0.6615559895833333 0.07026321291923524 0.052214654286702473
4 0.625752067565918 0.6624491373697917 0.03970092535018921 0.03714454174041748
4 0.29981467723846433 0.6369784037272136 0.08320799469947815 0.06680738131205241
7 0.6213114738464356 0.6779259999593099 0.05083162784576416 0.019318988588121203
3 0.4310627460479736 0.6820760515001085 0.05735617280006409 0.04593709309895833
1 0.1993405818939209 0.6475140041775174 0.088299560546875 0.06114954948425293
1 0.10880967378616332 0.6469685448540582 0.10341113805770874 0.09272066752115886
3 0.3802955627441406 0.6813073900010851 0.056279659271240234 0.04851689338684082
9 0.6980828762054443 0.6290665944417317 0.016322952508926392 0.061128165986802846
0 0.017340272665023804 0.6267468346489801 0.029618209600448607 0.14529495239257811
8 0.681133222579956 0.6291873508029514 0.012674786150455475 0.07532566918267145