3 0.5077988624572753 0.6858672671847873 0.07058661580085754 0.0630828963385688
3 0.304982852935791 0.6612917158338759 0.06839278936386109 0.05259594387478299
4 0.6254189014434814 0.6624901241726345 0.03949322998523712 0.036025569174024795
4 0.2996561050415039 0.6388197157118055 0.0810876190662384 0.066549285252889
7 0.6208815097808837 0.6781575520833333 0.050752115249633786 0.019335940149095322
3 0.4309758186340332 0.6821027543809679 0.05746240019798279 0.04618914922078451
1 0.19798431396484376 0.6477297465006511 0.08764508962631226 0.060102351506551105
1 0.1092450737953186 0.6475416395399306 0.10482617616653442 0.08951452043321398
3 0.38000850677490233 0.6812903086344401 0.05604469180107117 0.04885615242852105
0 0.01707126498222351 0.6260036044650608 0.029271531105041503 0.1456806394788954
9 0.6974915504455567 0.6297349294026693 0.016546833515167236 0.06245814429389106
8 0.6787503242492676 0.6302626291910808 0.013144128024578094 0.0745497915479872