3 0.5076002597808837 0.6856493208143446 0.07038558125495911 0.06358547740512424
3 0.3056113481521606 0.6608433193630643 0.06791616082191468 0.05281479623582628
4 0.6258641242980957 0.6617823706732856 0.039675268530845645 0.036966956986321346
4 0.3001453638076782 0.6385266198052301 0.08030641078948975 0.06656814151340061
7 0.6210108757019043 0.6779958089192708 0.05045682191848755 0.019714731640285917
3 0.43092641830444334 0.682433361477322 0.057422465085983275 0.04650232526991102
1 0.1984485149383545 0.6470324198404948 0.08954058885574341 0.0616087277730306
1 0.10940788984298706 0.6473787943522136 0.10573292970657348 0.0892563713921441
3 0.38002471923828124 0.6813969082302518 0.055684083700180055 0.0489093886481391
0 0.01704656779766083 0.625975841946072 0.029345831274986266 0.14533816443549263
9 0.6981162548065185 0.6290548960367839 0.015893620252609254 0.06417311032613118
8 0.6793038845062256 0.6294668833414714 0.01279042512178421 0.07739373313056098