3 0.5073803901672364 0.6859341091579861 0.06908583641052246 0.06379050148857965
3 0.30472431182861326 0.6615399678548177 0.0678439199924469 0.05501296255323622
4 0.6258186817169189 0.6613137563069661 0.039018774032592775 0.036745127042134604
7 0.6209200859069824 0.6781206766764323 0.05041247606277466 0.01987223890092638
3 0.43091578483581544 0.6821164025200738 0.057632839679718016 0.04696186383565267
1 0.19916000366210937 0.6473182254367404 0.09157535433769226 0.06238913006252712
4 0.29879207611083985 0.6366366068522136 0.08197318315505982 0.07024220360649956
3 0.37998483180999754 0.6812994639078777 0.055596542358398435 0.04884458118014866
1 0.10856552124023437 0.6464369455973308 0.10431312322616577 0.09133714040120443
0 0.01706765592098236 0.6262645297580295 0.029689228534698485 0.14775360955132377
9 0.6988191604614258 0.6298788706461589 0.01706826835870743 0.06259458329942491
8 0.6787761688232422 0.6303367190890842 0.01413813978433609 0.07736565801832411