3 0.5073233604431152 0.6856746673583984 0.06933872699737549 0.06391241285536024
3 0.3033785581588745 0.6621836344401042 0.06674721240997314 0.0538852055867513
4 0.6261362075805664 0.662110095553928 0.039150720834732054 0.03568049271901449
4 0.2983110427856445 0.6375008900960286 0.07937707901000976 0.07122250662909614
7 0.6213273525238037 0.6781546274820963 0.051076185703277585 0.019344700707329646
3 0.4310495376586914 0.6821111043294271 0.05740237236022949 0.04731416172451443
1 0.1980578899383545 0.6466023339165582 0.0867478609085083 0.06247434086269803
1 0.10878188610076904 0.6465421888563369 0.10479946136474609 0.09262509875827366
3 0.380287766456604 0.681502448187934 0.055517560243606566 0.0489530881245931
9 0.6988255500793457 0.630498547024197 0.017657175660133362 0.058868026733398436
0 0.01722227782011032 0.625938966539171 0.02991453409194946 0.14784057405259873
8 0.6792662620544434 0.6317776574028863 0.014816394448280335 0.07253180609809028