3 0.5077666759490966 0.6853205362955729 0.07211451530456543 0.05826597743564182
4 0.6265805244445801 0.662920888264974 0.04210022389888764 0.03551060358683268
3 0.43111410140991213 0.681944317287869 0.057061892747879026 0.04579384591844347
7 0.6222735404968261 0.6781988355848524 0.0527501106262207 0.018988720575968423
1 0.19809867143630983 0.6469094594319661 0.08214893937110901 0.06607462565104166
1 0.10772533416748047 0.6467698415120443 0.10244996547698974 0.09346203274197049
3 0.3808115005493164 0.6820037417941623 0.055942308902740476 0.04754267798529731
9 0.6963541984558106 0.6285477108425565 0.018560893833637238 0.05603593720330132
0 0.016826030611991883 0.6274161868625217 0.028329923748970032 0.15131910112169053
8 0.6782668113708497 0.6294132656521267 0.01364390254020691 0.07037191920810276
4 0.3529622793197632 0.554423819647895 0.06607961058616638 0.06224159664577908
3 0.35603334903717043 0.5676354726155599 0.06504481434822082 0.04394790596432156