3 0.5080695152282715 0.6860439724392361 0.07220285534858703 0.05918105443318685
4 0.6263129234313964 0.6622178395589192 0.04143979549407959 0.03697339693705241
3 0.43137760162353517 0.6819681379530165 0.05615178346633911 0.04587391217549642
1 0.19792693853378296 0.6463006761338975 0.0839712679386139 0.06567183070712619
7 0.6221157073974609 0.6780740102132161 0.0518757700920105 0.019628140661451552
3 0.3808372974395752 0.681541993882921 0.05634454488754272 0.047394720713297527
1 0.10821806192398072 0.6457860310872395 0.10366790294647217 0.09253638585408529
0 0.017461007833480834 0.6275053236219618 0.030420786142349242 0.15332039727105035
8 0.6798377990722656 0.6308168199327256 0.013848549127578736 0.07599962552388509
9 0.6995076179504395 0.6294955783420139 0.018931202590465546 0.06198590596516927
4 0.3667254686355591 0.5581162770589193 0.06634623408317566 0.06090136104159885
3 0.36797094345092773 0.5728691948784722 0.0510515034198761 0.04537523587544759