3 0.5082433223724365 0.6861919826931424 0.07251180410385132 0.05901563962300618
3 0.431484317779541 0.6819626278347439 0.05611991286277771 0.04597259627448188
4 0.6262226104736328 0.6626132541232639 0.0411019504070282 0.036689609951443145
1 0.19822850227355956 0.6461926778157552 0.08469994068145752 0.06586169666714138
3 0.38078083992004397 0.6816036648220486 0.056024718284606936 0.047018273671468096
7 0.6218719959259034 0.6782140943739149 0.05144941806793213 0.019646888309054904
1 0.10827304124832153 0.6456413692898221 0.10353134870529175 0.09291987948947483
0 0.017452733218669893 0.6274642944335938 0.030704745650291444 0.15345607333713107
8 0.6799707889556885 0.6291361914740669 0.014931571483612061 0.0783926010131836
9 0.6993011474609375 0.6285564846462673 0.019086042046546937 0.06318075391981337
4 0.3675835609436035 0.5577744801839193 0.06609376668930053 0.0655941433376736
3 0.3672067642211914 0.574249988132053 0.0534174919128418 0.04387664000193278