4 0.3048770666122437 0.6398785061306423 0.09500864744186402 0.09146832360161675
3 0.5074515342712402 0.6821429782443577 0.0716107964515686 0.053885237375895186
3 0.4325871467590332 0.6788677639431424 0.05627453327178955 0.0409653902053833
1 0.10723028182983399 0.6480280134412978 0.10423797369003296 0.09703170988294814
3 0.3783449649810791 0.6821670956081815 0.056230741739273074 0.04551887512207031
1 0.19924455881118774 0.6340310414632161 0.08450531363487243 0.09199083116319444
3 0.3050776481628418 0.6718326992458767 0.06813607215881348 0.04277575810750325
0 0.01732608675956726 0.6255832248263888 0.02688526511192322 0.14671592712402343
4 0.40065817832946776 0.5035078684488933 0.06911026835441589 0.07899798287285699
7 0.440234 0.668750 0.114844 0.043056
17 0.382812 0.683333 0.032813 0.027778
16 0.433203 0.681944 0.039844 0.033333