3 0.50812668800354 0.6859309726291233 0.07260060906410218 0.058829545974731445
4 0.6262372970581055 0.6623470730251736 0.04064806997776031 0.03684891064961751
3 0.43147525787353513 0.6819234636094835 0.056215041875839235 0.0457354916466607
1 0.1983168363571167 0.646158938937717 0.0838754117488861 0.06575536727905273
7 0.6217093944549561 0.6781765407986111 0.05154772996902466 0.01956156227323744
3 0.38127951622009276 0.6819038814968533 0.05476383566856384 0.04668886926439073
1 0.10816962718963623 0.6459039900037977 0.10344295501708985 0.09263336393568251
8 0.6795622825622558 0.6291952768961588 0.014860208332538604 0.07684786584642199
0 0.017331264913082123 0.6274903615315756 0.030611875653266906 0.1532406489054362
4 0.3682264804840088 0.5596165551079644 0.06447274088859559 0.06444759898715549
9 0.6985606193542481 0.6289659288194445 0.020007990300655365 0.06252829763624403
3 0.36789593696594236 0.5781816270616319 0.0562977135181427 0.04550469716389974