3 0.5082258701324462 0.6859753926595052 0.07256444692611694 0.05923802587721083
3 0.43152360916137694 0.6819025251600478 0.056062906980514526 0.0458552254570855
4 0.6260902881622314 0.6623223622639974 0.04066868424415589 0.03733993371327718
1 0.19847545623779297 0.6462274763319228 0.08363770246505738 0.06647220187717014
8 0.6794235706329346 0.6297641330295138 0.015128372609615326 0.07520995140075684
7 0.6213828086853027 0.6780305650499132 0.05135874748229981 0.019758145014444988
3 0.38095114231109617 0.6819499121771918 0.05468156337738037 0.04697211583455404
1 0.10821248292922973 0.6458892822265625 0.10343430042266846 0.0924937884012858
0 0.01739838421344757 0.627517573038737 0.030756652355194092 0.15345195134480794
4 0.3681104421615601 0.5615999857584636 0.06716468334197997 0.06364064746432835
9 0.6987079620361328 0.6293858846028646 0.020294548571109773 0.060433647367689344
3 0.36866202354431155 0.5782702128092448 0.0568213164806366 0.04698834949069553