3 0.5086243629455567 0.6861707051595052 0.07233166098594665 0.06064399613274468
4 0.6253207206726075 0.6632934146457248 0.04083941876888275 0.03591683970557319
3 0.4312605857849121 0.681982676188151 0.0559444785118103 0.04661651187472873
1 0.1984074354171753 0.6456036037868924 0.08421199917793273 0.0667681164211697
7 0.6212298393249511 0.6779581281873915 0.05035889744758606 0.019781017303466798
1 0.10809817314147949 0.6457755618625217 0.10410912036895752 0.09229426913791233
3 0.38117475509643556 0.681657240125868 0.05675593614578247 0.04771768781873915
0 0.017292332649230958 0.6274043189154731 0.030595096945762634 0.1517578230963813
4 0.3758198022842407 0.5607445187038845 0.07181222438812256 0.06381482548183864
8 0.6800762176513672 0.6297278934054904 0.01529349535703659 0.07799025111728244
9 0.6980008602142334 0.6298819224039713 0.01980752944946289 0.06282448768615723
3 0.37560667991638186 0.5798380957709418 0.05993760228157043 0.05899643368191189