3 0.5094065189361572 0.6864007737901475 0.0711802899837494 0.05941854582892524
4 0.6254422187805175 0.6636167738172744 0.04084038436412811 0.035480663511488174
1 0.19784870147705078 0.6464682261149088 0.08269652128219604 0.06426007482740614
3 0.43088407516479493 0.6825580173068576 0.056284469366073606 0.04598442713419596
7 0.620914077758789 0.6781880696614583 0.050847452878952024 0.01948820087644789
1 0.10817193984985352 0.6457236819797092 0.1048863410949707 0.09279194937811958
0 0.01746026873588562 0.6274764590793186 0.030202561616897584 0.15168949762980144
3 0.381123423576355 0.6809964921739367 0.05710723400115967 0.050102286868625216
3 0.3934300899505615 0.571955066257053 0.05597878098487854 0.04663246472676595
9 0.6965407371520996 0.6302862379286024 0.01888822913169861 0.060634480582343206
4 0.3938722610473633 0.5574917263454862 0.06399015188217164 0.06369216707017687
8 0.6794649124145508 0.6306063334147135 0.014800065755844116 0.07694229549831814