3 0.510185956954956 0.6864054361979167 0.0713192880153656 0.06031341552734375
4 0.6263724327087402 0.6633968777126736 0.0417365550994873 0.03522260453965929
1 0.19928430318832396 0.6469230228000217 0.08430318832397461 0.066215181350708
7 0.6218241691589356 0.6783778720431858 0.05212019681930542 0.019346197446187336
3 0.3812777757644653 0.6810791439480252 0.054901140928268435 0.05093763139512804
3 0.43042917251586915 0.6826814015706381 0.05675304532051086 0.0460088570912679
1 0.1072182297706604 0.6478651682535808 0.104095721244812 0.0915795750088162
8 0.679530668258667 0.6323572794596354 0.014089322090148926 0.07594097985161676
0 0.01731719672679901 0.6271952311197917 0.028267186880111695 0.14863780339558919
9 0.6970409393310547 0.6317870669894748 0.017827512323856355 0.05962127579583062
3 0.4271995544433594 0.5672595553927952 0.06450008153915406 0.044258713722229004
4 0.42890129089355467 0.5599098629421658 0.06338063478469849 0.059878402286105685