3 0.5090700149536133 0.6864693959554037 0.0719749391078949 0.060026025772094725
4 0.6264117240905762 0.6631107330322266 0.04195703268051147 0.035541068183051215
1 0.19889320135116578 0.6464888254801432 0.08572114109992982 0.06716731389363607
3 0.3807258129119873 0.6812239329020182 0.05499548316001892 0.05053668551974826
3 0.4307215690612793 0.6824728647867838 0.05661351084709167 0.04498847325642904
7 0.6218567848205566 0.6782264285617404 0.052497482299804686 0.019311922126346165
1 0.10768483877182007 0.647645526462131 0.10532176494598389 0.09221633275349934
0 0.017267632484436034 0.626714113023546 0.028415587544441224 0.1483387205335829
8 0.6798128604888916 0.6318480173746744 0.014353765547275544 0.0748237821790907
9 0.6968208312988281 0.6314807467990451 0.01733831912279129 0.06161858770582411
3 0.44748644828796386 0.5660032060411241 0.05124512314796448 0.0448662969801161
4 0.4505923271179199 0.5504492017957899 0.05197632908821106 0.0490499390496148