4 0.3053603172302246 0.6412849426269531 0.09301766157150268 0.09134769439697266
3 0.5085957527160645 0.68160523308648 0.06629835963249206 0.05335512161254883
3 0.4331684589385986 0.6795076158311631 0.05613400936126709 0.04082714716593425
1 0.10725470781326293 0.6480719248453776 0.10472800731658935 0.09664565192328559
3 0.3778456449508667 0.683533435397678 0.056161516904830934 0.04281847212049696
1 0.19930099248886107 0.6340073903401693 0.08411679267883301 0.09237436718410916
3 0.30558080673217775 0.6736932542588976 0.06744618415832519 0.043756805525885685
0 0.017163559794425964 0.6257188161214192 0.02644419074058533 0.14716500176323785
4 0.4336822509765625 0.5288722568088108 0.0496945858001709 0.0657234615749783
7 0.440234 0.668750 0.114844 0.043056
17 0.382812 0.683333 0.032813 0.027778
16 0.433203 0.681944 0.039844 0.033333