4 0.3050421714782715 0.641603512234158 0.09297115802764892 0.09165870878431533
3 0.43340320587158204 0.6800676557752822 0.055991584062576295 0.04048637284172906
3 0.5095151901245117 0.6817957136366103 0.06581943035125733 0.05346366034613715
1 0.10748132467269897 0.6479425218370226 0.10504581928253173 0.09629615147908528
3 0.3778460264205933 0.6837557474772136 0.05682286024093628 0.04312146504720052
1 0.19921718835830687 0.6340342203776042 0.08438560366630554 0.09234513176812066
3 0.30541238784790037 0.6737035963270399 0.0671998143196106 0.04357463518778483
0 0.01729099303483963 0.6253270043267144 0.026398882269859314 0.14713198343912762
4 0.4379951000213623 0.546633783976237 0.04799852967262268 0.06544371710883247
7 0.440234 0.668750 0.114844 0.043056
17 0.382812 0.683333 0.032813 0.027778
16 0.433203 0.681944 0.039844 0.033333