3 0.5089412212371827 0.6862179650200738 0.07275349497795106 0.06011263529459635
3 0.9161575317382813 0.6570574018690322 0.06665951609611512 0.05850812594095866
1 0.19978692531585693 0.6441055721706814 0.08145010471343994 0.07448462380303277
4 0.6269025325775146 0.6637557559543186 0.04157288372516632 0.03643436696794298
4 0.9160405158996582 0.6387978871663411 0.06707075834274293 0.06993093490600585
3 0.4314272880554199 0.6821670956081815 0.05546110272407532 0.04748760329352485
7 0.6214093685150146 0.6785819583468967 0.05193661451339722 0.01863464911778768
3 0.38103594779968264 0.6795250786675348 0.06507678031921386 0.052766815821329756
1 0.10774722099304199 0.6492372300889757 0.10279120206832885 0.09461337195502387
8 0.6791725158691406 0.6302870432535808 0.018002581596374512 0.07935334841410319
0 0.01724751591682434 0.6265767415364584 0.027084892988204955 0.14756767484876845
9 0.6959199905395508 0.6321554819742838 0.02183803766965866 0.06852588653564454