3 0.5092707633972168 0.6863247341579861 0.07329059839248657 0.059517627292209205
3 0.9194328308105468 0.6581370035807291 0.0672986388206482 0.05911451445685493
1 0.20018928050994872 0.6439672258165148 0.08165305852890015 0.07441775004069011
4 0.6268775463104248 0.6637366400824652 0.041307204961776735 0.03596767849392361
4 0.9201185226440429 0.6410616556803386 0.06869811415672303 0.06981519593132866
3 0.4313992977142334 0.6819719102647569 0.05538418292999268 0.04759568108452691
7 0.6214888572692872 0.6788075764973959 0.05137606263160706 0.01900611983405219
1 0.10764719247817993 0.6490744272867839 0.10249167680740356 0.09441613091362847
3 0.3808584690093994 0.6794862111409505 0.06460779905319214 0.052380704879760744
0 0.017444249987602235 0.6268354627821181 0.027270245552062988 0.14808057149251302
8 0.6821877956390381 0.6274375915527344 0.01719413846731186 0.07898319562276204
9 0.6960424423217774 0.630131106906467 0.02096996009349823 0.07130233976576063