4 0.3039064645767212 0.6396054161919488 0.09491499662399291 0.09601567586263021
3 0.508215856552124 0.6821444193522136 0.06683368682861328 0.052739085091484915
3 0.4332756519317627 0.6797093285454644 0.05450373888015747 0.040874828232659234
1 0.10772253274917602 0.648069805569119 0.10466631650924682 0.09583745532565646
1 0.19898282289505004 0.6333832210964627 0.08438966274261475 0.09211077160305448
3 0.3781419277191162 0.6829640706380208 0.05751732587814331 0.04386064741346571
3 0.304799222946167 0.6736352284749348 0.06595161557197571 0.04384401374393039
0 0.017382980883121492 0.625568135579427 0.026612526178359984 0.14684565862019858
4 0.45098180770874025 0.5793361239963107 0.04688270688056946 0.05007672309875488
7 0.440234 0.668750 0.114844 0.043056
17 0.382812 0.683333 0.032813 0.027778
16 0.433203 0.681944 0.039844 0.033333