3 0.509293794631958 0.68603515625 0.07427006959915161 0.059967883427937824
3 0.9239922523498535 0.659027099609375 0.0674845814704895 0.05937066078186035
1 0.20038990974426268 0.6438818613688151 0.08144416809082031 0.07412347263760037
4 0.6267435550689697 0.6633369869656033 0.0411347895860672 0.037268511454264325
3 0.43121929168701173 0.6817210727267795 0.055334681272506715 0.048172113630506726
7 0.6213512420654297 0.6787614186604818 0.050515991449356076 0.019512089093526204
1 0.10762174129486084 0.6490519629584418 0.10183658599853515 0.09440193176269532
4 0.9219427108764648 0.6422364128960504 0.07027801871299744 0.0685308403438992
3 0.3809468984603882 0.679309590657552 0.06404220461845397 0.053114456600613064
0 0.017325811088085175 0.6271152496337891 0.027084046602249147 0.14815837012396918
8 0.6837294101715088 0.6309579213460287 0.01636299192905426 0.07542483011881511
9 0.6977830410003663 0.6316867404513888 0.020591431856155397 0.06697489420572916