3 0.5093615531921387 0.6863936954074435 0.07409976720809937 0.060142538282606336
3 0.924010181427002 0.6593062082926432 0.06759792566299438 0.0593773365020752
1 0.20022542476654054 0.643878682454427 0.08128628134727478 0.07404899597167969
4 0.6269068241119384 0.6634801228841146 0.041351526975631714 0.036932754516601565
3 0.43127756118774413 0.681849119398329 0.05529654622077942 0.048187806871202256
7 0.6214828014373779 0.6785599178738064 0.05074535608291626 0.019615059428744846
1 0.10760010480880737 0.6490329318576389 0.10178859233856201 0.09434021843804254
4 0.9218837738037109 0.6425022549099393 0.06948667764663696 0.06864647335476345
3 0.3809337615966797 0.6792615678575303 0.06375292539596558 0.052781894471910264
0 0.017575234174728394 0.6270630306667752 0.027343380451202392 0.1481830914815267
8 0.6835930824279786 0.6316436343722873 0.015843123197555542 0.07595548099941678
9 0.6984571933746337 0.6321016099717882 0.020132623612880707 0.06823952462938097