3 0.5094314575195312 0.686086908976237 0.07294470071792603 0.06078390015496148
3 0.9239280700683594 0.6591585795084636 0.0675293743610382 0.05927938885158963
1 0.2000739336013794 0.6441104465060764 0.08146122694015503 0.07449186113145616
4 0.627335786819458 0.6636314815945096 0.04303457736968994 0.036070481936136885
3 0.431196403503418 0.6817293802897135 0.05534311532974243 0.04833114412095812
7 0.6212141990661622 0.6789518568250869 0.05194905996322632 0.019004731708102757
4 0.9218462944030762 0.642558119032118 0.0688565731048584 0.06869236628214519
1 0.10753988027572632 0.6491502549913194 0.1029551863670349 0.09483260048760309
3 0.38100605010986327 0.6794528537326389 0.0633249580860138 0.05370012919108073
0 0.017152340710163118 0.6267623901367188 0.027204200625419617 0.14777730305989584
8 0.6848706722259521 0.6309897104899088 0.01788075119256973 0.07578609784444174
9 0.6976758003234863 0.6317939758300781 0.020081284642219543 0.0659362898932563