4 0.3042842149734497 0.6389560699462891 0.09478372931480408 0.09689151975843642
3 0.50673828125 0.681797366672092 0.06695042848587036 0.052509641647338866
3 0.43381147384643554 0.6794042799207899 0.05511314272880554 0.04176175594329834
1 0.1987950921058655 0.6331307305230035 0.08485876321792603 0.09215180079142253
1 0.1078022837638855 0.6475639343261719 0.10549805164337159 0.0952113151550293
3 0.37843594551086424 0.683091057671441 0.05712097883224487 0.042803835868835446
3 0.30423555374145506 0.672005123562283 0.06709201335906982 0.0420322683122423
0 0.01688510924577713 0.6249157799614801 0.026700130105018614 0.146350712246365
4 0.45269184112548827 0.5925941043429904 0.055247831344604495 0.05082708994547526
7 0.440234 0.668750 0.114844 0.043056
17 0.382812 0.683333 0.032813 0.027778
16 0.433203 0.681944 0.039844 0.033333