3 0.5094902038574218 0.686072752210829 0.0712012529373169 0.06134168306986491
3 0.9240217208862305 0.6602172427707248 0.06936168074607849 0.062312279807196724
1 0.1994829773902893 0.644434102376302 0.08097412586212158 0.07656952540079752
4 0.6267818450927735 0.6634503682454427 0.043426993489265445 0.036000500784979926
3 0.4311536312103271 0.6815769619411892 0.05544564723968506 0.0479713863796658
7 0.6210920810699463 0.6786820305718316 0.052281391620635984 0.0192104975382487
4 0.92188720703125 0.6430349985758463 0.0688166618347168 0.06817786428663465
3 0.38072669506073 0.678736072116428 0.06292878389358521 0.05373804834153917
1 0.10747469663619995 0.6491138882107205 0.10429713726043702 0.0948275883992513
0 0.017177896201610567 0.6262992011176215 0.027463412284851073 0.1467696613735623
8 0.6829347610473633 0.6302605946858724 0.01661786586046219 0.07801301214430068
9 0.6972200870513916 0.6320797814263238 0.020486673712730406 0.06537176767985026