4 0.30430457592010496 0.637883800930447 0.09479336738586426 0.09798756705390083
3 0.4338527679443359 0.6796678755018446 0.05359979867935181 0.04325794378916423
3 0.5067225456237793 0.6821335686577691 0.06768791675567627 0.052045313517252605
3 0.37834930419921875 0.6828481038411458 0.056230127811431885 0.043008997705247666
1 0.1984398365020752 0.6333389282226562 0.08468976616859436 0.09223823547363282
1 0.10776798725128174 0.6470636579725477 0.10649348497390747 0.09492900636461046
0 0.01679880768060684 0.6242125617133246 0.026984360814094544 0.1455764028761122
3 0.30497031211853026 0.6736341688368056 0.06466866731643676 0.04358228047688802
4 0.45832080841064454 0.6115442911783854 0.05639762282371521 0.04547631475660536
7 0.440234 0.668750 0.114844 0.043056
17 0.382812 0.683333 0.032813 0.027778
16 0.433203 0.681944 0.039844 0.033333