4 0.717578 0.888889 0.100781 0.063889
3 0.427344 0.906250 0.132812 0.087500
3 0.195312 0.895139 0.093750 0.076389
7 0.719531 0.924306 0.128125 0.031944
3 0.257812 0.904167 0.043750 0.041667
9 0.842578 0.866667 0.025781 0.169444
7 0.400000 0.897917 0.200000 0.045833
5 0.864453 0.859722 0.025781 0.175000
9 0.186328 0.727778 0.047656 0.247222
8 0.869141 0.610417 0.080469 0.154167
1 0.003516 0.816667 0.005469 0.125000
9 0.864453 0.859722 0.025781 0.175000
16 0.341406 0.783333 0.067187 0.052778
3 0.345703 0.784028 0.097656 0.073611