4 0.717969 0.889583 0.098437 0.062500
3 0.427734 0.906944 0.135156 0.088889
3 0.197656 0.893750 0.093750 0.079167
3 0.259766 0.905556 0.042969 0.041667
7 0.720313 0.925000 0.131250 0.033333
9 0.168359 0.706944 0.049219 0.233333
5 0.863281 0.862500 0.025000 0.175000
3 0.327344 0.720833 0.104688 0.094444
9 0.843750 0.868750 0.026562 0.165278
1 0.004687 0.817361 0.007812 0.126389
9 0.863281 0.862500 0.025000 0.175000
7 0.402344 0.901389 0.184375 0.047222
8 0.868750 0.609722 0.059375 0.166667
16 0.326172 0.726389 0.075781 0.063889