3 0.539844 0.911806 0.135937 0.087500
4 0.832031 0.893056 0.101562 0.063889
7 0.834766 0.930556 0.138281 0.033333
1 0.065625 0.822917 0.125000 0.126389
3 0.367188 0.910417 0.031250 0.031944
3 0.308203 0.897222 0.092969 0.075000
3 0.243750 0.679167 0.090625 0.083333
7 0.517969 0.899306 0.218750 0.048611
9 0.959766 0.880556 0.028906 0.169444
5 0.987891 0.869444 0.014844 0.169444
9 0.976953 0.874306 0.022656 0.181944
5 0.976953 0.874306 0.022656 0.181944
16 0.248828 0.686806 0.057031 0.056944
9 0.138672 0.561806 0.058594 0.115278