3 0.923828 0.656944 0.069531 0.061111
4 0.629297 0.659028 0.041406 0.043056
9 0.698438 0.645833 0.017188 0.088889
3 0.508984 0.679861 0.064844 0.045833
1 0.199609 0.646528 0.086719 0.068056
7 0.622656 0.679861 0.051562 0.020833
3 0.378516 0.679167 0.052344 0.041667
1 0.108203 0.648611 0.103906 0.091667
8 0.684766 0.628472 0.014844 0.109722
3 0.239844 0.552083 0.056250 0.062500
7 0.441016 0.678472 0.066406 0.023611
4 0.922266 0.636111 0.069531 0.063889
0 0.016797 0.625000 0.027344 0.147222
9 0.195312 0.534028 0.057813 0.056944
16 0.232813 0.558333 0.029687 0.025000