0 0.014844 0.625694 0.028125 0.143056
1 0.108203 0.644444 0.107031 0.088889
1 0.198828 0.646528 0.086719 0.070833
3 0.379688 0.679167 0.051562 0.041667
3 0.508984 0.680556 0.066406 0.044444
3 0.923438 0.659028 0.071875 0.056944
4 0.628125 0.658333 0.042188 0.044444
4 0.923828 0.636806 0.069531 0.065278
7 0.441016 0.679167 0.069531 0.027778
7 0.622266 0.679167 0.050781 0.019444
8 0.684375 0.625694 0.015625 0.101389
9 0.698828 0.646528 0.016406 0.081944
9 0.194141 0.536806 0.060156 0.054167
3 0.235547 0.552083 0.057031 0.059722
16 0.233594 0.553472 0.025000 0.034722