3 0.923828 0.657639 0.069531 0.059722
1 0.199609 0.643750 0.086719 0.068056
4 0.628516 0.659028 0.041406 0.043056
7 0.623047 0.679861 0.052344 0.020833
3 0.508594 0.681250 0.064062 0.045833
3 0.378906 0.678472 0.051562 0.040278
1 0.109375 0.647222 0.104688 0.091667
9 0.697266 0.645833 0.016406 0.077778
0 0.016406 0.628472 0.029687 0.151389
8 0.683594 0.631250 0.015625 0.095833
9 0.177344 0.543056 0.070312 0.047222
4 0.921875 0.637500 0.068750 0.063889
7 0.441406 0.677778 0.065625 0.025000
3 0.219922 0.559028 0.049219 0.054167
16 0.223047 0.569444 0.028906 0.030556