3 0.923828 0.657639 0.069531 0.059722
4 0.628516 0.659028 0.041406 0.043056
1 0.200000 0.643750 0.087500 0.068056
7 0.623047 0.679861 0.052344 0.020833
3 0.508594 0.680556 0.064062 0.047222
3 0.378906 0.678472 0.051562 0.040278
1 0.109766 0.647222 0.103906 0.091667
0 0.016406 0.628472 0.029687 0.151389
9 0.697656 0.646528 0.015625 0.079167
4 0.921875 0.637500 0.068750 0.063889
9 0.177344 0.544444 0.070312 0.044444
7 0.441406 0.677778 0.065625 0.025000
8 0.683203 0.631250 0.014844 0.095833
3 0.219922 0.559028 0.049219 0.054167
16 0.225000 0.559722 0.031250 0.041667