3 0.923828 0.657639 0.069531 0.059722
1 0.200000 0.643750 0.087500 0.068056
4 0.628516 0.659028 0.041406 0.043056
7 0.623047 0.679861 0.052344 0.020833
3 0.508594 0.681250 0.064062 0.045833
3 0.378906 0.678472 0.051562 0.040278
1 0.109375 0.647222 0.104688 0.091667
0 0.016406 0.628472 0.029687 0.151389
9 0.698047 0.646528 0.016406 0.079167
4 0.921875 0.637500 0.068750 0.063889
9 0.178125 0.545833 0.070312 0.044444
7 0.441406 0.678472 0.065625 0.026389
8 0.683203 0.631944 0.014844 0.094444
3 0.219141 0.559722 0.049219 0.052778
16 0.223047 0.557639 0.032031 0.043056