3 0.5076332569122315 0.6799695332845052 0.06984343528747558 0.05626956091986762
4 0.30438315868377686 0.636214616563585 0.0969936728477478 0.10057422849867079
3 0.3795242547988892 0.6805375840928819 0.05379098057746887 0.043906609217325844
3 0.4333499908447266 0.6773551093207465 0.05278786420822144 0.04690196779039171
1 0.19817280769348145 0.633214611477322 0.08337438106536865 0.09299518797132704
1 0.10807384252548217 0.6464576297336154 0.10821300745010376 0.09463325076633029
4 0.45877795219421386 0.6345113542344835 0.08093792200088501 0.05660381317138672
3 0.304901123046875 0.6717957814534505 0.06584778428077698 0.04168305132124159
0 0.016549241542816163 0.6238629659016927 0.027535328269004823 0.1455693350897895
7 0.440234 0.668750 0.114844 0.043056
17 0.382812 0.683333 0.032813 0.027778
16 0.433203 0.681944 0.039844 0.033333