3 0.923828 0.658333 0.069531 0.061111
1 0.199609 0.643750 0.086719 0.068056
7 0.623047 0.679167 0.050781 0.019444
4 0.628906 0.658333 0.042188 0.044444
3 0.508594 0.681250 0.064062 0.045833
3 0.378906 0.678472 0.051562 0.040278
1 0.109375 0.647917 0.104688 0.090278
9 0.698828 0.643750 0.016406 0.081944
0 0.016406 0.628472 0.029687 0.151389
4 0.922266 0.636806 0.069531 0.065278
9 0.177344 0.545833 0.070312 0.044444
7 0.441406 0.678472 0.065625 0.026389
3 0.219531 0.559722 0.050000 0.052778
8 0.682422 0.631944 0.013281 0.097222
16 0.221875 0.562500 0.029687 0.041667