3 0.923828 0.657639 0.069531 0.059722
1 0.199609 0.644444 0.086719 0.069444
4 0.628906 0.657639 0.040625 0.045833
3 0.508594 0.681250 0.064062 0.045833
7 0.621875 0.679167 0.050000 0.019444
3 0.378906 0.678472 0.051562 0.040278
1 0.109766 0.647222 0.105469 0.091667
0 0.016406 0.629167 0.029687 0.150000
9 0.699609 0.643056 0.016406 0.080556
9 0.175391 0.545833 0.071094 0.041667
4 0.922266 0.636806 0.069531 0.065278
3 0.220312 0.559028 0.050000 0.051389
7 0.441406 0.678472 0.065625 0.026389
8 0.683594 0.629861 0.014063 0.098611
16 0.223047 0.567361 0.032031 0.037500