3 0.923828 0.657639 0.069531 0.059722
1 0.199609 0.644444 0.088281 0.069444
3 0.508594 0.681250 0.064062 0.045833
7 0.622266 0.679167 0.050781 0.019444
4 0.630469 0.656944 0.040625 0.044444
3 0.378906 0.678472 0.051562 0.040278
1 0.109375 0.647222 0.106250 0.091667
9 0.699609 0.643750 0.016406 0.076389
0 0.016406 0.629861 0.031250 0.151389
9 0.176563 0.547917 0.071875 0.037500
3 0.220703 0.559722 0.049219 0.052778
4 0.922266 0.637500 0.069531 0.063889
7 0.441406 0.678472 0.065625 0.026389
8 0.685547 0.629861 0.013281 0.098611
16 0.223438 0.566667 0.032813 0.041667