3 0.923828 0.657639 0.069531 0.059722
1 0.199609 0.645139 0.088281 0.068056
4 0.629687 0.656944 0.042188 0.044444
3 0.508594 0.681250 0.064062 0.045833
7 0.621875 0.679167 0.051562 0.019444
3 0.378906 0.678472 0.051562 0.040278
1 0.109375 0.647222 0.106250 0.091667
9 0.700000 0.644444 0.015625 0.077778
0 0.016797 0.629861 0.032031 0.151389
3 0.220312 0.561111 0.048438 0.050000
9 0.177344 0.548611 0.073438 0.036111
4 0.922266 0.636111 0.069531 0.063889
8 0.685547 0.627778 0.016406 0.105556
7 0.441406 0.678472 0.065625 0.026389
16 0.218359 0.563889 0.028906 0.033333