3 0.923828 0.657639 0.069531 0.059722
1 0.199609 0.645139 0.088281 0.068056
4 0.629297 0.657639 0.041406 0.045833
3 0.508594 0.681250 0.064062 0.045833
9 0.699609 0.645833 0.016406 0.080556
7 0.622656 0.679167 0.051562 0.019444
3 0.378906 0.678472 0.051562 0.040278
1 0.109375 0.647222 0.107813 0.091667
3 0.219531 0.563889 0.048438 0.050000
0 0.016797 0.629861 0.032031 0.151389
9 0.176953 0.552083 0.072656 0.034722
8 0.684766 0.627778 0.016406 0.113889
4 0.922266 0.636806 0.069531 0.062500
7 0.441406 0.678472 0.065625 0.026389
16 0.223828 0.561806 0.035156 0.031944