3 0.923828 0.657639 0.069531 0.059722
4 0.629687 0.658333 0.043750 0.044444
1 0.200391 0.645139 0.088281 0.068056
3 0.508594 0.680556 0.064062 0.047222
7 0.622656 0.679861 0.053125 0.020833
3 0.378906 0.677778 0.051562 0.041667
9 0.699609 0.645833 0.016406 0.077778
1 0.109766 0.646528 0.108594 0.090278
8 0.685156 0.627778 0.017188 0.105556
0 0.016406 0.629861 0.031250 0.151389
3 0.219531 0.563194 0.048438 0.048611
9 0.178125 0.552778 0.073438 0.030556
4 0.921875 0.637500 0.070312 0.063889
7 0.441406 0.678472 0.065625 0.026389
16 0.223047 0.565972 0.033594 0.029167