3 0.923828 0.657639 0.069531 0.059722
1 0.200000 0.645833 0.087500 0.066667
4 0.630078 0.658333 0.044531 0.044444
3 0.508203 0.680556 0.064844 0.047222
7 0.622266 0.679861 0.053906 0.020833
3 0.379297 0.678472 0.050781 0.040278
9 0.699609 0.645833 0.016406 0.077778
1 0.109766 0.646528 0.108594 0.090278
0 0.016406 0.629861 0.031250 0.151389
3 0.219531 0.562500 0.048438 0.047222
9 0.179297 0.552778 0.074219 0.030556
8 0.686328 0.627083 0.016406 0.106944
4 0.921875 0.636806 0.070312 0.065278
7 0.441016 0.678472 0.066406 0.026389
16 0.221484 0.563194 0.024219 0.026389