3 0.923828 0.657639 0.069531 0.059722
4 0.629687 0.659028 0.043750 0.043056
1 0.200000 0.645833 0.087500 0.066667
3 0.508203 0.680556 0.064844 0.047222
7 0.622266 0.679167 0.053906 0.019444
3 0.378906 0.677778 0.051562 0.041667
9 0.699219 0.645833 0.017188 0.080556
1 0.110156 0.646528 0.109375 0.090278
3 0.220312 0.565972 0.048438 0.048611
8 0.685937 0.627778 0.017188 0.108333
0 0.016406 0.629861 0.031250 0.151389
9 0.179297 0.551389 0.075781 0.030556
4 0.921875 0.637500 0.070312 0.063889
7 0.441016 0.677778 0.066406 0.025000
16 0.221484 0.571528 0.028906 0.029167
16 0.212500 0.547917 0.020313 0.018056