3 0.924219 0.657639 0.068750 0.059722
4 0.630859 0.657639 0.044531 0.043056
1 0.200000 0.645139 0.085938 0.068056
3 0.508203 0.680556 0.064844 0.047222
7 0.622266 0.679861 0.053906 0.020833
3 0.379297 0.678472 0.050781 0.040278
9 0.700000 0.645139 0.017188 0.079167
1 0.110156 0.647222 0.109375 0.091667
8 0.685547 0.629167 0.016406 0.111111
0 0.016406 0.629861 0.031250 0.151389
9 0.179688 0.550000 0.076563 0.033333
4 0.922266 0.637500 0.069531 0.063889
7 0.441016 0.677778 0.066406 0.025000
3 0.223828 0.573611 0.050781 0.044444
16 0.207422 0.543750 0.021094 0.037500