3 0.924219 0.657639 0.068750 0.059722
4 0.630469 0.658333 0.043750 0.044444
1 0.200781 0.644444 0.085938 0.069444
3 0.508203 0.680556 0.064844 0.047222
7 0.622266 0.679861 0.053906 0.020833
9 0.699219 0.645833 0.017188 0.080556
3 0.379297 0.678472 0.050781 0.040278
1 0.110156 0.646528 0.109375 0.090278
8 0.685156 0.629167 0.017188 0.111111
0 0.016406 0.629861 0.031250 0.151389
9 0.178125 0.549306 0.076563 0.034722
4 0.922266 0.637500 0.069531 0.063889
7 0.441016 0.679167 0.066406 0.025000
3 0.228125 0.577778 0.048438 0.050000
16 0.204297 0.547917 0.022656 0.034722