3 0.923828 0.657639 0.069531 0.059722
4 0.630469 0.658333 0.043750 0.044444
1 0.200781 0.645833 0.085938 0.072222
3 0.508203 0.680556 0.064844 0.047222
9 0.700000 0.645139 0.017188 0.081944
7 0.622266 0.679861 0.053906 0.020833
3 0.379688 0.678472 0.051562 0.040278
1 0.110156 0.647222 0.107813 0.091667
8 0.684766 0.629167 0.016406 0.108333
0 0.016406 0.628472 0.029687 0.148611
4 0.921875 0.637500 0.070312 0.063889
7 0.441406 0.679167 0.065625 0.025000
3 0.239844 0.577778 0.048438 0.047222
9 0.175000 0.550000 0.076563 0.036111
16 0.196094 0.550694 0.028125 0.034722