3 0.923828 0.657639 0.069531 0.059722
1 0.200781 0.645139 0.085938 0.073611
4 0.630469 0.658333 0.043750 0.044444
9 0.700781 0.645139 0.017188 0.081944
3 0.508594 0.681250 0.064062 0.045833
7 0.622266 0.679861 0.053906 0.020833
1 0.109375 0.647917 0.104688 0.090278
3 0.379297 0.678472 0.052344 0.040278
8 0.684375 0.629167 0.017188 0.102778
0 0.016406 0.628472 0.029687 0.148611
4 0.921875 0.637500 0.070312 0.063889
7 0.441016 0.678472 0.066406 0.026389
9 0.165234 0.553472 0.069531 0.056944
3 0.239063 0.575000 0.051562 0.044444
16 0.192578 0.567361 0.022656 0.040278