4 0.3050637483596802 0.6376251644558377 0.09629796743392945 0.09764946831597222
3 0.4328958034515381 0.6792713589138455 0.05147526264190674 0.04486189948187934
3 0.5083743095397949 0.6805689917670356 0.0690044105052948 0.05646457672119141
3 0.3788692712783813 0.6809163835313585 0.05393146872520447 0.04431110488043891
1 0.19827033281326295 0.6331510755750868 0.08324023485183715 0.09330401950412326
1 0.10817993879318237 0.6463982476128473 0.10685195922851562 0.09395998848809137
4 0.46424250602722167 0.6307293362087674 0.0907219409942627 0.06790192392137316
3 0.30475924015045164 0.6716200086805556 0.06567145586013794 0.04190590646531847
0 0.01632191240787506 0.6239386664496528 0.02722083926200867 0.14538585874769422
7 0.440234 0.668750 0.114844 0.043056
17 0.382812 0.683333 0.032813 0.027778
16 0.433203 0.681944 0.039844 0.033333