0 0.014844 0.626389 0.028125 0.141667
1 0.108984 0.645833 0.107031 0.088889
1 0.199609 0.646528 0.086719 0.070833
3 0.241406 0.578472 0.053125 0.048611
3 0.379688 0.679861 0.051562 0.040278
3 0.509375 0.681944 0.067187 0.044444
3 0.923438 0.659028 0.071875 0.056944
4 0.628906 0.659028 0.042188 0.043056
4 0.924609 0.637500 0.069531 0.063889
7 0.441016 0.679167 0.069531 0.027778
7 0.622656 0.679861 0.051562 0.020833
8 0.685156 0.627083 0.015625 0.101389
9 0.176563 0.572917 0.040625 0.109722
9 0.699609 0.646528 0.016406 0.081944