3 0.9243045806884765 0.6579014672173394 0.06869428753852844 0.06066967646280925
9 0.7007446765899659 0.6464259677463108 0.016520999372005463 0.07909175025092231
4 0.6304031372070312 0.6584449344211154 0.0430058091878891 0.04467723634507921
1 0.20096960067749023 0.6449178907606337 0.08491742610931396 0.07527849939134386
7 0.6227387905120849 0.6804595523410373 0.05291673541069031 0.02009131775961982
3 0.5087268352508545 0.6814407772488065 0.06396186351776123 0.046604749891493054
3 0.3794880390167236 0.6794342464870877 0.05096138715744018 0.041325264506869845
1 0.10971724987030029 0.648988766140408 0.10524868965148926 0.09104592005411784
8 0.6849868297576904 0.6283079359266494 0.01560605615377426 0.10271410412258572
3 0.24207816123962403 0.5785067664252387 0.05338268280029297 0.04596290588378906
7 0.44149274826049806 0.679022471110026 0.0661096453666687 0.0251938263575236
4 0.922419261932373 0.6378463321261936 0.06894296407699585 0.06398486561245388
0 0.016961993277072908 0.6282413058810764 0.02762853801250458 0.1476112577650282
9 0.1780707836151123 0.5734187232123481 0.03882396519184113 0.11514628728230794