4 0.3049459457397461 0.6382623460557726 0.09439212679862977 0.09603890313042535
3 0.432951021194458 0.6804686228434245 0.050767439603805545 0.043978688451978894
3 0.5076626777648926 0.6811358981662327 0.06821441650390625 0.05590630107455784
3 0.37906270027160643 0.6807573954264323 0.05381966233253479 0.04334565003712972
1 0.19836848974227905 0.6330799526638455 0.08370386958122253 0.09288532469007704
1 0.10822376012802123 0.6463659922281901 0.1073413610458374 0.09400467342800564
4 0.4666012763977051 0.6315584818522135 0.09520047307014465 0.06325503985087076
3 0.304748010635376 0.6714268154568143 0.06528679132461548 0.041805020968119305
0 0.016284805536270142 0.6238692389594184 0.027464708685874938 0.14519357681274414
7 0.440234 0.668750 0.114844 0.043056
17 0.382812 0.683333 0.032813 0.027778
16 0.433203 0.681944 0.039844 0.033333