4 0.30462961196899413 0.6385936737060547 0.0938108205795288 0.09504075580173069
3 0.3791675090789795 0.6807423061794705 0.05474441647529602 0.04346361425187853
3 0.5075691223144532 0.6806026034884982 0.06859333515167236 0.054250547620985246
3 0.43280515670776365 0.68184937371148 0.04858693778514862 0.04278424051072863
1 0.19831107854843139 0.6331033494737414 0.08388317227363587 0.0921738518608941
1 0.1084252953529358 0.6461359659830729 0.10788170099258423 0.09389348559909397
4 0.4648251533508301 0.6368805355495877 0.10696103572845458 0.04798134167989095
3 0.3046877861022949 0.6713653988308377 0.06556066870689392 0.04207063515981038
0 0.016310593485832213 0.623955323961046 0.027654051780700684 0.1449737654791938
7 0.440234 0.668750 0.114844 0.043056
17 0.382812 0.683333 0.032813 0.027778
16 0.433203 0.681944 0.039844 0.033333