4 0.304455304145813 0.6371150546603732 0.09454978704452514 0.09942196740044487
3 0.5076971530914307 0.6795632680257161 0.07005448341369629 0.054661766688028975
4 0.45462379455566404 0.6407381693522135 0.10204071998596191 0.04722150166829427
3 0.3788876533508301 0.6796616872151693 0.05277053117752075 0.044391475783454044
1 0.19824599027633666 0.6330153147379557 0.08243919014930726 0.09395180808173285
3 0.4321995735168457 0.6803620656331381 0.050066351890563965 0.041498012012905545
1 0.1080134391784668 0.6468034956190322 0.10568026304244996 0.09459531572129991
3 0.30487236976623533 0.6715829213460286 0.06590700149536133 0.04207645257314046
0 0.016441240906715393 0.6240361955430772 0.026575815677642823 0.1456260363260905
7 0.440234 0.668750 0.114844 0.043056
17 0.382812 0.683333 0.032813 0.027778
16 0.433203 0.681944 0.039844 0.033333