3 0.684766 0.930556 0.136719 0.094444
3 0.453125 0.908333 0.103125 0.075000
3 0.254688 0.704167 0.093750 0.083333
7 0.956641 0.954167 0.082031 0.033333
1 0.194922 0.831944 0.157031 0.108333
7 0.650391 0.916667 0.228906 0.047222
4 0.963672 0.913889 0.069531 0.063889
3 0.514062 0.921528 0.034375 0.034722
1 0.083203 0.809028 0.102344 0.156944
1 0.048828 0.811806 0.092969 0.168056
9 0.184766 0.639583 0.078906 0.059722
9 0.196875 0.661806 0.103125 0.098611
16 0.260156 0.708333 0.068750 0.050000
16 0.219531 0.630556 0.039062 0.052778