4 0.3031122922897339 0.6370047251383464 0.09208210706710815 0.09839772118462456
3 0.5084948539733887 0.6796643575032552 0.06994495391845704 0.0546743286980523
3 0.37852115631103517 0.6805728488498264 0.054605239629745485 0.045222176445855036
3 0.4322041511535645 0.6795094807942709 0.04880706667900085 0.041405357254876034
1 0.19825345277786255 0.6332976023356119 0.08305203318595886 0.094395203060574
1 0.10771253108978271 0.6477299160427518 0.10445020198822022 0.09555144839816623
4 0.4524726390838623 0.6438864390055339 0.09249702095985413 0.04040189584096273
3 0.3045841693878174 0.6717411465115017 0.06463873982429505 0.042382423082987467
0 0.01709989011287689 0.6248811086018881 0.026547262072563173 0.14627599716186523
7 0.440234 0.668750 0.114844 0.043056
17 0.382812 0.683333 0.032813 0.027778
16 0.433203 0.681944 0.039844 0.033333