4 0.3016098737716675 0.6377118428548177 0.09272133708000183 0.0980658213297526
3 0.5080899715423584 0.680518552992079 0.06897695064544677 0.05588868459065755
3 0.3794787168502808 0.6813407474093967 0.056178778409957886 0.045583523644341366
3 0.4318686485290527 0.6803563859727647 0.04970671236515045 0.04413409498002794
1 0.10745633840560913 0.6481685638427734 0.10402315855026245 0.09601806004842123
1 0.19817267656326293 0.6338170793321397 0.08355459570884705 0.09390580919053819
4 0.45850415229797364 0.6452010260687934 0.09507901668548584 0.04320298565758599
3 0.30489258766174315 0.6736985524495442 0.06191103458404541 0.043044858508639865
0 0.01739755868911743 0.6250353495279948 0.026609545946121214 0.14671201705932618
7 0.440234 0.668750 0.114844 0.043056
17 0.382812 0.683333 0.032813 0.027778
16 0.433203 0.681944 0.039844 0.033333