3 0.924219 0.656944 0.071875 0.063889
1 0.198437 0.643056 0.084375 0.069444
4 0.626953 0.659028 0.046094 0.037500
3 0.507031 0.680556 0.065625 0.047222
7 0.623437 0.675694 0.056250 0.020833
3 0.380469 0.679167 0.043750 0.044444
1 0.108984 0.646528 0.108594 0.093056
0 0.016406 0.628472 0.031250 0.151389
3 0.344141 0.663194 0.050781 0.051389
4 0.921875 0.636806 0.068750 0.068056
9 0.182422 0.566667 0.038281 0.127778
7 0.458203 0.674306 0.102344 0.031944
9 0.676172 0.643056 0.014844 0.088889
8 0.749219 0.557639 0.021875 0.101389