3 0.923438 0.655556 0.071875 0.063889
1 0.196875 0.646528 0.084375 0.068056
3 0.507422 0.680556 0.064844 0.047222
7 0.623047 0.677778 0.057031 0.019444
4 0.628125 0.659028 0.046875 0.037500
1 0.107422 0.646528 0.105469 0.095833
3 0.379688 0.679167 0.043750 0.044444
0 0.016016 0.627083 0.030469 0.151389
4 0.920312 0.635417 0.068750 0.068056
3 0.343750 0.663889 0.050000 0.050000
7 0.462891 0.672917 0.110156 0.037500
9 0.675000 0.646528 0.015625 0.084722
9 0.181641 0.571528 0.035156 0.126389
8 0.726172 0.557639 0.016406 0.109722
17 0.381250 0.676389 0.026562 0.030556