3 0.923438 0.659028 0.075000 0.068056
1 0.196484 0.643056 0.085156 0.066667
4 0.919531 0.636806 0.071875 0.068056
7 0.623437 0.674306 0.059375 0.020833
3 0.506641 0.677083 0.066406 0.048611
4 0.628125 0.655556 0.051562 0.041667
1 0.107422 0.643056 0.105469 0.094444
9 0.675000 0.647917 0.014063 0.087500
3 0.344141 0.661806 0.052344 0.051389
0 0.016016 0.629167 0.030469 0.152778
3 0.379688 0.680556 0.043750 0.041667
7 0.457422 0.674306 0.099219 0.031944
5 0.667188 0.605556 0.020313 0.091667
9 0.185938 0.572917 0.032813 0.120833
8 0.686719 0.600694 0.026562 0.093056
17 0.380859 0.683333 0.033594 0.030556