3 0.923828 0.660417 0.074219 0.070833
4 0.920312 0.636806 0.071875 0.070833
3 0.379297 0.678472 0.046094 0.043056
4 0.629297 0.658333 0.047656 0.038889
1 0.196875 0.642361 0.089063 0.068056
7 0.624219 0.677083 0.056250 0.020833
3 0.506250 0.679861 0.067187 0.048611
1 0.109766 0.644444 0.111719 0.097222
0 0.017578 0.627778 0.032031 0.152778
9 0.675781 0.648611 0.014063 0.083333
9 0.196875 0.570833 0.021875 0.119444
7 0.440625 0.678472 0.065625 0.023611
3 0.344531 0.663889 0.048438 0.050000
5 0.653125 0.611806 0.023438 0.087500
17 0.379297 0.681250 0.024219 0.031944