3 0.923828 0.660417 0.074219 0.070833
3 0.378906 0.678472 0.045312 0.043056
4 0.920312 0.636806 0.071875 0.070833
4 0.628516 0.658333 0.047656 0.038889
1 0.196875 0.641667 0.087500 0.066667
7 0.624219 0.677083 0.054688 0.020833
3 0.506250 0.679861 0.067187 0.048611
1 0.109766 0.644444 0.111719 0.097222
0 0.017578 0.627778 0.032031 0.152778
9 0.198047 0.570833 0.021094 0.122222
9 0.675391 0.647222 0.013281 0.083333
3 0.344141 0.664583 0.047656 0.048611
7 0.440625 0.678472 0.065625 0.023611
5 0.651563 0.610417 0.021875 0.084722
17 0.377344 0.685417 0.023438 0.026389