3 0.923438 0.659028 0.075000 0.068056
3 0.378516 0.677083 0.046094 0.043056
4 0.629297 0.659028 0.049219 0.040278
4 0.919531 0.636806 0.071875 0.070833
1 0.196875 0.643056 0.087500 0.066667
7 0.624609 0.675694 0.058594 0.020833
3 0.506641 0.678472 0.066406 0.048611
1 0.108984 0.643056 0.110156 0.097222
9 0.197656 0.570833 0.020313 0.127778
0 0.017188 0.625694 0.031250 0.154167
9 0.675781 0.646528 0.014063 0.081944
7 0.441016 0.677083 0.066406 0.023611
3 0.344141 0.663194 0.047656 0.048611
8 0.628906 0.605556 0.026562 0.094444
17 0.383203 0.677778 0.028906 0.027778