3 0.923438 0.660417 0.075000 0.070833
4 0.919531 0.636806 0.071875 0.070833
1 0.196875 0.643056 0.087500 0.066667
3 0.379688 0.679167 0.043750 0.044444
4 0.626172 0.659028 0.049219 0.040278
3 0.505078 0.679167 0.067969 0.052778
7 0.622656 0.675694 0.059375 0.018056
1 0.109766 0.643056 0.110156 0.097222
9 0.199609 0.571528 0.021094 0.118056
0 0.017188 0.627778 0.031250 0.152778
9 0.675391 0.647917 0.013281 0.081944
3 0.343750 0.660417 0.050000 0.054167
7 0.441016 0.677083 0.064844 0.023611
8 0.591406 0.580556 0.031250 0.113889
17 0.383203 0.686806 0.028906 0.031944