3 0.923438 0.660417 0.075000 0.070833
4 0.919531 0.636806 0.071875 0.070833
1 0.197266 0.640972 0.088281 0.065278
3 0.505469 0.679167 0.067187 0.052778
9 0.200391 0.569444 0.021094 0.119444
3 0.379688 0.679167 0.043750 0.044444
4 0.627344 0.656944 0.050000 0.041667
1 0.109766 0.643056 0.111719 0.097222
7 0.622656 0.675694 0.059375 0.018056
0 0.017188 0.627778 0.031250 0.152778
9 0.674609 0.646528 0.014844 0.081944
3 0.343750 0.660417 0.050000 0.054167
7 0.441016 0.677083 0.064844 0.023611
8 0.586328 0.575694 0.028906 0.118056
17 0.382812 0.679861 0.028125 0.031944