3 0.923438 0.658333 0.075000 0.072222
1 0.196484 0.640972 0.086719 0.065278
4 0.920312 0.635417 0.071875 0.068056
3 0.504687 0.679167 0.071875 0.050000
3 0.343750 0.663889 0.050000 0.050000
1 0.109766 0.643056 0.111719 0.097222
7 0.625391 0.674306 0.058594 0.020833
4 0.629297 0.657639 0.050781 0.037500
9 0.203906 0.561806 0.017188 0.134722
3 0.378125 0.679167 0.046875 0.044444
9 0.676172 0.644444 0.016406 0.088889
0 0.017188 0.627778 0.031250 0.152778
7 0.440234 0.677083 0.063281 0.023611
8 0.583203 0.610417 0.014844 0.093056
17 0.381641 0.680556 0.035156 0.044444