3 0.923828 0.659722 0.074219 0.072222
1 0.197266 0.641667 0.085156 0.066667
4 0.920312 0.636111 0.071875 0.069444
3 0.505859 0.679167 0.071094 0.050000
4 0.628906 0.657639 0.050000 0.037500
3 0.343750 0.663889 0.050000 0.050000
1 0.109766 0.644444 0.111719 0.097222
9 0.205078 0.563889 0.016406 0.133333
3 0.379297 0.679167 0.047656 0.044444
9 0.676172 0.645833 0.016406 0.088889
7 0.625391 0.675694 0.058594 0.020833
0 0.017578 0.627778 0.032031 0.152778
7 0.441406 0.678472 0.064062 0.023611
5 0.584375 0.613889 0.015625 0.091667
17 0.380469 0.680556 0.029687 0.036111