3 0.923828 0.660417 0.074219 0.070833
4 0.920312 0.636806 0.071875 0.070833
1 0.197266 0.641667 0.085156 0.066667
3 0.505859 0.679167 0.069531 0.050000
9 0.204297 0.563889 0.017969 0.133333
1 0.109375 0.644444 0.110937 0.097222
3 0.379297 0.669444 0.052344 0.050000
0 0.017578 0.627778 0.032031 0.152778
3 0.342187 0.663194 0.045312 0.048611
4 0.629297 0.656250 0.049219 0.037500
7 0.626172 0.675000 0.057031 0.022222
7 0.440234 0.678472 0.066406 0.023611
9 0.674219 0.643750 0.014063 0.079167
5 0.587109 0.620833 0.013281 0.091667
17 0.384766 0.675000 0.030469 0.041667