3 0.923828 0.660417 0.074219 0.070833
4 0.920312 0.636806 0.071875 0.070833
1 0.196875 0.641667 0.084375 0.066667
9 0.203125 0.565278 0.018750 0.133333
3 0.505859 0.679167 0.069531 0.050000
3 0.342578 0.663889 0.046094 0.047222
3 0.381250 0.662500 0.050000 0.050000
1 0.109375 0.644444 0.110937 0.097222
0 0.017578 0.627778 0.032031 0.152778
4 0.628906 0.656944 0.048438 0.038889
7 0.439844 0.678472 0.068750 0.023611
7 0.626172 0.675694 0.057031 0.023611
9 0.673438 0.643056 0.014063 0.080556
5 0.588672 0.622917 0.013281 0.090278
17 0.386719 0.665972 0.025000 0.037500