3 0.923828 0.660417 0.074219 0.070833
9 0.202734 0.564583 0.019531 0.131944
4 0.920703 0.636111 0.071094 0.069444
1 0.197266 0.641667 0.083594 0.066667
3 0.506250 0.679167 0.068750 0.050000
1 0.109375 0.644444 0.110937 0.097222
3 0.342969 0.663889 0.045312 0.047222
0 0.017188 0.627778 0.031250 0.152778
4 0.628906 0.656944 0.048438 0.038889
7 0.440234 0.678472 0.066406 0.023611
7 0.626563 0.675694 0.056250 0.023611
9 0.673828 0.643056 0.013281 0.080556
5 0.587109 0.622222 0.013281 0.091667
3 0.379297 0.650694 0.052344 0.048611
17 0.382422 0.647222 0.033594 0.047222