3 0.923438 0.660417 0.075000 0.070833
9 0.201953 0.564583 0.019531 0.131944
4 0.920312 0.635417 0.071875 0.068056
1 0.197266 0.641667 0.085156 0.066667
3 0.506250 0.679167 0.068750 0.050000
1 0.109766 0.643056 0.111719 0.097222
4 0.626953 0.655556 0.047656 0.038889
7 0.625000 0.674306 0.056250 0.023611
0 0.017188 0.627778 0.031250 0.152778
7 0.439453 0.677778 0.069531 0.022222
3 0.342578 0.664583 0.047656 0.045833
9 0.673047 0.643056 0.013281 0.080556
5 0.586328 0.621528 0.013281 0.090278
3 0.382031 0.638194 0.051562 0.048611
17 0.381641 0.634722 0.036719 0.038889