3 0.923438 0.658333 0.075000 0.072222
3 0.505859 0.678472 0.066406 0.051389
9 0.201953 0.564583 0.021094 0.129167
4 0.920312 0.635417 0.071875 0.068056
1 0.197266 0.641667 0.085156 0.066667
4 0.626953 0.655556 0.047656 0.038889
1 0.108984 0.643056 0.110156 0.097222
7 0.440234 0.675694 0.066406 0.023611
7 0.623828 0.674306 0.057031 0.023611
0 0.017188 0.627778 0.031250 0.152778
3 0.342578 0.664583 0.047656 0.045833
9 0.673047 0.644444 0.013281 0.080556
5 0.584375 0.618056 0.012500 0.091667
3 0.375391 0.627778 0.055469 0.058333
17 0.376953 0.630556 0.028906 0.044444