3 0.923438 0.659028 0.075000 0.068056
3 0.506250 0.678472 0.065625 0.051389
1 0.196484 0.641667 0.086719 0.066667
9 0.201172 0.566667 0.021094 0.127778
4 0.920312 0.635417 0.071875 0.068056
1 0.109766 0.643056 0.111719 0.097222
4 0.628516 0.657639 0.047656 0.037500
7 0.441016 0.676389 0.066406 0.022222
0 0.017188 0.627778 0.031250 0.152778
7 0.623437 0.676389 0.056250 0.022222
3 0.342578 0.663194 0.049219 0.048611
9 0.674219 0.644444 0.014063 0.080556
5 0.585938 0.620833 0.014063 0.086111
3 0.379688 0.611806 0.056250 0.054167
17 0.379297 0.611111 0.038281 0.038889