3 0.924219 0.659722 0.073438 0.069444
1 0.198047 0.647222 0.088281 0.069444
3 0.505469 0.679167 0.067187 0.047222
4 0.920703 0.636806 0.071094 0.070833
1 0.108984 0.646528 0.103906 0.093056
4 0.628516 0.656944 0.053906 0.041667
7 0.625391 0.677083 0.061719 0.020833
9 0.187109 0.527778 0.061719 0.061111
3 0.344531 0.663194 0.053125 0.048611
7 0.440625 0.678472 0.065625 0.023611
0 0.016406 0.625694 0.028125 0.148611
3 0.252344 0.553472 0.056250 0.062500
9 0.671094 0.611111 0.018750 0.077778
17 0.258203 0.554861 0.027344 0.034722