3 0.923828 0.659028 0.072656 0.070833
9 0.185547 0.518750 0.083594 0.065278
1 0.198828 0.645139 0.089844 0.065278
4 0.920703 0.636806 0.071094 0.070833
3 0.505469 0.678472 0.067187 0.048611
1 0.109375 0.645833 0.106250 0.094444
4 0.628516 0.657639 0.053906 0.040278
7 0.626172 0.677083 0.063281 0.020833
0 0.016797 0.626389 0.030469 0.150000
3 0.344531 0.664583 0.053125 0.048611
7 0.440625 0.677778 0.065625 0.022222
3 0.235937 0.567361 0.053125 0.054167
9 0.666797 0.624306 0.019531 0.079167
17 0.231250 0.568750 0.031250 0.040278