3 0.923828 0.659028 0.072656 0.070833
9 0.182812 0.518750 0.084375 0.065278
1 0.198437 0.645139 0.089063 0.065278
3 0.505469 0.678472 0.067187 0.048611
4 0.920703 0.636806 0.071094 0.070833
1 0.109766 0.644444 0.107031 0.094444
4 0.628516 0.657639 0.053906 0.040278
7 0.625781 0.677083 0.062500 0.020833
0 0.017188 0.627083 0.031250 0.151389
3 0.344141 0.663194 0.053906 0.048611
7 0.440625 0.677778 0.065625 0.022222
3 0.228125 0.569444 0.053125 0.052778
9 0.664453 0.621528 0.017969 0.070833
17 0.229297 0.577083 0.030469 0.031944