3 0.923828 0.660417 0.074219 0.070833
4 0.920703 0.636806 0.071094 0.070833
3 0.505859 0.678472 0.067969 0.048611
1 0.196875 0.643750 0.089063 0.059722
4 0.626563 0.658333 0.051562 0.038889
1 0.110547 0.645833 0.108594 0.094444
9 0.166406 0.536806 0.073438 0.087500
7 0.623828 0.675694 0.058594 0.020833
0 0.018359 0.629167 0.032031 0.152778
3 0.344141 0.663194 0.053906 0.048611
7 0.440625 0.677083 0.065625 0.023611
3 0.212891 0.583333 0.055469 0.047222
9 0.654687 0.618056 0.017188 0.100000
17 0.214453 0.582639 0.028906 0.029167