3 0.923828 0.660417 0.074219 0.070833
9 0.167578 0.531250 0.075781 0.090278
4 0.920312 0.637500 0.071875 0.069444
3 0.505859 0.679167 0.067969 0.047222
1 0.196484 0.643056 0.089844 0.061111
1 0.110156 0.645139 0.109375 0.095833
7 0.624609 0.675694 0.060156 0.020833
4 0.628906 0.658333 0.053125 0.038889
9 0.644531 0.619444 0.018750 0.094444
0 0.017969 0.629861 0.032813 0.151389
3 0.344141 0.663194 0.053906 0.048611
7 0.440625 0.677778 0.065625 0.022222
3 0.212891 0.582639 0.050781 0.056944
17 0.217578 0.581944 0.033594 0.038889