3 0.923828 0.660417 0.074219 0.070833
9 0.171484 0.529167 0.075781 0.094444
4 0.920312 0.637500 0.071875 0.069444
3 0.505469 0.679167 0.067187 0.047222
1 0.196094 0.643750 0.089063 0.062500
1 0.110156 0.644444 0.109375 0.097222
7 0.625000 0.675694 0.059375 0.020833
4 0.629297 0.659028 0.052344 0.037500
9 0.644922 0.618750 0.019531 0.095833
0 0.017969 0.629861 0.032813 0.151389
3 0.344531 0.663194 0.054688 0.048611
3 0.212891 0.584028 0.049219 0.054167
7 0.440625 0.677778 0.065625 0.022222
17 0.216797 0.582639 0.032031 0.040278