3 0.923828 0.660417 0.074219 0.070833
9 0.184766 0.529167 0.071094 0.100000
4 0.920703 0.637500 0.071094 0.069444
3 0.506250 0.679167 0.067187 0.047222
4 0.629297 0.658333 0.052344 0.038889
7 0.624609 0.676389 0.060156 0.022222
1 0.196094 0.643056 0.087500 0.061111
1 0.110156 0.644444 0.107813 0.097222
0 0.018359 0.630556 0.033594 0.152778
3 0.344141 0.663194 0.053906 0.048611
9 0.641016 0.621528 0.017969 0.087500
3 0.212109 0.585417 0.046094 0.051389
7 0.440625 0.677778 0.065625 0.022222
17 0.211719 0.587500 0.039062 0.041667