3 0.923438 0.659028 0.071875 0.068056
4 0.628516 0.656944 0.049219 0.038889
3 0.506641 0.679167 0.066406 0.047222
7 0.622656 0.675694 0.057813 0.020833
1 0.109375 0.646528 0.109375 0.093056
4 0.920312 0.635417 0.068750 0.068056
1 0.197266 0.639583 0.083594 0.062500
0 0.017188 0.630556 0.031250 0.152778
3 0.344141 0.661806 0.053906 0.048611
7 0.441016 0.677778 0.064844 0.022222
9 0.182031 0.547222 0.054688 0.086111
3 0.228516 0.586806 0.046094 0.068056
17 0.198047 0.613889 0.024219 0.050000
17 0.225000 0.582639 0.026562 0.040278