3 0.6895246505737305 0.9397750854492187 0.1367868423461914 0.09133235083685981
1 0.19923908710479737 0.8406441582573785 0.15058600902557373 0.10980115466647677
3 0.5242971897125244 0.913822513156467 0.032493573427200315 0.03450750509897868
3 0.40108532905578614 0.7474299112955729 0.08404138684272766 0.08126565085517036
3 0.4589221954345703 0.8963727315266927 0.10014475584030151 0.07617713610331217
1 0.04915437698364258 0.8207898457845052 0.08927574157714843 0.17289182874891493
3 0.4791978359222412 0.9263804117838542 0.03624140024185181 0.03490928543938531
4 0.974184799194336 0.9217270745171441 0.05470876693725586 0.06525833871629504
1 0.08281123042106628 0.8177554660373264 0.09603732228279113 0.14235881169637044
7 0.6638394355773926 0.9251808166503906 0.21996066570281983 0.04903535842895508
5 0.9345245361328125 0.8767317877875433 0.018268024921417235 0.17931785583496093
9 0.21220643520355226 0.7633387247721354 0.02919420599937439 0.07818477418687608
8 0.9345245361328125 0.8767317877875433 0.018268024921417235 0.17931785583496093