3 0.6893872261047364 0.9397115919325086 0.13776700496673583 0.09176864624023437
1 0.19924697875976563 0.8410792880588107 0.1589813709259033 0.11299343109130859
3 0.41882548332214353 0.7560454474555122 0.09104058146476746 0.08900908364189995
3 0.5241723537445069 0.9137915717230902 0.032895758748054504 0.034475774235195586
1 0.05046501159667969 0.8195699055989584 0.09043877124786377 0.17321063147650825
3 0.45859665870666505 0.8962945726182726 0.09535088539123535 0.07959485583835178
3 0.4789734363555908 0.926611328125 0.0362725555896759 0.034543040063646106
1 0.08262407183647155 0.8182127210828993 0.09656826257705689 0.13899400499131945
4 0.9734884262084961 0.9217386881510417 0.055676990747451784 0.06271309322781032
9 0.2112184524536133 0.7670574612087674 0.02884458899497986 0.08476057582431369
5 0.9343723297119141 0.8774654812282986 0.018372833728790283 0.17234441969129774
7 0.664184284210205 0.9252379523383246 0.21997685432434083 0.05098340776231554
8 0.9191545486450196 0.8776516384548612 0.018187634646892548 0.1923166275024414
8 0.9343723297119141 0.8774654812282986 0.018372833728790283 0.17234441969129774