3 0.6883742332458496 0.9395481533474392 0.13779730796813966 0.09239059024386936
1 0.19373226165771484 0.8420566134982639 0.15719038248062134 0.1173060417175293
3 0.5234296321868896 0.914160410563151 0.03483494520187378 0.034977645344204375
3 0.45595545768737794 0.8971179538302951 0.10138926506042481 0.07789274321662056
9 0.21032240390777587 0.7679725646972656 0.030392402410507204 0.0831485324435764
1 0.05005132555961609 0.8197927686903211 0.08803856372833252 0.1652690569559733
1 0.08158313035964966 0.8233851114908854 0.09771427512168884 0.13062043719821506
3 0.47782421112060547 0.9259550306532118 0.03668271005153656 0.03476657337612576
3 0.4535232067108154 0.7728586832682292 0.08485862016677856 0.09510125054253472
4 0.9727262496948242 0.924025132921007 0.05546694993972778 0.06311709615919325
5 0.9326903343200683 0.8786802503797743 0.019068746268749236 0.16890665690104167
7 0.6540300846099854 0.9221798366970486 0.23675093650817872 0.052783436245388456
8 0.9326903343200683 0.8786802503797743 0.019068746268749236 0.16890665690104167
8 0.9197250366210937 0.8797139485677083 0.018672445416450502 0.18552676306830512