3 0.6869293212890625 0.9390535142686632 0.13699512481689452 0.09293816884358724
1 0.19268128871917725 0.840936024983724 0.15103549957275392 0.118953185611301
9 0.20942273139953613 0.7675529479980469 0.030873364210128783 0.0790880839029948
3 0.4547751426696777 0.8964131673177084 0.10525116920471192 0.07624635696411133
3 0.5229602336883545 0.9141014946831597 0.031348240375518796 0.03164109653896756
1 0.08108589053153992 0.8270831637912326 0.09571290612220765 0.12415421803792318
3 0.4766719818115234 0.9260436164008247 0.033420178294181827 0.03407760461171468
3 0.4610462665557861 0.7749600728352865 0.0864974319934845 0.10021360185411242
5 0.9322796821594238 0.8773111979166667 0.018472276628017426 0.1674197196960449
1 0.05002577900886536 0.8189113193088108 0.0850801169872284 0.1642735481262207
7 0.6521912574768066 0.9221977233886719 0.24301674365997314 0.05254953172471788
4 0.9729646682739258 0.9218421936035156 0.056703442335128786 0.06085704697502984
8 0.9193471908569336 0.8784335666232639 0.018825867772102357 0.18438635932074654