3 0.685887336730957 0.9390201992458768 0.1363579511642456 0.09310916264851889
1 0.18849704265594483 0.8421405368381076 0.1490972638130188 0.1202810181511773
9 0.2082855224609375 0.7671556260850695 0.029702889919281005 0.08195920520358616
3 0.47507543563842775 0.7782242668999566 0.09077975749969483 0.09145478142632378
3 0.47590975761413573 0.9262374877929688 0.03193092048168182 0.03530169328053792
3 0.45490164756774903 0.8968849182128906 0.10623340606689453 0.07327886157565647
1 0.0811089277267456 0.8331454806857639 0.09289560317993165 0.11546090443929037
5 0.932315444946289 0.8772516886393229 0.018562746047973634 0.16336998409695094
4 0.9723342895507813 0.921614498562283 0.057036972045898436 0.06125018331739637
1 0.049384000897407535 0.8184727138943142 0.08165169954299926 0.1659486452738444
7 0.6507809638977051 0.922306145562066 0.2395728588104248 0.051223373413085936
3 0.5216359615325927 0.9157619900173611 0.03312656581401825 0.028363866276211208
8 0.9189914703369141 0.878985341389974 0.019390797615051268 0.18139283921983507