3 0.6810742378234863 0.9390249464246961 0.13545145988464355 0.09280798170301649
3 0.5336946964263916 0.7755372789171007 0.08931496143341064 0.09210621515909831
9 0.20314152240753175 0.7654310438368056 0.03165655136108399 0.08195986747741699
3 0.47072663307189944 0.9272762722439236 0.03388395607471466 0.033620074060228135
3 0.4444972038269043 0.8896112230088976 0.10269652605056763 0.07239329020182292
5 0.9307426452636719 0.8751644558376737 0.018813297152519226 0.15956932703653973
1 0.1861341714859009 0.8431185404459636 0.14368891716003418 0.10523899926079644
7 0.6480715274810791 0.9255757649739583 0.22481276988983154 0.04958531061808268
4 0.9700442314147949 0.9213740030924479 0.05841262340545654 0.057095909118652345
1 0.07835860252380371 0.8419596354166666 0.0914350688457489 0.10080799526638455
8 0.9141806602478028 0.8760413275824652 0.01797168105840683 0.1925374772813585
1 0.04432841837406158 0.8233210245768229 0.06554453372955323 0.1477750990125868