3 0.6801684379577637 0.9396441989474826 0.13424803018569947 0.0928677135043674
3 0.4696474075317383 0.927018568250868 0.03261193037033081 0.033817656834920246
9 0.20173933506011962 0.7663923475477431 0.031813043355941775 0.08050276438395182
3 0.545009708404541 0.7713067796495225 0.09276950955390931 0.08594342867533365
3 0.445691442489624 0.8884162055121527 0.10643578767776489 0.07415218883090549
5 0.9305493354797363 0.8754618326822917 0.019415734708309172 0.1567702293395996
1 0.18521498441696166 0.8432989332411024 0.1426457405090332 0.10533285140991211
7 0.6503024578094483 0.9256869845920139 0.22406337261199952 0.04915574391682943
4 0.9694171905517578 0.9214556376139323 0.05897170901298523 0.05703715218438043
8 0.913514518737793 0.8756058586968316 0.01775295436382294 0.19362994299994574
1 0.07867923378944397 0.8484239366319445 0.09196513295173644 0.09890593422783746
1 0.04518455862998962 0.8243840535481771 0.06490253806114196 0.14647668202718098