3 0.56566162109375 0.7673021952311198 0.0871794879436493 0.09185273912217883
3 0.6779236316680908 0.9401432461208767 0.13340263366699218 0.09334051344129775
3 0.4668559551239014 0.9284640842013889 0.030375206470489503 0.033119002978006996
9 0.1982718825340271 0.7669680277506511 0.0303546667098999 0.08434953689575195
1 0.18157830238342285 0.8434664408365885 0.14143699407577515 0.10622568130493164
3 0.4412343978881836 0.8925410800509983 0.09957975149154663 0.07382667859395345
5 0.9294109344482422 0.8744859483506945 0.01936034709215164 0.1564997884962294
7 0.6480792045593262 0.9260138617621527 0.22190701961517334 0.04926947487725152
4 0.9674647331237793 0.9212749905056423 0.06075253486633301 0.05665837393866645
8 0.9131265640258789 0.8763656616210938 0.01792582720518112 0.18854149712456597
1 0.07784283757209778 0.8488267686631944 0.09411005973815918 0.0961377567715115
1 0.03751974701881409 0.8203784518771702 0.08288198709487915 0.17572251425849067