3 0.5968541622161865 0.761206309000651 0.08567919731140136 0.08144140243530273
3 0.6660080432891846 0.9422101338704427 0.13459068536758423 0.09320343865288629
3 0.4339496612548828 0.8939395480685763 0.09799719452857972 0.07577657169765896
1 0.16857507228851318 0.8448921203613281 0.13982808589935303 0.10780966016981337
3 0.456041955947876 0.9295572068956163 0.030783507227897643 0.03175222078959147
9 0.1866819977760315 0.7680653042263454 0.03219020068645477 0.07932359907362196
1 0.03380948603153229 0.8257453070746528 0.0635799527168274 0.1733668009440104
7 0.6388669967651367 0.9265728420681424 0.21954500675201416 0.047152074178059895
1 0.05922219753265381 0.8499002244737414 0.0921793520450592 0.10487347708808051
5 0.9125357627868652 0.8787873162163629 0.017593654990196227 0.16023827658759224
4 0.9588936805725098 0.9239497714572482 0.07066906094551087 0.06230542924669054
8 0.9003347396850586 0.8801542494032119 0.01829688996076584 0.1749383184644911
3 0.49723091125488283 0.9198252360026041 0.033118638396263125 0.0340553601582845
7 0.9502970695495605 0.9630807664659288 0.10119447708129883 0.03174886438581678