3 0.6005372524261474 0.7578808254665799 0.08558297157287598 0.07781847318013509
3 0.6639954566955566 0.9419692145453559 0.13206250667572023 0.09378280639648437
3 0.4334845066070557 0.8906206766764323 0.09968071579933166 0.07545686297946506
1 0.16695951223373412 0.8449455261230469 0.13877784013748168 0.10955453448825413
9 0.18404508829116822 0.7682937622070313 0.033011320233345035 0.07995690239800347
3 0.45380239486694335 0.9292529635959201 0.029643294215202332 0.032449462678697374
1 0.03258014321327209 0.8253842671712239 0.06156079769134522 0.17224179373847115
5 0.9115923881530762 0.8770213656955295 0.01787593066692352 0.1600897471110026
7 0.6371399879455566 0.9263602362738715 0.2167052745819092 0.047560591167873804
1 0.057528913021087646 0.8495800442165798 0.09095150828361512 0.10682299931844076
4 0.9592010498046875 0.921779293484158 0.07417509555816651 0.06193466716342502
8 0.8992134094238281 0.8787469651963976 0.01842115819454193 0.1745036549038357
3 0.49652872085571287 0.9194101121690538 0.033640438318252565 0.03478206263648139
7 0.9499561309814453 0.9629949781629774 0.10289461612701416 0.03130840195549859