3 0.658594 0.940972 0.134375 0.095833
1 0.164844 0.843750 0.137500 0.109722
3 0.450391 0.927778 0.033594 0.036111
9 0.181250 0.767361 0.032813 0.079167
3 0.443750 0.877083 0.101562 0.090278
1 0.030469 0.825694 0.059375 0.170833
5 0.908984 0.875694 0.017969 0.156944
4 0.957422 0.920833 0.075781 0.063889
3 0.493750 0.914583 0.032813 0.037500
1 0.054297 0.848611 0.089844 0.105556
7 0.631641 0.926389 0.217969 0.050000
3 0.625781 0.759028 0.064062 0.073611
8 0.896875 0.877083 0.018750 0.176389
7 0.947266 0.962500 0.105469 0.030556