3 0.645312 0.940278 0.139063 0.091667
3 0.435937 0.928472 0.040625 0.034722
4 0.948047 0.923611 0.086719 0.063889
1 0.157812 0.844444 0.140625 0.108333
5 0.893359 0.877083 0.017969 0.156944
9 0.170703 0.769444 0.030469 0.086111
1 0.023828 0.828472 0.046094 0.170833
3 0.476562 0.800000 0.075000 0.069444
1 0.047266 0.850000 0.086719 0.100000
3 0.668750 0.775694 0.081250 0.079167
7 0.612109 0.927778 0.199219 0.050000
7 0.939063 0.959722 0.121875 0.030556
8 0.878516 0.877778 0.017969 0.191667
3 0.486328 0.915972 0.030469 0.045833