3 0.641797 0.938889 0.135156 0.091667
3 0.432812 0.927778 0.037500 0.036111
9 0.166797 0.768056 0.033594 0.080556
4 0.944531 0.923611 0.085938 0.063889
5 0.892578 0.876389 0.017969 0.161111
1 0.021094 0.829167 0.040625 0.166667
1 0.156250 0.844444 0.140625 0.111111
3 0.677734 0.784722 0.092969 0.094444
3 0.492969 0.791667 0.075000 0.063889
1 0.044922 0.849306 0.085156 0.098611
7 0.607812 0.927778 0.204687 0.050000
7 0.936328 0.960417 0.125781 0.029167
8 0.876172 0.877778 0.017969 0.191667
0 0.990234 0.867361 0.014844 0.126389
3 0.485156 0.917361 0.029687 0.040278