3 0.419922 0.926389 0.039844 0.036111
3 0.628906 0.939583 0.137500 0.093056
1 0.137891 0.843750 0.139844 0.109722
4 0.929688 0.922917 0.082812 0.059722
3 0.526172 0.785417 0.088281 0.065278
9 0.152344 0.766667 0.032813 0.083333
7 0.926562 0.959028 0.126562 0.031944
7 0.603516 0.924306 0.202344 0.051389
5 0.876172 0.874306 0.017969 0.156944
1 0.020703 0.831250 0.039844 0.143056
8 0.866016 0.876389 0.017969 0.175000
3 0.711719 0.800694 0.087500 0.106944
1 0.032813 0.852778 0.059375 0.086111
3 0.470703 0.912500 0.036719 0.044444