4 0.33318138122558594 0.87352540757921 0.08025810122489929 0.05808951059977214
3 0.9534578323364258 0.8945618523491754 0.09107918739318847 0.12593236499362523
3 0.6890677452087403 0.709983868069119 0.0975337028503418 0.07785850630866156
3 0.5798292636871338 0.7293277316623263 0.09614529609680175 0.0732688479953342
3 0.051205497980117795 0.9093663533528645 0.09982255697250367 0.09200047387017143
4 0.9437116622924805 0.8588775634765625 0.11334973573684692 0.16766688028971355
7 0.3281891107559204 0.9132303025987413 0.12619720697402953 0.03378677633073595
9 0.19779287576675414 0.8351808336046007 0.025853890180587768 0.16925493876139322
8 0.27538132667541504 0.8242295159233941 0.018091084063053132 0.1780008316040039
5 0.28938632011413573 0.8295116848415799 0.01720016896724701 0.15404902564154732
8 0.2682284116744995 0.820106930202908 0.017269568145275117 0.1869447284274631