3 0.18807185888290406 0.9352951049804688 0.0384954959154129 0.037681892183091904
3 0.39964163303375244 0.9417574564615886 0.13446357250213622 0.09578955968221028
3 0.23432161808013915 0.9163908216688368 0.03733921647071838 0.03532161447736952
7 0.3643790721893311 0.9245748731825086 0.1967931270599365 0.05774765014648438
7 0.6909946918487548 0.9580242580837673 0.12074952125549317 0.032168131404452856
3 0.9021540641784668 0.9467925177680121 0.10442507266998291 0.08543284734090169
4 0.6944900035858155 0.9202063666449652 0.07078008651733399 0.06207767062717014
8 0.6305258274078369 0.8738583034939236 0.021841822564601897 0.1809123780992296
9 0.613158893585205 0.8813003540039063 0.029666054248809814 0.17006671693589953
5 0.6305258274078369 0.8738583034939236 0.021841822564601897 0.1809123780992296
5 0.6440220355987549 0.8718518575032552 0.021948087215423583 0.15489117304484049