4 0.7654327392578125 0.9279097663031683 0.07669652700424194 0.061557435989379884
3 0.4646770477294922 0.9474611070421007 0.13495943546295167 0.0901494132147895
3 0.2555063724517822 0.9399548000759549 0.04052644371986389 0.03819173706902398
7 0.7609243392944336 0.9660629272460938 0.12126802206039429 0.03128774960835775
3 0.30141463279724123 0.9221594916449652 0.03868093490600586 0.035924394925435386
7 0.434997034072876 0.9298867967393664 0.2061530828475952 0.04900152948167589
1 0.030483216047286987 0.858392079671224 0.05713088512420654 0.133303705851237
9 0.6821029186248779 0.8908020867241754 0.02891453504562378 0.17451580895317925
3 0.9584654808044434 0.9511063469780816 0.08137727975845337 0.08434660699632433
8 0.7035522937774659 0.8774993048773871 0.019203586876392363 0.17501845889621312
5 0.7161322116851807 0.8786433749728733 0.019351886212825777 0.16438683403862847
5 0.7035522937774659 0.8774993048773871 0.019203586876392363 0.17501845889621312