4 0.8143077850341797 0.9297637939453125 0.07949865460395814 0.06021678712632921
1 0.051952588558197024 0.8585788302951389 0.10115604400634766 0.12225737041897244
3 0.5125664710998535 0.9477399190266927 0.13665492534637452 0.09058900409274631
3 0.3052928924560547 0.9394957648383246 0.037664744257926944 0.03700893719991048
7 0.8090018272399903 0.9680640326605903 0.11684266328811646 0.03272549046410455
7 0.4833117961883545 0.9321268717447917 0.20934481620788575 0.05081596904330783
9 0.02885531187057495 0.7783939785427517 0.03823627233505249 0.0849121888478597
3 0.3503913640975952 0.9280683729383681 0.04174824059009552 0.0358753866619534
9 0.7273951053619385 0.8909603542751736 0.02715270221233368 0.1714414490593804
3 0.9791678428649903 0.9532927619086371 0.03993600308895111 0.06742744975619847
9 0.7400875091552734 0.8891341315375434 0.02440735846757889 0.16909651226467556
5 0.7584425926208496 0.8818813747829861 0.02036373019218445 0.16698612636990018
8 0.7461408615112305 0.881253899468316 0.01740666329860687 0.1731772846645779
5 0.7461408615112305 0.881253899468316 0.01740666329860687 0.1731772846645779