4 0.8315902709960937 0.9318143208821614 0.080295330286026 0.06538352966308594
3 0.5297477722167969 0.9476232740614149 0.13514745235443115 0.09084572262234158
1 0.060240572690963744 0.8587120903862847 0.11443110704421997 0.12167846891615126
3 0.3195566892623901 0.9399639553493924 0.03950464129447937 0.03510928153991699
7 0.8249608039855957 0.9690021091037326 0.12293045520782471 0.03128619988759359
7 0.49948816299438475 0.9343871222601996 0.21527626514434814 0.053664546542697485
9 0.04703452587127686 0.7808353847927517 0.035396790504455565 0.08706436157226563
9 0.7455883979797363 0.8936223347981771 0.025578582286834718 0.18145503997802734
3 0.36681935787200926 0.9270271301269531 0.04268566370010376 0.04286682870652941
5 0.7778168678283691 0.8817109849717882 0.021631838381290437 0.16424424913194444
8 0.7618255138397216 0.8822018093532986 0.020750841498374938 0.18195546468098958