3 0.5461154460906983 0.9474462721082899 0.13051292896270753 0.09382731119791667
7 0.841276741027832 0.9702471415201823 0.12262954711914062 0.03369153340657552
7 0.5162041187286377 0.9311171637641059 0.21523406505584716 0.05841654671563042
1 0.06465581059455872 0.8589938693576389 0.12351949214935302 0.12099534140692816
4 0.8471791267395019 0.9343670315212673 0.07742242813110352 0.060985602272881405
3 0.3366262674331665 0.9413302951388889 0.03954094350337982 0.03449619876013862
9 0.7596594810485839 0.8959293789333768 0.027577784657478333 0.17471317715115017
9 0.061926919221878055 0.781194559733073 0.03546683788299561 0.08379149966769749
3 0.38221187591552735 0.9256324768066406 0.03684092164039612 0.038771785630120174
5 0.7942089557647705 0.8822892930772569 0.019762700796127318 0.16662751303778756
8 0.7833949089050293 0.8814997355143229 0.01757749915122986 0.17519367006089953
5 0.7833949089050293 0.8814997355143229 0.01757749915122986 0.17519367006089953