4 0.8766551971435547 0.935778554280599 0.08200550079345703 0.06262808905707465
3 0.5734737396240235 0.9460823906792535 0.13518288135528564 0.09326889250013563
7 0.8726758003234864 0.9708545260959202 0.1215770959854126 0.034117388725280764
1 0.08253259658813476 0.8582029554578993 0.13229156732559205 0.11620285246107313
9 0.09306999444961547 0.7799351162380642 0.03248175382614136 0.08831541273328992
3 0.4112135887145996 0.9242432488335504 0.0361546128988266 0.033839374118381074
3 0.36478731632232664 0.9406429714626736 0.038297349214553834 0.03233070373535156
9 0.7913811683654786 0.8961296929253473 0.024724775552749635 0.18064874013264973
7 0.5438071250915527 0.9274069044325087 0.22880082130432128 0.06475765970018175
1 0.005233369395136833 0.8574622260199652 0.00939866080880165 0.11888207329644097
5 0.81746826171875 0.8835480584038629 0.0225490465760231 0.1664041413201226