3 0.5992262840270997 0.947108883327908 0.13292553424835205 0.09043527179294163
4 0.9025135040283203 0.935919189453125 0.07772591710090637 0.06338436868455675
3 0.3882357835769653 0.940142567952474 0.03417513370513916 0.0354404714372423
7 0.8972216606140136 0.9724555969238281 0.12651987075805665 0.03129107157389323
3 0.4341578006744385 0.9250031365288629 0.037967467308044435 0.03726830217573378
1 0.10823805332183838 0.8569100273980035 0.13491679430007936 0.11277528338962131
9 0.11864672899246216 0.7790272182888455 0.03531109690666199 0.08625482983059353
7 0.5642400741577148 0.9285608079698351 0.21821944713592528 0.0668147881825765
9 0.8192156791687012 0.8952068752712674 0.02448679655790329 0.18078094058566624
1 0.009327073395252228 0.8589653015136719 0.01693897247314453 0.10854078928629557
5 0.8525445938110352 0.8876980251736111 0.02206914722919464 0.13817839092678494
1 0.021297289431095122 0.8589830186631945 0.030146875977516176 0.10123093922932942
8 0.8371795654296875 0.8835497538248698 0.02060803920030594 0.17254465950859918