3 0.6116973876953125 0.9473701477050781 0.13462663888931276 0.08991686503092448
4 0.9154024124145508 0.9385856628417969 0.08105213642120361 0.06402015156216091
7 0.9121231079101563 0.9731511433919271 0.12065194845199585 0.034732251697116426
3 0.4462468147277832 0.9270763821072049 0.03454542458057404 0.032251185841030545
1 0.11835589408874511 0.8589544508192274 0.13831017017364503 0.11283059649997287
3 0.40209288597106935 0.9401006910536024 0.03485952615737915 0.03368840747409397
9 0.1324170708656311 0.7797954983181423 0.03214746117591858 0.08576337496439616
7 0.5761516094207764 0.930660163031684 0.21958022117614745 0.06188022295633952
9 0.8300094604492188 0.8974133809407552 0.023470854759216307 0.18264293670654297
1 0.026775726675987245 0.86123046875 0.050603586435317996 0.08770845201280382
5 0.8572544097900391 0.8883628845214844 0.022535458207130432 0.15260526869032118
1 0.004994552209973335 0.839277818467882 0.009641177952289581 0.14634579552544488