3 0.6480164051055908 0.9500236511230469 0.1357818841934204 0.08914273579915365
1 0.15747835636138915 0.8584773593478733 0.1441230893135071 0.11363359027438694
4 0.9527731895446777 0.9424574957953559 0.07974259853363037 0.06639608807033963
9 0.1711447834968567 0.7806653340657552 0.032828086614608766 0.08433810869852702
3 0.484114933013916 0.9280087788899739 0.033278542757034305 0.03651321729024251
1 0.02547750174999237 0.8385854085286458 0.050432455539703366 0.1694994608561198
7 0.9447012901306152 0.9761789109971788 0.11202167272567749 0.037193666564093696
3 0.4389961719512939 0.9416672600640191 0.039038294553756715 0.03553353150685628
9 0.868386173248291 0.9001536899142795 0.023884774744510652 0.18474273681640624
1 0.04689906239509582 0.8573347303602431 0.08620362281799317 0.10150744120279948
7 0.6178517818450928 0.9342288547092014 0.22722313404083253 0.061923948923746745
5 0.8951675415039062 0.8904638502332899 0.02309080958366394 0.14990509880913627