3 0.6589885711669922 0.9503778245713975 0.137932288646698 0.08888412051730686
1 0.1664592981338501 0.8553581237792969 0.14228718280792235 0.11314564810858832
3 0.4950098514556885 0.9277428521050347 0.03928418159484863 0.03691358036465115
9 0.182097327709198 0.7805953979492187 0.03378227055072784 0.08502674102783203
7 0.6261298179626464 0.9341030544704861 0.2206496238708496 0.06270311143663194
7 0.9509201049804688 0.976464589436849 0.10716173648834229 0.036063157187567814
1 0.03209164440631866 0.8360552469889323 0.06205878257751465 0.1712134149339464
9 0.8757737159729004 0.901269276936849 0.026702213287353515 0.17650281058417427
3 0.45281524658203126 0.941115230984158 0.035573387145996095 0.03583500120374891
4 0.9601317405700683 0.9409357706705729 0.07028723359107972 0.06676144070095485
1 0.05545699000358582 0.8558074103461372 0.09052321910858155 0.10554375118679471
5 0.9104557037353516 0.8896014743381077 0.02039112150669098 0.1473189777798123
5 0.90090970993042 0.8917716979980469 0.02294996976852417 0.18236764272054037
8 0.90090970993042 0.8917716979980469 0.02294996976852417 0.18236764272054037