3 0.5079169750213623 0.6816370646158855 0.06992936730384827 0.06893150541517469
4 0.623921012878418 0.6617660522460938 0.04999276399612427 0.04299059179094103
1 0.19920474290847778 0.6470636579725477 0.08513372540473937 0.06907804277208117
7 0.6219507217407226 0.6799163818359375 0.057752025127410886 0.019883265760209826
1 0.10901386737823486 0.6504865858289931 0.10344619750976562 0.09492117563883463
3 0.7253175258636475 0.6619878980848525 0.04596856832504272 0.05156141387091743
0 0.04756930768489838 0.6192862192789713 0.0330529510974884 0.14735672208997938
4 0.9223865509033203 0.6400683085123698 0.07328054308891296 0.06146013471815321
3 0.9250362396240235 0.6568003760443794 0.06670046448707581 0.05055040783352322
7 0.44106149673461914 0.6744830661349827 0.0670811414718628 0.029137232568528917
9 0.18440673351287842 0.58113038804796 0.023523643612861633 0.1216014756096734