3 0.5078963756561279 0.6816031985812717 0.06978612542152404 0.0688864443037245
4 0.6240163326263428 0.6616928524441189 0.05024494528770447 0.0428355958726671
1 0.19922350645065307 0.6473061879475911 0.0846048653125763 0.06912051306830512
7 0.6217803955078125 0.6800269656711154 0.05783597230911255 0.019734900527530245
3 0.725313138961792 0.6619386461046007 0.04619285464286804 0.05139213667975532
1 0.10879132747650147 0.6508067660861545 0.1035611391067505 0.09455589718288845
0 0.04748992323875427 0.6195259518093533 0.032989487051963806 0.14729192521837023
4 0.9223843574523926 0.6400710211859809 0.07326061129570008 0.061565897199842665
3 0.9250656127929687 0.6567170037163629 0.06667757034301758 0.05050467915005154
7 0.44103331565856935 0.6745084126790365 0.06730073690414429 0.029030235608418782
9 0.18336591720581055 0.58104002210829 0.023608562350273133 0.11781808005438911