3 0.5077887058258057 0.6816105312771268 0.06982371807098389 0.06848633024427626
4 0.623673677444458 0.6620421939425998 0.04978051781654358 0.04232702785068088
7 0.621724796295166 0.6802351633707683 0.05771773457527161 0.01950191921657986
1 0.1980627179145813 0.6489457024468316 0.08342458009719848 0.06615596877204047
3 0.7253151893615722 0.6621949089898004 0.046239957213401794 0.051598003175523544
1 0.10885895490646362 0.651052729288737 0.10364235639572143 0.09581000010172526
0 0.0476250022649765 0.619905047946506 0.03260122239589691 0.1491631719801161
4 0.9223712921142578 0.6399918026394315 0.07343215346336365 0.06146810319688585
3 0.9249948501586914 0.6568372090657552 0.0668044626712799 0.0504723760816786
7 0.4410416603088379 0.6746510823567708 0.06689512133598327 0.02872033649020725
9 0.1802085041999817 0.5760158962673612 0.023775741457939148 0.11926428476969402