3 0.5079081058502197 0.6818085140652127 0.0703816294670105 0.06773847473992242
4 0.6240405559539794 0.6623343149820964 0.04982957541942597 0.041472829712761776
7 0.6216830730438232 0.6807593875461154 0.05872456431388855 0.019293322828080918
1 0.19844900369644164 0.6480799780951606 0.08399266004562378 0.06507068210177952
9 0.1864384651184082 0.585189946492513 0.029131808876991273 0.09887894524468316
3 0.7251814842224121 0.6621943579779731 0.04663321673870087 0.05165263811747233
1 0.10882470607757569 0.6513003879123264 0.10298724174499511 0.09679262373182508
4 0.92232666015625 0.6400724199083117 0.07340016961097717 0.06155329280429416
3 0.9249297142028808 0.6568753136528863 0.06686010360717773 0.050295384724934895
0 0.04749775230884552 0.6194027794731988 0.0327857106924057 0.14811542299058703
7 0.44098482131958006 0.6745692359076606 0.06624987721443176 0.028575489256117078