3 0.5078894615173339 0.6814914279513888 0.07134460806846618 0.06702382299635146
4 0.624113655090332 0.6624813079833984 0.049902725219726565 0.0413798279232449
7 0.6218283653259278 0.6807215796576606 0.05874861478805542 0.01914920277065701
1 0.1981267213821411 0.6484814961751302 0.0855257511138916 0.06678447723388672
9 0.18122464418411255 0.5833656734890408 0.02808937430381775 0.09762907028198242
3 0.7251878261566163 0.6622499254014756 0.046953096985816956 0.051891729566786025
1 0.10909887552261352 0.6511087205674914 0.10302621126174927 0.09587846332126193
4 0.9223319053649902 0.640020031399197 0.07349090576171875 0.061534685558742946
0 0.047464126348495485 0.619761233859592 0.03292597830295563 0.14787985483805338
3 0.9249325752258301 0.6568505181206598 0.0668739914894104 0.050252681308322486
7 0.4408138275146484 0.6744572533501519 0.06687228679656983 0.028487168418036567