3 0.5080852031707763 0.68166626824273 0.0709024727344513 0.06725789705912272
4 0.6238839626312256 0.6626749674479167 0.04974137544631958 0.04040371576944987
1 0.198890221118927 0.6481810675726997 0.08207782506942748 0.06690041224161784
7 0.6217320442199707 0.6804899427625868 0.05868074893951416 0.019191994931962754
3 0.7251236915588379 0.6622154659695095 0.04708348214626312 0.0519254207611084
1 0.10979905128479003 0.6502611796061198 0.10296356678009033 0.09511582056681316
0 0.047311580181121825 0.619416003757053 0.03179359138011932 0.1502865579393175
4 0.922362232208252 0.6399461110432942 0.07356866598129272 0.061503230200873484
3 0.9249955177307129 0.6568098704020182 0.06686862707138061 0.05035241444905599
7 0.4404629707336426 0.674675538804796 0.07055975198745727 0.02871532440185547
9 0.1966991662979126 0.579836908976237 0.034974721074104306 0.10975857840643989