3 0.5079899311065674 0.6815675099690756 0.07124438285827636 0.06671636369493272
4 0.6238189220428467 0.6626361423068576 0.04963018894195557 0.04042962921990289
7 0.6217913150787353 0.6803006490071615 0.05864272117614746 0.01922824780146281
1 0.2008692741394043 0.648870340983073 0.08266352415084839 0.06430420875549317
3 0.7252089977264404 0.6623312208387587 0.04700827300548553 0.05219869083828396
1 0.11007868051528931 0.6497092776828342 0.10376449823379516 0.09472451739841037
0 0.04750440716743469 0.6195265028211806 0.032069805264472964 0.15041578080919055
3 0.9250465393066406 0.6567733340793186 0.06677261590957642 0.050185600916544594
4 0.9223772048950195 0.6398972405327691 0.07349321842193604 0.06151789559258355
9 0.201072359085083 0.5837629954020183 0.033103400468826295 0.09086667166815864
7 0.4406752109527588 0.6747360229492188 0.06870899200439454 0.028570871882968477