3 0.5080672264099121 0.6814874013264974 0.0714556097984314 0.066383605533176
4 0.6241116046905517 0.6625282711452908 0.049810007214546204 0.040799434979756674
7 0.6219586372375489 0.6804848141140408 0.05883313417434692 0.019462566905551485
1 0.20196027755737306 0.6482750786675348 0.08100963234901429 0.06292792426215278
9 0.19992469549179076 0.5886843787299262 0.0327990710735321 0.08570416238572863
3 0.7252150058746338 0.6621278974745008 0.04695465564727783 0.05198076566060384
1 0.1099852204322815 0.6496413760715061 0.10436866283416749 0.09443795945909288
0 0.04743978977203369 0.6195796542697483 0.032121285796165466 0.14846630096435548
4 0.9223711967468262 0.6399116092258029 0.07331175208091736 0.061593982908460826
3 0.9249740600585937 0.6568198733859592 0.06680614948272705 0.050210534201727976
7 0.4408420562744141 0.6747366163465712 0.06799683570861817 0.02846059269375271