3 0.5080821514129639 0.6812931484646267 0.07170379757881165 0.06622218555874294
4 0.6242566585540772 0.6625327640109592 0.05002833604812622 0.040953161981370716
7 0.6219637870788575 0.6804548051622179 0.05893890261650085 0.019493097729153103
1 0.2009152889251709 0.6492663065592448 0.08257561326026916 0.0660663710700141
3 0.7250648021697998 0.6622642093234592 0.04703091382980347 0.05232432153489855
1 0.10978286266326905 0.6495117611355252 0.10157555341720581 0.09631230036417643
4 0.922344970703125 0.6400326622856988 0.07323682308197021 0.06124677658081055
0 0.04801452159881592 0.6195312923855252 0.03228995203971863 0.14844655990600586
3 0.9249589920043946 0.6568955739339193 0.06678158044815063 0.050208663940429686
9 0.1904894232749939 0.5873185899522569 0.02863365411758423 0.09332070880466037
7 0.4408759117126465 0.6748183356391059 0.06847047805786133 0.028830356068081327