3 0.5080079078674317 0.681178707546658 0.07174710035324097 0.06624412536621094
4 0.6242459297180176 0.6625698937310113 0.04987425804138183 0.04089863300323486
7 0.6219921588897706 0.6803014119466145 0.05889180898666382 0.019563575585683186
1 0.20037078857421875 0.6489696502685547 0.08298265933990479 0.06636506186591254
1 0.10976623296737671 0.6495185428195529 0.1015937328338623 0.09679245418972439
3 0.725036334991455 0.6622301313612197 0.04700661301612854 0.052233478758070204
4 0.9223474502563477 0.6400255415174696 0.07324187755584717 0.06125728289286295
0 0.04801734685897827 0.6195057762993706 0.032320058345794676 0.1487524774339464
3 0.9249545097351074 0.6568994310167101 0.06680283546447754 0.05022170278761122
9 0.19035158157348633 0.5856214311387804 0.029135775566101075 0.10054089228312174
7 0.4409571647644043 0.674751705593533 0.06868295669555664 0.028759429189893933