3 0.5079677104949951 0.6812149471706814 0.07185524106025695 0.06643855836656358
4 0.6242245674133301 0.6626382615831163 0.05018624067306519 0.04090910487704807
1 0.2003835678100586 0.6495838165283203 0.08045264482498168 0.06323206159803603
7 0.622002363204956 0.6804724799262153 0.058941853046417234 0.01952879163953993
3 0.7250607013702393 0.6622107187906902 0.04671550989151001 0.051958566241794166
1 0.10977755784988404 0.6495317671034071 0.1024818778038025 0.09554773966471354
4 0.9223476409912109 0.6400183359781901 0.07328659892082215 0.061325995127360027
3 0.9249686241149903 0.6568485683865017 0.06678512692451477 0.05001106792026096
0 0.04769042432308197 0.6198570675320095 0.03170457780361176 0.1494447708129883
7 0.4410253047943115 0.6747308943006728 0.06903085112571716 0.029100998242696127
9 0.20120539665222167 0.5821301778157552 0.03382622599601746 0.09751067691379123