3 0.5081912040710449 0.6811509874131945 0.07193028330802917 0.06711827913920085
4 0.6242330074310303 0.6623570336235894 0.05025156140327454 0.04149889681074354
1 0.19823604822158813 0.6489601135253906 0.08238136768341064 0.06695058080885145
7 0.6218725204467773 0.6802253723144531 0.058662164211273196 0.019747665193345813
9 0.18515913486480712 0.5900381724039714 0.035386675596237184 0.09031824535793728
3 0.7250163555145264 0.6620763142903646 0.04712924659252167 0.052355384826660155
1 0.10920562744140624 0.6505222744411893 0.10116826295852661 0.09736124674479167
4 0.9223453521728515 0.6399279276529948 0.07320924997329711 0.061510255601671004
3 0.9249590873718262 0.656845940483941 0.0669603705406189 0.05017722447713216
0 0.049070116877555844 0.619095696343316 0.031645086407661435 0.14561815261840821
7 0.4410080432891846 0.6744604746500651 0.06849365234375 0.029174015257093643