3 0.5081779956817627 0.6809228261311849 0.07163611054420471 0.06722549862331814
4 0.6241939067840576 0.6624574449327257 0.05004587769508362 0.04135077794392904
7 0.6219057083129883 0.6803309970431858 0.05852323174476624 0.019748110241360136
1 0.19867099523544313 0.6489652421739366 0.07974952459335327 0.06605121294657389
3 0.7251018524169922 0.6621173010932074 0.046994027495384214 0.052306180530124244
1 0.10929419994354247 0.6502698262532552 0.10093649625778198 0.09773074256049262
4 0.9223457336425781 0.6398677825927734 0.07327765226364136 0.06144563886854384
3 0.9249770164489746 0.6568177964952256 0.06694116592407226 0.05012029541863335
0 0.04882923364639282 0.6187239752875434 0.03163571953773499 0.14704815546671549
9 0.18671553134918212 0.587689208984375 0.03814084827899933 0.08966859181722005
7 0.44097270965576174 0.6744378407796224 0.06821561455726624 0.02910770310295953