3 0.5082183361053467 0.6811637454562717 0.07126281261444092 0.06758938895331489
4 0.6244071006774903 0.6624259524875217 0.05012440085411072 0.041520264413621694
1 0.1978948712348938 0.6485722011990017 0.07852466106414795 0.06563434600830079
7 0.6220536708831788 0.6804050869411893 0.05811753273010254 0.019797178109486897
3 0.7251130104064941 0.6619884914822048 0.04655071496963501 0.05196446312798394
1 0.10941791534423828 0.6500281016031901 0.10106854438781739 0.09895268546210395
4 0.9223733901977539 0.6400175306532118 0.07323023080825805 0.06165179146660699
3 0.9250272750854492 0.6567882961697049 0.06686187386512757 0.05005273289150662
0 0.047689521312713624 0.6181565602620442 0.03062434196472168 0.1447119288974338
9 0.1879587411880493 0.5805616590711805 0.045047426223754884 0.09988204108344184
7 0.4410231590270996 0.6744249979654948 0.06861844658851624 0.029759613672892253