3 0.5082388401031495 0.681187015109592 0.07137776613235473 0.0673959838019477
4 0.6243619918823242 0.6623610178629558 0.050173187255859376 0.041678566402859156
1 0.19869815111160277 0.64872801038954 0.08059423565864562 0.06745909055074056
7 0.6220754623413086 0.6803241305881076 0.05809793472290039 0.01984428432252672
3 0.7250985622406005 0.6620159573025174 0.04647373855113983 0.05198819372389052
1 0.10949065685272216 0.6500724368625217 0.10088206529617309 0.09927457173665365
4 0.9223772048950195 0.6399982028537327 0.07321165800094605 0.06163060930040148
3 0.9250303268432617 0.6567999521891276 0.0668390929698944 0.050013001759847006
0 0.04780518412590027 0.6178922017415365 0.030253520607948302 0.1464072651333279
9 0.18308703899383544 0.5825243631998698 0.04635987281799316 0.09904957877265083
7 0.44100680351257326 0.674452887641059 0.06845423579216003 0.02988495296902127