3 0.5082614421844482 0.6810611300998264 0.07124620079994201 0.06738231447007921
4 0.6244343757629395 0.6624279446072049 0.0501136839389801 0.041409100426567924
1 0.19840980768203736 0.6477740393744574 0.08504790663719178 0.06929752031962076
7 0.6219492435455323 0.6802782270643446 0.05812495946884155 0.019828939437866212
1 0.10844575166702271 0.6507008022732205 0.09986584782600402 0.0983258883158366
3 0.7251166343688965 0.6619681040445964 0.046360209584236145 0.051716783311631945
4 0.922359561920166 0.640005366007487 0.07320582866668701 0.06159164110819499
3 0.9250139236450196 0.6567938486735027 0.0668570876121521 0.050134865442911784
0 0.04792923331260681 0.6184084574381511 0.030979600548744202 0.14579207102457684
9 0.1723143935203552 0.580125978257921 0.045619276165962216 0.10967681672837999
7 0.4410088539123535 0.6744405110677083 0.06850996613502502 0.02974818017747667