3 0.5084206581115722 0.681377665201823 0.07024731636047363 0.06743847529093425
4 0.6247723579406739 0.6625064425998264 0.05081833004951477 0.04165538416968451
1 0.19844335317611694 0.647873772515191 0.0827822744846344 0.06991011831495497
7 0.6220007419586182 0.6803429073757595 0.05825684070587158 0.01953328980339898
1 0.10856325626373291 0.6503527747260199 0.09911673665046691 0.09969508912828233
3 0.7251313209533692 0.6621699863009982 0.04697789251804352 0.05169068442450629
4 0.9223696708679199 0.6399749332004123 0.07312816381454468 0.061844550238715275
3 0.9251239776611329 0.6567719777425131 0.0672795057296753 0.05038401815626356
0 0.04797162413597107 0.6183424631754557 0.030813461542129515 0.14627181159125435
9 0.18001192808151245 0.5814681582980685 0.049414637684822085 0.10536159939236112
7 0.4412416458129883 0.6744140201144748 0.06857821345329285 0.029607693354288738