3 0.508406400680542 0.6813244289822049 0.07047504186630249 0.06754668553670247
4 0.6246790409088134 0.6624810112847223 0.05058636069297791 0.041823903719584145
1 0.20003206729888917 0.648932139078776 0.07990992069244385 0.06804029146830241
7 0.6220112323760987 0.6803632524278429 0.05825955867767334 0.01958671013514201
3 0.7252179145812988 0.6620135837131076 0.04692021608352661 0.05151269170973036
1 0.10948774814605713 0.6500628577338324 0.100270676612854 0.099293761783176
4 0.9223381042480469 0.6399537404378255 0.07321016788482666 0.061760001712375216
3 0.92513427734375 0.6567726135253906 0.06741927862167359 0.050550688637627496
0 0.04796841144561768 0.6181276957194011 0.030641692876815795 0.14700057771470812
9 0.184658420085907 0.582997555202908 0.05014705061912537 0.09537532594468859
7 0.44120030403137206 0.6743971506754557 0.06836402416229248 0.029711935255262587