3 0.5083033561706543 0.6813827090793185 0.0706085205078125 0.06734125879075792
4 0.6247427940368653 0.6624718136257596 0.05042358636856079 0.04171598752339681
1 0.19824578762054443 0.6482247246636285 0.08213573694229126 0.06970778041415744
7 0.6221642971038819 0.6803905910915798 0.057934755086898805 0.019572019577026367
1 0.10938023328781128 0.6499963972303603 0.10071653127670288 0.09867135153876411
3 0.7251476287841797 0.662011464436849 0.046913743019104004 0.05144680870903863
4 0.9223274230957031 0.6399258931477865 0.0730673611164093 0.061658419503106014
3 0.925114631652832 0.6566636403401692 0.06738765239715576 0.05047149658203125
0 0.04810261130332947 0.617915047539605 0.030734896659851074 0.14638179143269855
9 0.17871080636978148 0.5828536139594184 0.04789387583732605 0.09954820209079318
7 0.4411585807800293 0.6744298299153646 0.06824496388435364 0.029611510700649685