3 0.5082951545715332 0.6813717312282986 0.07063519358634948 0.06749001079135471
4 0.6247653961181641 0.6624270545111762 0.050220799446105954 0.04167277283138699
1 0.1983918070793152 0.6480311075846354 0.08122515082359313 0.07024783028496637
7 0.6222240924835205 0.6802818722195095 0.057737135887146 0.019571679168277317
1 0.10875486135482788 0.650124020046658 0.09976184964179993 0.09912700653076172
3 0.725197696685791 0.6619023640950521 0.04686817526817322 0.051463519202338326
4 0.9223057746887207 0.6399297078450521 0.07302037477493287 0.06154342227511936
3 0.9250951766967773 0.6566240946451823 0.06725963950157166 0.05045292642381456
0 0.047978255152702334 0.6181866539849176 0.030732366442680358 0.1462553130255805
9 0.17856733798980712 0.5816233317057292 0.04827187657356262 0.10733502705891927
7 0.44113526344299314 0.6744753095838759 0.0681408941745758 0.029494648509555393