3 0.5082242965698243 0.681351555718316 0.07065458297729492 0.0674876848856608
4 0.6246273994445801 0.6623743693033854 0.05016113519668579 0.04163286156124539
1 0.19895641803741454 0.6488013797336154 0.08235005140304566 0.0696276929643419
7 0.6220378875732422 0.6802438100179037 0.05788854956626892 0.019485753112369112
1 0.10892821550369262 0.6500018225775824 0.10097510814666748 0.09803231557210286
3 0.7252264499664307 0.6619581010606553 0.04677247405052185 0.05165526072184245
4 0.9223511695861817 0.639978747897678 0.07328870892524719 0.06163351800706651
3 0.9251643180847168 0.6566380818684896 0.06740821599960327 0.05046770837571886
0 0.047982925176620485 0.6180477566189236 0.030942344665527345 0.1457710901896159
9 0.17922831773757936 0.5856470319959852 0.045563620328903195 0.09753616121080187
7 0.4411334991455078 0.6745592329237197 0.06768893003463745 0.029482094446818034