3 0.5082643508911133 0.6813184102376302 0.07082730531692505 0.06738484700520833
4 0.6245442390441894 0.6624747382269965 0.05017645955085755 0.041557176907857256
1 0.19836759567260742 0.6489022996690538 0.08119162321090698 0.06870777871873644
7 0.6219892978668213 0.6803776635064019 0.05787692666053772 0.019477801852756077
1 0.10928598642349244 0.6498447842068142 0.10091589689254761 0.09868965148925782
3 0.7252264022827148 0.6619438595241971 0.04682768583297729 0.05171369976467556
4 0.9223473548889161 0.6399651845296224 0.07319788932800293 0.06164111031426324
3 0.9251585006713867 0.6566199832492404 0.06746513843536377 0.050507614347669816
0 0.04810402095317841 0.6180373297797309 0.03115948736667633 0.14599168565538195
9 0.1811619520187378 0.5871049245198567 0.04478621184825897 0.09419933954874675
7 0.44111833572387693 0.6745841556125217 0.06778799295425415 0.029552531242370606