3 0.5082345008850098 0.6814437442355685 0.07077757120132447 0.06732770601908365
4 0.6242218971252441 0.662752193874783 0.050143903493881224 0.04104795191023085
1 0.19800708293914795 0.6487935807969835 0.07427092790603637 0.06536313692728678
7 0.6217457771301269 0.6804532368977865 0.05763018727302551 0.019431413544548883
3 0.7250492572784424 0.662086910671658 0.047017520666122435 0.05193629264831543
4 0.9223728179931641 0.6400817447238498 0.07312375903129578 0.061819595760769314
3 0.9250848770141602 0.6567191653781467 0.06738787293434143 0.050294282701280384
1 0.10986027717590333 0.6489944458007812 0.10032658576965332 0.1005844857957628
0 0.048106330633163455 0.6182903713650174 0.031506437063217166 0.1464925871955024
9 0.19324605464935302 0.5840770721435546 0.051108330488204956 0.1088941150241428
7 0.4411004066467285 0.6745033264160156 0.06783182621002197 0.02970681455400255