3 0.508216142654419 0.6813782585991753 0.07056673765182495 0.0674964427947998
4 0.6243703365325928 0.6626086764865451 0.05005013346672058 0.04121856689453125
7 0.6220465660095215 0.6804282718234592 0.05760628581047058 0.019438632329305015
1 0.19922696352005004 0.6485092586941189 0.07300449013710023 0.06312975883483887
3 0.7250583171844482 0.6621385786268447 0.047143134474754336 0.05208332273695204
4 0.9223388671875 0.6401031070285373 0.07313538193702698 0.061631335152520075
3 0.9250031471252441 0.6567252265082465 0.0670292317867279 0.05025726424323188
0 0.047982990741729736 0.6180931939019098 0.031194961071014403 0.14828482733832465
1 0.11042975187301636 0.6474411434597439 0.10083605051040649 0.09933052062988282
9 0.20041940212249756 0.5924007839626736 0.05019780397415161 0.10212189356486003
7 0.441178035736084 0.6743937598334419 0.06828420758247375 0.029948014683193632