3 0.5083425045013428 0.6813630845811632 0.07097938060760497 0.067557954788208
4 0.6244779586791992 0.6625245412190756 0.049976694583892825 0.041288540098402236
7 0.6222170829772949 0.6804174211290147 0.05745621919631958 0.019593475924597845
1 0.19929040670394899 0.6477616628011068 0.07462919354438782 0.06266432868109809
3 0.7250703811645508 0.6620596567789714 0.04688294529914856 0.05169623692830404
4 0.9223696708679199 0.6401088290744358 0.07309190034866334 0.061622370613945855
3 0.9250570297241211 0.6567946539984809 0.06718175411224366 0.05028986401028103
9 0.20116209983825684 0.5890345679389106 0.053758668899536136 0.10898686514960396
0 0.048300054669380185 0.6185475667317708 0.031639307737350464 0.14825748867458768
1 0.10964627265930176 0.6478875901963975 0.09887340068817138 0.10045096079508463
7 0.44118471145629884 0.6743180168999566 0.06829383373260497 0.03007417254977756