3 0.5083366394042969 0.6813365088568794 0.07106657028198242 0.0674649609459771
4 0.6245140075683594 0.662434811062283 0.05014639496803284 0.04149351649814182
7 0.6221967697143554 0.6805313958062066 0.057870274782180785 0.019683113363054065
1 0.1998128890991211 0.6480910831027561 0.07481207847595214 0.06366510921054416
3 0.7251385688781739 0.6620400746663412 0.046942710876464844 0.051776515112982854
4 0.922341251373291 0.640142313639323 0.07305856943130493 0.061549176110161676
3 0.9249718666076661 0.6568166097005208 0.06705593466758727 0.050251340866088866
9 0.20569820404052735 0.592030504014757 0.05440218448638916 0.10463007820977105
0 0.04813593924045563 0.6183424631754557 0.031440353393554686 0.14750293095906575
1 0.10957227945327759 0.6475495232476128 0.09872387647628784 0.10001047982109917
7 0.4411170959472656 0.6744385189480252 0.06792075037956238 0.029794600274827745