3 0.5083799839019776 0.6814928690592448 0.07088350653648376 0.06758481131659613
4 0.6242818355560302 0.6623566097683377 0.05013444423675537 0.04152774016062419
1 0.19847642183303832 0.6487350040011935 0.07476295232772827 0.06523680686950684
7 0.622132682800293 0.6803614298502604 0.057870101928710935 0.019710682498084175
3 0.725086784362793 0.6618639628092448 0.047013604640960695 0.05149885813395182
4 0.9223658561706543 0.6401405334472656 0.07288286685943604 0.06161717838711209
1 0.10954601764678955 0.6490707397460938 0.09931528568267822 0.10170922809176974
3 0.9250365257263183 0.6568087259928386 0.0670823335647583 0.050248739454481335
0 0.04768800437450409 0.6184561835394965 0.031463328003883365 0.14698607126871746
9 0.19112120866775512 0.5844884660508898 0.04607919454574585 0.11070433722601997
7 0.44104537963867185 0.6745242648654514 0.06731182336807251 0.029943715201483832