3 0.5083920955657959 0.6813583374023438 0.07090908288955688 0.067137787077162
4 0.6241729259490967 0.6624352773030598 0.050265902280807497 0.04148103396097819
1 0.19834294319152831 0.648617680867513 0.07830811738967895 0.06727715068393283
7 0.6219792842864991 0.6803236219618055 0.057793688774108884 0.019629160563151043
3 0.7251344680786133 0.6619246164957683 0.04746710062026978 0.051786247889200845
4 0.9223567008972168 0.6402193281385634 0.07278620004653931 0.061382298999362525
1 0.11001005172729492 0.6493247561984592 0.10129759311676026 0.10085421668158637
3 0.9249733924865723 0.6567774878607856 0.06686683893203735 0.050178469551934134
9 0.1861867666244507 0.5820194668240017 0.047935697436332705 0.10662143495347765
0 0.04764290452003479 0.6182238260904948 0.03129841089248657 0.14599568049112957
7 0.4409931659698486 0.6745306226942275 0.06754809021949768 0.030231836107042102