3 0.5082744598388672 0.6812489827473959 0.07114781141281128 0.06738621923658583
4 0.6241579532623291 0.6624490102132161 0.05022311210632324 0.041661153899298774
7 0.6218509197235107 0.680383809407552 0.05752737522125244 0.019672596454620363
1 0.19879804849624633 0.6499036153157552 0.07918787598609925 0.0684378465016683
3 0.72521071434021 0.6619663662380643 0.04739070236682892 0.05165243678622776
4 0.9223631858825684 0.6400551266140408 0.0729878842830658 0.06157969898647732
1 0.10996110439300537 0.649486796061198 0.1007336974143982 0.10093794928656684
3 0.9250041961669921 0.6568430582682292 0.06688368320465088 0.050175804562038843
0 0.04776051938533783 0.6180903964572483 0.030792233347892762 0.1470812373691135
9 0.18762495517730712 0.5884237925211588 0.04427444338798523 0.10222240024142795
7 0.4409623622894287 0.6744444953070746 0.06737407445907592 0.030300164222717287