3 0.5083431243896485 0.6812188466389973 0.07114040255546569 0.06747464603847927
4 0.6243811130523682 0.6624098036024305 0.05018017292022705 0.04091695414649116
1 0.1979870080947876 0.6484131283230252 0.08107466697692871 0.06973649660746256
7 0.6219234943389893 0.6802199045817058 0.057440513372421266 0.01961152023739285
1 0.10958976745605468 0.6497710757785373 0.10023168325424195 0.10097659428914388
3 0.7252027988433838 0.6619014316134982 0.04748442769050598 0.05144544177585178
4 0.9223868370056152 0.6401013692220052 0.07307636737823486 0.06171783341301812
3 0.9250294685363769 0.6568800184461806 0.06692969799041748 0.05027342372470432
9 0.18088412284851074 0.5802949269612631 0.04531070590019226 0.11809265348646376
0 0.04783578515052796 0.618440924750434 0.03117542266845703 0.14602771335177953
7 0.44092578887939454 0.6745060814751519 0.0672008752822876 0.030356621742248534