3 0.5084922790527344 0.6811618804931641 0.07106132507324218 0.06740951008266872
4 0.6243355751037598 0.6623842875162761 0.05015446543693543 0.04107895957099067
1 0.1978481888771057 0.6482633378770616 0.08373578786849975 0.07061675919426812
7 0.6218847274780274 0.6801711188422309 0.05744648575782776 0.019734748204549155
1 0.10898160934448242 0.6499456193712022 0.09909224510192871 0.1000693851047092
3 0.7252670288085937 0.6620671166314019 0.047173553705215455 0.05178553793165419
4 0.9223566055297852 0.6400104098849826 0.07314602136611939 0.06147194438510471
3 0.9250214576721192 0.6568902757432725 0.06704062223434448 0.05026767518785265
0 0.04804062247276306 0.6186281416151259 0.031132054328918458 0.14694977866278755
9 0.17616016864776612 0.5812003665500217 0.04580036401748657 0.1165257665846083
7 0.4409700870513916 0.6745023939344618 0.06704511642456054 0.03007149431440565