3 0.5084480762481689 0.6813237084282769 0.07090026736259461 0.06744316418965658
4 0.6242919921875 0.6623648325602214 0.04991925358772278 0.04116602208879259
1 0.19806954860687256 0.6477103763156467 0.08379560708999634 0.07036443286471897
7 0.622031307220459 0.6802092658148872 0.05748155117034912 0.019799880186716714
1 0.10923500061035156 0.6501791636149089 0.0997631847858429 0.10002608829074436
3 0.7252681255340576 0.6620510949028863 0.04712964296340942 0.05184626579284668
4 0.9223505020141601 0.6401112874348959 0.07279756069183349 0.06137564977010091
3 0.9249507904052734 0.6568371666802301 0.06665825247764587 0.05033000840081109
0 0.04786294400691986 0.6184774610731337 0.03147081136703491 0.14652625189887153
9 0.17671990394592285 0.5793618943956164 0.047819048166275024 0.11976538764105903
7 0.44108123779296876 0.6744594150119357 0.06748282313346862 0.02999654081132677