3 0.5083318710327148 0.6810813479953342 0.07112299203872681 0.06683208677503798
4 0.6245641231536865 0.6622803158230252 0.0501215398311615 0.041106361813015406
1 0.19828424453735352 0.6481507619222006 0.08305787444114685 0.06906852722167969
7 0.6221765518188477 0.6802526262071398 0.057798510789871214 0.019720448387993708
1 0.10885666608810425 0.6504539065890842 0.09915889501571655 0.1006733152601454
3 0.725144624710083 0.6621352301703559 0.04678852558135986 0.05187006526523166
4 0.9223583221435547 0.6401513417561849 0.07288565635681152 0.061575460433959964
0 0.048163381218910215 0.6185923258463542 0.031556493043899535 0.14650656382242838
3 0.9249249458312988 0.6568939632839627 0.06681135296821594 0.05036748780144586
9 0.17828335762023925 0.5811973147922092 0.04793930351734162 0.11585742102728949
7 0.44104576110839844 0.6745650821261936 0.06691982746124267 0.029901994599236384