3 0.5081686019897461 0.6812715318467882 0.07122731804847718 0.06707446840074327
4 0.6242257118225097 0.6621042887369791 0.0495038777589798 0.04106845325893826
1 0.1981506586074829 0.6477989620632596 0.08466359376907348 0.0703843010796441
7 0.6221717834472656 0.6799424489339193 0.05757273435592651 0.019769431485070123
1 0.10829253196716308 0.650789303249783 0.10074634552001953 0.09793592029147678
3 0.7252032279968261 0.661941401163737 0.04714184701442718 0.05142615106370714
4 0.9223584175109864 0.6402292887369792 0.07294951677322388 0.06166385544670953
3 0.924948787689209 0.6569836086697048 0.06695545315742493 0.05063329802619086
0 0.04765721559524536 0.6178602006700303 0.03019572198390961 0.14709853066338432
7 0.44092888832092286 0.6748202429877387 0.06702924370765687 0.030039032300313313
9 0.17016537189483644 0.5874893188476562 0.04519232809543609 0.10550131267971463