3 0.432993221282959 0.9162463717990451 0.13865718841552735 0.09712865617540148
4 0.10257707834243775 0.824589114718967 0.1681767702102661 0.1890817642211914
3 0.2907096385955811 0.9110694885253906 0.10697748661041259 0.0817639880710178
3 0.08700413703918457 0.8787367926703559 0.1274545669555664 0.10566605461968316
3 0.19612526893615723 0.9048868815104166 0.09891890287399292 0.08163780636257595
7 0.7199740886688233 0.927770487467448 0.10949820280075073 0.033889799647861055
4 0.4934391498565674 0.7476976182725694 0.07363545894622803 0.0796903822157118
4 0.4179841995239258 0.873514895968967 0.20290873050689698 0.09787891176011827
1 0.009500505030155182 0.818070051405165 0.017360053956508636 0.1510038693745931
7 0.385547 0.897917 0.274219 0.070833
17 0.198047 0.901389 0.080469 0.072222
16 0.296875 0.913194 0.089063 0.059722