3 0.43257956504821776 0.9154129876030817 0.13934403657913208 0.09592727025349936
4 0.10181375741958618 0.8236761305067274 0.1679702877998352 0.1877677493625217
3 0.2899923324584961 0.9101399739583333 0.10726288557052613 0.08237083752950032
3 0.08716281652450561 0.8781374613444011 0.1278545618057251 0.10651504728529189
3 0.1957434296607971 0.9043907165527344 0.09820388555526734 0.08193959130181207
7 0.7199860572814941 0.9269259982638889 0.112674880027771 0.032435597313774954
4 0.502864408493042 0.7221515231662327 0.07827598452568055 0.08499132792154948
4 0.4170371055603027 0.8738435533311631 0.20508060455322266 0.09905008739895291
1 0.008411184698343278 0.8195277743869358 0.015630224347114564 0.15784882439507378
7 0.385547 0.897917 0.274219 0.070833
17 0.198047 0.901389 0.080469 0.072222
16 0.296875 0.913194 0.089063 0.059722