3 0.4325118541717529 0.915718502468533 0.13879363536834716 0.09397335052490234
4 0.10176337957382202 0.823375956217448 0.16781272888183593 0.18720821804470486
3 0.28983430862426757 0.9109541151258681 0.10669593811035157 0.08239947424994574
3 0.19589136838912963 0.9041114807128906 0.09818953275680542 0.08120054139031305
3 0.08709021806716918 0.8780285305447049 0.12840070724487304 0.10696854061550565
4 0.5069663524627686 0.7072979397243924 0.07739579081535339 0.08466786278618707
4 0.4161818981170654 0.872971683078342 0.20995025634765624 0.0989705827501085
7 0.7190676212310791 0.926532491048177 0.11476784944534302 0.03186274634467231
1 0.007966839522123337 0.8198087056477864 0.014962966740131377 0.1597665892706977
7 0.385547 0.897917 0.274219 0.070833
17 0.198047 0.901389 0.080469 0.072222
16 0.296875 0.913194 0.089063 0.059722