4 0.09884761571884156 0.8213205125596789 0.166958224773407 0.1869918399386936
3 0.42849388122558596 0.9138160705566406 0.13812257051467897 0.09452247619628906
3 0.2853241920471191 0.9092998928493924 0.10813478231430054 0.08080299695332845
3 0.0833349347114563 0.8765455457899306 0.12916603088378906 0.10445596906873915
4 0.4146119117736816 0.8706483629014757 0.21075911521911622 0.1025016254848904
3 0.19425703287124635 0.9020929124620226 0.09594759941101075 0.08242104848225912
4 0.5138377666473388 0.6903197818332248 0.07696059942245484 0.07778143882751465
7 0.7175931930541992 0.9239813062879775 0.11516050100326539 0.03330243428548177
1 0.004979602620005607 0.8203831142849393 0.009568707644939422 0.17265040079752605
7 0.385547 0.897917 0.274219 0.070833
17 0.198047 0.901389 0.080469 0.072222
16 0.296875 0.913194 0.089063 0.059722