3 0.5094067573547363 0.6831303066677518 0.06697458624839783 0.05419498549567329
3 0.9247769355773926 0.6613463083902995 0.06778642535209656 0.05461054907904731
1 0.0999100685119629 0.6495062086317275 0.09857956171035767 0.09608084360758463
1 0.19771573543548585 0.64788818359375 0.08335209488868714 0.08012367884318033
3 0.7324719905853272 0.6631978352864584 0.050315850973129274 0.05020940568712023
9 0.6072114944458008 0.6465082804361979 0.01721062958240509 0.08512968487209743
4 0.9247594833374023 0.6342100355360243 0.06850098371505738 0.06082690556844075
9 0.6290325164794922 0.6498631795247396 0.018243250250816346 0.09635355207655165
0 0.047073757648468016 0.6178120930989583 0.03219762742519379 0.1480802430046929
5 0.6508202075958252 0.6476654476589627 0.019268123805522917 0.09109694163004557
7 0.44154911041259765 0.6725040859646267 0.07975732684135436 0.04247654279073079
9 0.13872040510177613 0.5642724778917101 0.05965719223022461 0.03494149843851725