3 0.509398078918457 0.6826277838812934 0.06734215021133423 0.05491895145840115
3 0.9248126029968262 0.6615251753065321 0.06779294610023498 0.054567639032999674
3 0.7326708316802979 0.6633829328748915 0.04881954789161682 0.050435574849446614
9 0.6284476280212402 0.6471879323323567 0.018077546358108522 0.0919557253519694
9 0.6079094409942627 0.6454181671142578 0.017372655868530273 0.08743374082777235
1 0.20132222175598144 0.6469599405924479 0.08662682175636291 0.08446361223856608
1 0.10000394582748413 0.6491235097249349 0.0989675521850586 0.09656749301486545
4 0.9247287750244141 0.634049055311415 0.06881870031356811 0.060539335674709746
7 0.4416046142578125 0.6722084469265408 0.08119017481803895 0.04415335920121935
0 0.046952709555625916 0.6175527784559461 0.03271139860153198 0.14393025504218207
5 0.6543025970458984 0.6465650770399306 0.017090798914432527 0.07658016416761611
9 0.10913563966751098 0.5220411936442058 0.05713233947753906 0.049821159574720594