3 0.5097073554992676 0.6829458872477213 0.0668187141418457 0.05556997723049588
3 0.9248259544372559 0.6616412268744575 0.0679674506187439 0.05470701853434245
1 0.2004323959350586 0.6349923451741536 0.08096128106117248 0.10225578943888346
1 0.09989109635353088 0.6486599392361111 0.09338941574096679 0.09537923600938585
3 0.7327775001525879 0.6634130689832899 0.04837733805179596 0.05032957924736871
9 0.6285126686096192 0.647094006008572 0.018523076176643373 0.0921913464864095
9 0.6078623771667481 0.6449515872531467 0.017714688181877138 0.08809128337436252
4 0.9247323989868164 0.6341247982449002 0.06893466711044312 0.06073012351989746
7 0.44158082008361815 0.6720011817084418 0.08078968524932861 0.04551207754347059
0 0.04636937081813812 0.6175228542751736 0.031996536254882815 0.13920940823025174
5 0.6549550056457519 0.6461039225260417 0.0190702885389328 0.07834417555067275
9 0.1024885892868042 0.5123154110378689 0.060263139009475705 0.042251388231913246