3 0.5100584983825683 0.6826930575900607 0.0674654483795166 0.05516735712687174
1 0.09930050373077393 0.6485116322835286 0.09234572052955628 0.0964392238193088
1 0.19867405891418458 0.6404376559787326 0.08774893283843994 0.09403328365749783
3 0.9247468948364258 0.6615118238661024 0.06798731088638306 0.0546168327331543
3 0.7329556941986084 0.6625996907552083 0.047180008888244626 0.05023343827989366
9 0.6294764995574951 0.6472372266981337 0.019269752502441406 0.09301510916815864
9 0.6090638637542725 0.6442609998914931 0.01712595522403717 0.08476251496209039
5 0.6580878257751465 0.6453539530436198 0.019090324640274048 0.08211719195048015
4 0.9246493339538574 0.633936267428928 0.06889469623565674 0.06051839722527398
7 0.4415980339050293 0.6718744066026475 0.08104628324508667 0.0457433541615804
0 0.046580535173416135 0.6186514960394965 0.031246894598007204 0.13581363889906142