3 0.5099689483642578 0.6827965206570096 0.0674360990524292 0.055301936467488606
1 0.09928387999534607 0.6485667758517795 0.09161883592605591 0.09750545289781358
1 0.19878374338150023 0.6404593573676215 0.08713184595108033 0.09443942175971137
3 0.9247683525085449 0.661567645602756 0.06809430122375489 0.05467520289950901
3 0.7329989433288574 0.6624063703748915 0.04710732400417328 0.050135167439778645
9 0.6292088508605957 0.6474050733778212 0.019015634059906007 0.09261696073744032
9 0.6089409828186035 0.6439648946126302 0.016699793934822082 0.08473745981852214
5 0.6575592994689942 0.6452195485432942 0.018588156998157503 0.08116395738389758
4 0.9246729850769043 0.6338546329074436 0.06887285709381104 0.06047140227423774
7 0.4416065216064453 0.6719144609239366 0.08068284392356873 0.045730569627549914
0 0.04673938453197479 0.6184319390190972 0.03119964003562927 0.1374646610683865