3 0.5099019527435302 0.6827322218153212 0.06645368337631226 0.05528009202745226
1 0.09918820858001709 0.6499366760253906 0.08910931348800659 0.098659790886773
1 0.1984836459159851 0.6404257456461588 0.08600944876670838 0.09655868742201064
3 0.9246809005737304 0.6614090389675564 0.06786836385726928 0.05476616223653157
3 0.7329153060913086 0.662195544772678 0.0476921945810318 0.05060178438822428
9 0.6292200565338135 0.6483117421468099 0.01947251558303833 0.09140068689982096
9 0.6082321166992187 0.6451004876030816 0.017564842104911806 0.08613971074422201
5 0.6569075107574462 0.6453704833984375 0.02008233219385147 0.07965207629733616
4 0.9246457099914551 0.6339393191867404 0.06867802143096924 0.060851865344577365
7 0.44298701286315917 0.671413082546658 0.08614903092384338 0.0435601446363661
0 0.0445087879896164 0.6192185719807942 0.030988198518753052 0.14044516881306965