3 0.5097453594207764 0.683173582288954 0.06584321260452271 0.05537568198310004
1 0.0992929458618164 0.64973390367296 0.08849167227745056 0.0989362398783366
1 0.19847252368927001 0.6411571926540799 0.0866105854511261 0.0979156388176812
3 0.9246684074401855 0.6613654666476779 0.06774611473083496 0.05500340991550022
3 0.7328207492828369 0.6605933295355902 0.04882455468177795 0.049592214160495335
9 0.6281642436981201 0.6487244923909505 0.01940629631280899 0.09330496258205838
9 0.607483959197998 0.6454744974772135 0.01782955974340439 0.08583400514390734
5 0.6569756507873535 0.6455629984537761 0.02096642404794693 0.08234193060133192
4 0.9246159553527832 0.6340382046169705 0.0683743953704834 0.06101591322157118
7 0.4430126667022705 0.6714266459147136 0.08619619607925415 0.04379511144426134
0 0.04475216567516327 0.6189178890652127 0.031200525164604188 0.14124001397026908