3 0.5093891143798828 0.6840938991970487 0.06475794911384583 0.05629821353488498
1 0.09852020740509033 0.6499629550509982 0.08811796903610229 0.09949334462483723
1 0.19923927783966064 0.6413516998291016 0.08718657493591309 0.09847659005059137
3 0.9248115539550781 0.661362542046441 0.06733771562576293 0.05543106926812066
9 0.6289374828338623 0.6480359395345052 0.018024656176567077 0.09626106686062283
9 0.6077429771423339 0.6449724833170573 0.016465193033218382 0.09053058624267578
3 0.732610034942627 0.6597446017795139 0.05001498460769653 0.04912880261739095
5 0.6575624942779541 0.6463130103217231 0.021311931312084198 0.08657255172729492
4 0.9247233390808105 0.6340591854519314 0.0678101658821106 0.06145451333787706
7 0.44319400787353513 0.6713247511121961 0.08602127432823181 0.04506681760152181
0 0.046038064360618594 0.6201544443766276 0.030611518025398254 0.14082688225640191