3 0.5097839832305908 0.6837365468343098 0.06449394822120666 0.05356201065911187
1 0.09839877486228943 0.6497869703504774 0.0895495057106018 0.09902838601006402
1 0.19887301921844483 0.641768815782335 0.08765320777893067 0.09689993328518337
3 0.9248090744018554 0.661152818467882 0.06729096174240112 0.05590428246392144
9 0.6071821212768554 0.644903055826823 0.017112547159194948 0.08649106555514866
9 0.6298611164093018 0.6486784193250869 0.01837371587753296 0.09437536663479275
5 0.6574582576751709 0.6451643625895183 0.02175649255514145 0.08187297185262045
3 0.7324749946594238 0.6575044843885633 0.05177184343338013 0.048462624020046655
4 0.9247701644897461 0.6340095943874783 0.06731696128845215 0.061749537785847984
7 0.4432377338409424 0.6714514414469401 0.08660743236541749 0.0447426266140408
0 0.046533769369125365 0.6193625979953342 0.0312513530254364 0.14086920420328777