3 0.5102253437042237 0.683731206258138 0.06394965052604676 0.053752766715155706
1 0.09841779470443726 0.6497761620415582 0.08880957961082458 0.09896575080023871
3 0.9248039245605468 0.6610555013020833 0.06744665503501893 0.055965518951416014
1 0.19872066974639893 0.6418094635009766 0.08733565211296082 0.09712577395968967
9 0.6078104496002197 0.6445588853624132 0.01825013756752014 0.08750111791822646
5 0.6573810577392578 0.6448290930853949 0.020936228334903717 0.08054807980855307
3 0.7323360443115234 0.6582501729329427 0.051634359359741214 0.04835450914171007
9 0.6305788993835449 0.6485841115315755 0.018515604734420776 0.095658810933431
4 0.9247737884521484 0.6339005788167318 0.06695326566696166 0.06144588258531358
7 0.4431904315948486 0.6713309817843967 0.08656206130981445 0.04471742312113444
0 0.04612758159637451 0.619714864095052 0.03116849362850189 0.1398474375406901