3 0.5098899841308594 0.6836424933539497 0.06372959017753602 0.05336321724785699
1 0.09896923303604126 0.6498330434163412 0.08893574476242065 0.09830037222968208
9 0.6082179546356201 0.6446171230740018 0.018080465495586395 0.08835943010118273
1 0.19885843992233276 0.6424684312608507 0.08730028867721558 0.09560746086968316
3 0.9247980117797852 0.6611830393473307 0.06758520007133484 0.05547056198120117
5 0.6579308032989502 0.6450560251871745 0.021357783675193788 0.08200689421759712
3 0.7324009418487549 0.6601997799343533 0.05110588073730469 0.04934832255045573
4 0.9247964859008789 0.6339917924669054 0.0675470769405365 0.061116329828898114
9 0.6321277141571044 0.6491864946153428 0.01810837388038635 0.10026815202501085
7 0.4431632041931152 0.6713684929741753 0.08726247549057006 0.044907638761732316
0 0.0459653913974762 0.6201028188069662 0.031196844577789307 0.13767766952514648