3 0.5095944404602051 0.6843910641140408 0.0637832224369049 0.054134374194675025
1 0.09866185188293457 0.6499550289577908 0.09063061475753784 0.09784848954942492
9 0.6075522422790527 0.6442824045817057 0.01869405061006546 0.08855468961927626
1 0.19856793880462648 0.6418184068467881 0.08619815707206727 0.09700520833333333
3 0.9248465538024903 0.661113993326823 0.0675458550453186 0.05476012759738498
5 0.6579809665679932 0.6448521084255643 0.02124624252319336 0.07987009154425727
3 0.7323717594146728 0.662683614095052 0.04991530179977417 0.05067726241217719
9 0.6323401927947998 0.647852283053928 0.018953575193881987 0.09834651947021485
4 0.9248762130737305 0.634041256374783 0.06793398857116699 0.06057229042053223
7 0.4431909561157227 0.6713694254557292 0.08762803077697753 0.04467180569966634
0 0.04583200216293335 0.6200884501139323 0.031372162699699405 0.13637059529622395