3 0.5095791816711426 0.6843503740098741 0.06365934610366822 0.05404343075222439
1 0.09883021712303161 0.6498498280843099 0.09103672504425049 0.09809513092041015
1 0.19854800701141356 0.641840574476454 0.08610385060310363 0.0978973388671875
9 0.6074032306671142 0.6447460598415798 0.01874280273914337 0.08668551445007325
3 0.9248064994812012 0.6612663692898221 0.06768875122070313 0.0546512868669298
5 0.6585729122161865 0.6451237996419271 0.02083490639925003 0.080674590004815
3 0.7324321269989014 0.6630258348253039 0.04974752366542816 0.05084248648749457
9 0.6322513103485108 0.6485229068332248 0.01901415139436722 0.09590311050415039
4 0.924840259552002 0.6341580284966363 0.06810798645019531 0.06063458654615614
7 0.4431405544281006 0.6713666280110677 0.08764965534210205 0.04452035162183973
0 0.0460385262966156 0.619885508219401 0.0316130667924881 0.13660541110568578