3 0.5096921443939209 0.6848219553629558 0.06423240900039673 0.05441493458218045
1 0.19947785139083862 0.6403446621365018 0.08374814987182617 0.09695352978176541
1 0.10039223432540893 0.6483424716525608 0.09123308062553406 0.09797052807278103
9 0.6072612285614014 0.6444180806477865 0.01865825057029724 0.08714327812194825
3 0.9248664855957032 0.6611728244357639 0.06769594550132751 0.054301320181952585
5 0.6586110591888428 0.6447032504611545 0.02050493359565735 0.0809767829047309
3 0.7326536655426026 0.6635986751980252 0.04916484951972962 0.051142676671346025
9 0.6320510864257812 0.648274654812283 0.018906304240226747 0.09548097186618382
4 0.924876594543457 0.6337506612141927 0.06851869821548462 0.060393566555447045
7 0.4432411193847656 0.671714825100369 0.08637901544570922 0.043559567133585615
0 0.04766029417514801 0.6181421067979601 0.031084677577018736 0.14097137451171876