3 0.5097178459167481 0.6844643910725912 0.06417343020439148 0.053623003429836696
1 0.1980866312980652 0.6399152119954427 0.08575061559677125 0.09849861992730034
9 0.6075005531311035 0.6446238623725044 0.01863551139831543 0.08666401969061957
1 0.1005849838256836 0.648834949069553 0.091973215341568 0.097634400261773
3 0.9248618125915528 0.6610885196261935 0.06759887933731079 0.05463556713528103
5 0.6584011077880859 0.6447689480251736 0.020546363294124605 0.08102334870232476
3 0.7325719833374024 0.6629317813449436 0.04936664998531341 0.05101911226908366
9 0.6326584339141845 0.6486391279432508 0.018812046945095064 0.09527744717068143
4 0.9248632431030274 0.6337727440728081 0.06822762489318848 0.060622458987765845
7 0.44329309463500977 0.6717508951822917 0.08636316657066345 0.04375202655792236
0 0.0476031631231308 0.6186093224419488 0.03199783265590668 0.14033998913235135