3 0.5099263191223145 0.6842503017849393 0.06442314386367798 0.05334728029039171
1 0.19773032665252685 0.6398929172092014 0.08529092073440551 0.098403443230523
1 0.1007189393043518 0.6486874050564236 0.09221872091293334 0.09785748587714302
9 0.607288932800293 0.6446478525797527 0.018771551549434662 0.08649778366088867
3 0.9248653411865234 0.6611095852322049 0.0674934983253479 0.05484511587354872
9 0.6323630332946777 0.648338360256619 0.01927587538957596 0.09435390896267361
5 0.6586179256439209 0.6449115329318577 0.020732945203781127 0.08291660944620768
3 0.7325217247009277 0.6619909922281901 0.049688595533370974 0.05035534434848361
4 0.9248360633850098 0.633813985188802 0.06806074976921081 0.06094588173760308
7 0.4431954860687256 0.6716498057047526 0.08651623129844666 0.04365541405147976
0 0.047081989049911496 0.6189693874782987 0.03213299810886383 0.1401090939839681