3 0.5101482391357421 0.683946058485243 0.06453932523727417 0.05374824735853407
1 0.1986912965774536 0.6382882436116536 0.0827961266040802 0.0980322625901964
1 0.10108928680419922 0.6490239461263021 0.09197971224784851 0.09717555575900608
9 0.6081759929656982 0.6449804517957899 0.018886032700538635 0.08208111657036675
3 0.9248164176940918 0.6611607869466146 0.06734808683395385 0.054960081312391496
9 0.6331628799438477 0.6481435139973958 0.018708562850952147 0.09453862508138021
5 0.6602725505828857 0.6450386047363281 0.019951635599136354 0.08314397070142958
3 0.7326393604278565 0.6618839687771267 0.049358916282653806 0.050402757856580944
4 0.924754524230957 0.6340210384792752 0.06812514066696167 0.06117777294582791
7 0.44313721656799315 0.6716566721598307 0.08634896278381347 0.04343661997053358
0 0.047744020819664 0.6181786855061849 0.031823381781578064 0.14136451085408527