3 0.5098782062530518 0.6843172709147135 0.06462117433547973 0.05406910048590766
1 0.19904859066009523 0.6380917019314236 0.08377419710159302 0.09769451353285048
1 0.1012074589729309 0.6491473727756076 0.09166724681854248 0.09751300811767578
9 0.6080737590789795 0.6448148939344618 0.01890227198600769 0.08354680803087022
3 0.9247604370117187 0.6613094753689236 0.06732252240180969 0.05498011906941732
9 0.6332617282867432 0.647930399576823 0.018602244555950165 0.09568024741278755
5 0.6610743522644043 0.6450566609700521 0.019889453053474428 0.08349366717868381
3 0.7326588153839111 0.6626559363471137 0.04919327795505524 0.05042693879869249
4 0.9247299194335937 0.6341692182752822 0.06842814683914185 0.06120124922858344
7 0.44311909675598143 0.6717974344889323 0.08630511164665222 0.043046243985493976
0 0.04763769805431366 0.6174631754557292 0.03139557242393494 0.1431976424323188