3 0.5097423553466797 0.6840935177273221 0.0655861496925354 0.05462267663743761
1 0.100471830368042 0.6488983578152127 0.09228088855743408 0.09916264216105143
1 0.19962096214294434 0.6378640492757162 0.086570405960083 0.09711392720540364
3 0.9247590065002441 0.6613458845350477 0.06755155324935913 0.05504222446017795
9 0.6081442832946777 0.6448904249403212 0.019029715657234193 0.08325158754984538
9 0.6333370685577393 0.6479370541042752 0.018840833008289336 0.09448727501763238
5 0.6610236644744873 0.6453053368462457 0.020291602611541747 0.08220520549350314
3 0.7325239181518555 0.6628360748291016 0.04998013377189636 0.04941472477383084
4 0.9247051239013672 0.6340234120686848 0.06835817694664001 0.06103964381747776
7 0.44317197799682617 0.6718359629313151 0.08561612367630005 0.04344789187113444
0 0.04576722085475922 0.6171217176649305 0.031473225355148314 0.14436146418253581