3 0.5100016593933105 0.6830294291178386 0.06596263647079467 0.05466763178507487
1 0.19865210056304933 0.6394527011447483 0.08328171968460082 0.09922954771253797
3 0.924744987487793 0.6610695309109158 0.06757994890213012 0.05533589257134332
1 0.10063092708587647 0.6498408847384982 0.09241042137145997 0.09642858505249023
9 0.6077837467193603 0.6448053571912977 0.018831564486026763 0.08234043651156955
3 0.7326545238494873 0.6612880282931858 0.05025721192359924 0.04951345125834147
5 0.6594688892364502 0.644617207845052 0.020166219770908357 0.08355102009243436
9 0.6330712318420411 0.6482051001654731 0.0194126233458519 0.09429052140977648
4 0.9246620178222656 0.6343367682562934 0.06860407590866088 0.06160806549919976
7 0.44310383796691893 0.6716150495741102 0.08483043313026428 0.04354186058044433
0 0.04562088549137115 0.6180355495876736 0.03187391757965088 0.13754360410902236