3 0.5102152824401855 0.6830565982394748 0.06610981225967408 0.055129628711276586
1 0.19867075681686402 0.6389990064832899 0.08256964683532715 0.0998462888929579
3 0.9247504234313965 0.6610466851128473 0.06758442521095276 0.055279843012491864
1 0.10094190835952759 0.6497881995307074 0.09188157916069031 0.09587533738878039
9 0.6073493480682373 0.6452356550428603 0.01908528506755829 0.0828569253285726
5 0.6589510440826416 0.6448797014024522 0.02026854157447815 0.0830862840016683
3 0.7325248718261719 0.6611840565999348 0.05063534379005432 0.04947509765625
9 0.6328820705413818 0.6485182020399306 0.019634439051151274 0.09401991102430556
4 0.9246634483337403 0.6343746185302734 0.06856667995452881 0.06169788042704264
7 0.44312372207641604 0.6715875413682726 0.08476975560188293 0.043872025277879506
0 0.04573077261447907 0.6181679195827908 0.03181193768978119 0.13758243984646268