3 0.5101737022399903 0.6831075032552083 0.06588293313980102 0.05503809716966417
1 0.19872246980667113 0.6388985104031033 0.08308842182159423 0.10026529100206164
3 0.9246987342834473 0.6610110812717014 0.06752039194107055 0.0555238405863444
1 0.10091413259506225 0.6500298394097223 0.09177103042602539 0.09581674999660916
9 0.6068610191345215 0.6453418307834201 0.01912875324487686 0.08298225932651096
5 0.6594852447509766 0.6450143602159288 0.019939185678958894 0.08147375318739149
3 0.7326918601989746 0.6612235175238715 0.050699633359909055 0.04946309195624458
9 0.632924747467041 0.6483717176649305 0.019487959146499634 0.09240518146091037
4 0.9246424674987793 0.6345428042941623 0.06857798099517823 0.061866119172838
7 0.443145751953125 0.6716640048556858 0.08532469272613526 0.04355064498053657
0 0.0457269012928009 0.6182418399386935 0.03099096715450287 0.13765557607014975