3 0.5103768825531005 0.683296161227756 0.06581879258155823 0.05455389552646213
1 0.19879342317581178 0.6385297139485677 0.08392277359962463 0.09955612818400066
1 0.10073007345199585 0.649831051296658 0.0909789264202118 0.0960587289598253
3 0.924693489074707 0.6610292222764756 0.0675605833530426 0.05544223255581326
3 0.7329352378845215 0.6609029134114583 0.05017358064651489 0.04992801878187392
9 0.6067112922668457 0.6459530724419488 0.018464085459709168 0.08396655188666449
5 0.6590329170227051 0.6454519483778212 0.019451788067817687 0.08428652021620009
9 0.6326131343841552 0.6489368014865451 0.019490480422973633 0.09101355870564778
4 0.9246326446533203 0.6347752888997396 0.06869199872016907 0.062009202109442815
7 0.44326534271240237 0.6716797298855252 0.08579667806625366 0.0439475695292155
0 0.04603972434997559 0.6184634738498264 0.03042988181114197 0.13986757066514757