3 0.5098042964935303 0.6837033165825738 0.06698814630508423 0.05483949449327257
1 0.19878472089767457 0.6389075385199653 0.08304175734519958 0.10072707070244682
1 0.10085622072219849 0.6496120876736111 0.09029534459114075 0.09719850752088759
3 0.9247111320495606 0.6612692091200086 0.06778696775436402 0.055269850624932185
9 0.607051944732666 0.645625008477105 0.018223944306373595 0.08528688748677572
3 0.733015775680542 0.6613973405626085 0.05043354034423828 0.050244310167100695
5 0.6572141647338867 0.6449515024820963 0.019217102229595183 0.08244954744974772
9 0.6326679706573486 0.6479523128933377 0.019275987148284913 0.09079635408189561
4 0.9246121406555176 0.6353162977430555 0.06871193051338195 0.06229797469245063
7 0.44355268478393556 0.6715882619222006 0.08547636270523071 0.04514762030707465
0 0.04548273682594299 0.6178750779893664 0.030066198110580443 0.14439016977945965