3 0.5100519180297851 0.6838647206624349 0.06674897074699401 0.05501382615831163
1 0.19972779750823974 0.6394138336181641 0.08320763111114501 0.09804322984483507
3 0.9246598243713379 0.6611821068657769 0.06771658658981324 0.05543995433383518
9 0.6073670387268066 0.6454677157931857 0.01861371099948883 0.08580464786953396
1 0.1009600281715393 0.648918194240994 0.09103047847747803 0.09865178002251519
3 0.7327023506164551 0.6615272098117404 0.05091258883476257 0.0503537654876709
9 0.633197546005249 0.6482206556532119 0.019201135635375975 0.0933177736070421
5 0.6567466259002686 0.6451254102918836 0.01944805383682251 0.08465249803331164
7 0.4436044216156006 0.671396001180013 0.08576512932777405 0.04506967332628038
4 0.9245585441589356 0.6355463239881728 0.06872162222862244 0.06257075203789605
0 0.04413285255432129 0.617968495686849 0.02914295792579651 0.14268532858954536