3 0.5099661350250244 0.6838004642062717 0.06656331419944764 0.05500524308946397
1 0.19994331598281861 0.6386660257975261 0.08269860744476318 0.09965022404988606
3 0.9246796607971192 0.6612284342447917 0.06774809956550598 0.05544410281711155
9 0.6074240207672119 0.6454114278157552 0.018664953112602235 0.08553437127007378
1 0.10062706470489502 0.6492275661892362 0.09218004941940308 0.0988372908698188
3 0.7326309680938721 0.6614475674099393 0.05114130973815918 0.050197103288438585
9 0.6331647872924805 0.6481209225124783 0.01930576264858246 0.09269984563191731
5 0.6570539474487305 0.6450802697075738 0.01970416009426117 0.08448717859056261
7 0.443617057800293 0.6714181264241537 0.08575237393379212 0.04514080153571235
4 0.9245631217956543 0.6355062696668837 0.06865841150283813 0.06254716449313694
0 0.04466804265975952 0.618064456515842 0.029386472702026368 0.1423603269788954