3 0.5102598667144775 0.6837501525878906 0.06631935834884643 0.05533477465311686
1 0.2004769563674927 0.6382062276204427 0.08528370857238769 0.09943596522013347
3 0.9247625350952149 0.6611056857638888 0.06776940822601318 0.05555762184990777
9 0.6073174953460694 0.6452801174587673 0.01859048753976822 0.08417512575785319
1 0.10019437074661255 0.6492422739664714 0.09291152954101563 0.09910143746270074
3 0.7324845314025878 0.6615343729654948 0.051142990589141846 0.050092061360677086
9 0.6328749179840087 0.6482535468207465 0.01938807815313339 0.0921529557969835
5 0.6571130752563477 0.6446827782524956 0.02025892734527588 0.08447333441840278
7 0.4436325550079346 0.6715513865152994 0.08523567914962768 0.04502745204501682
4 0.9246793746948242 0.6351467980278863 0.06895727515220643 0.06279213163587782
0 0.044586357474327085 0.6180023617214627 0.02943757176399231 0.14173635906643337