3 0.5101632595062255 0.6838589138454861 0.06605360507965088 0.05514682663811578
1 0.20058798789978027 0.6394530402289497 0.08469117879867553 0.09833544625176324
3 0.9247661590576172 0.661102294921875 0.06778637170791627 0.055413283242119686
9 0.6073113441467285 0.6453383551703559 0.018655675649642944 0.08403295411003961
1 0.09997150301933289 0.6484483930799696 0.09316213130950927 0.0997784932454427
3 0.7325375556945801 0.6617759280734592 0.050725674629211424 0.050309869978162974
5 0.6575171470642089 0.6445948282877604 0.02044455111026764 0.08488618532816569
9 0.632745361328125 0.6482121361626519 0.019365254044532775 0.09193639755249024
7 0.4436911106109619 0.6714762369791667 0.08576796054840088 0.045059691535101996
4 0.9247385025024414 0.6349041408962673 0.06889421343803406 0.0625616815355089
0 0.045672443509101865 0.6183194478352865 0.030026948451995848 0.14172062344021266