3 0.5102493286132812 0.6839081658257379 0.0664242148399353 0.05549294683668349
1 0.20020682811737062 0.6393677605523004 0.08411244153976441 0.09889710744222005
3 0.9247507095336914 0.6610041724310981 0.06776621341705322 0.05539844301011827
9 0.6071314334869384 0.6453195359971788 0.018681395053863525 0.08353999455769857
1 0.0993960976600647 0.6483080969916449 0.0928296148777008 0.0994609620836046
3 0.7325409889221192 0.661951404147678 0.05074033737182617 0.050172011057535805
9 0.6322683334350586 0.6483300526936849 0.019387790560722352 0.09016222423977321
5 0.6588840961456299 0.6448559231228299 0.020619699358940126 0.08449534840053982
7 0.44367642402648927 0.6713721805148655 0.086113840341568 0.045279645919799806
4 0.9247146606445312 0.6349141014946832 0.06878514289855957 0.062480089399549694
0 0.045876070857048035 0.6184456295437283 0.030466175079345702 0.14044852786593967