3 0.510234260559082 0.6838826073540581 0.06650215983390809 0.05549328062269423
1 0.20012369155883789 0.6392108069525825 0.08259638547897338 0.1002171410454644
3 0.9247387886047364 0.6609991709391276 0.06780365109443665 0.05539977815416124
9 0.6071434020996094 0.6454036288791233 0.01866290271282196 0.08360921012030707
1 0.09902404546737671 0.6483730740017362 0.0927883267402649 0.10030721028645834
3 0.7325600624084473 0.6618925306532119 0.05076116919517517 0.050167682435777454
9 0.6322318077087402 0.6484803093804253 0.019423115253448486 0.0902255376180013
5 0.6588639259338379 0.644996092054579 0.020654791593551637 0.08389671113755968
7 0.4436638832092285 0.6713362799750434 0.08614033460617065 0.04530026117960612
4 0.9247047424316406 0.6349505954318576 0.06876352429389954 0.06250333256191677
0 0.04590159952640534 0.6186364491780599 0.030461442470550538 0.13970488442314996