3 0.5102007389068604 0.6835705227322049 0.06656444072723389 0.05516805648803711
1 0.1993158459663391 0.6378676944308811 0.07987314462661743 0.10193042755126953
3 0.9247406959533692 0.6610329945882162 0.06795964241027833 0.05540759298536513
9 0.6073976039886475 0.6453103807237414 0.01880185157060623 0.08296970261467827
1 0.0990647554397583 0.6481431325276693 0.09244136810302735 0.10004480150010851
5 0.6584414958953857 0.6450627644856771 0.020368802547454833 0.08474953969319661
3 0.7326099872589111 0.6614017062717014 0.05074840784072876 0.049361965391370985
9 0.6328444004058837 0.6485385470920139 0.0195969820022583 0.09119218190511068
7 0.44359617233276366 0.671374257405599 0.08579790592193604 0.045213932461208764
4 0.9246925354003906 0.6348264058430989 0.06890729665756226 0.06242360009087457
0 0.04625852704048157 0.6185241275363498 0.029934373497962952 0.14050960540771484