3 0.510400390625 0.6834408654106988 0.06650656461715698 0.05512148009406196
1 0.19946314096450807 0.6376310560438369 0.08034204244613648 0.10193719863891601
3 0.9247661590576172 0.6610825856526693 0.06765389442443848 0.055454789267645944
9 0.6073529720306396 0.645491197374132 0.018920406699180603 0.08331896464029948
5 0.6583800792694092 0.6452500661214192 0.020406255125999452 0.08339468638102214
1 0.0991029441356659 0.6457537333170573 0.09324842691421509 0.10192177030775282
3 0.7324526309967041 0.6610271877712673 0.050974410772323606 0.04919203122456869
9 0.6330366611480713 0.6487361060248481 0.019825348258018495 0.09192534552680122
7 0.44359569549560546 0.6713777330186632 0.08560600280761718 0.04518824683295356
4 0.9247188568115234 0.6346394432915582 0.06869370937347412 0.06241594950358073
0 0.04583662748336792 0.61785888671875 0.0299483984708786 0.14188979466756185