1 0.10054469108581543 0.6624612596299914 0.10071489810943604 0.07283973693847656
5 0.6583809375762939 0.6447187211778429 0.018153196573257445 0.08930479685465495
9 0.601080322265625 0.643530527750651 0.021165108680725096 0.09568102094862196
1 0.1989733934402466 0.6375814225938585 0.08636583089828491 0.09755709966023764
4 0.9215818405151367 0.6371495140923394 0.07669446468353272 0.06921289761861166
3 0.735831356048584 0.6613438076443142 0.052049511671066286 0.04681669341193305
9 0.6209409236907959 0.6466156429714627 0.020674997568130495 0.09159983528984918
3 0.5040863990783692 0.6775947994656033 0.07601535916328431 0.04869521458943685
3 0.9240934371948242 0.6609214358859592 0.06443291902542114 0.04852261013454861
13 0.22358360290527343 0.4946523030598958 0.07988282442092895 0.04432905779944526
7 0.443315315246582 0.6770053439670138 0.0819197952747345 0.03536992867787679
0 0.04904470443725586 0.6115656534830729 0.03364517986774444 0.137778017255995
12 0.09123262763023376 0.5749156528049045 0.04873169660568237 0.11360450320773655