5 0.6575613021850586 0.6451944563123915 0.019230616092681885 0.08414573139614528
1 0.10025631189346314 0.6613125271267362 0.09960285425186158 0.07460098796420628
1 0.19895682334899903 0.637270991007487 0.08568108677864075 0.09799982706705729
4 0.9216814994812011 0.6369034661187066 0.07617992758750916 0.06817718611823188
3 0.7354275703430175 0.6606754726833768 0.052633798122406004 0.04688698980543349
9 0.5995644569396973 0.644124264187283 0.021222099661827087 0.09275219175550672
9 0.620357084274292 0.6473079257541232 0.021963360905647277 0.09103890524970161
3 0.5040191650390625 0.6774806976318359 0.07599167823791504 0.0486546516418457
3 0.9241472244262695 0.6622082604302301 0.06961316466331482 0.05115022659301758
7 0.4433619499206543 0.6768780178493924 0.08186732530593872 0.03559897740681966
13 0.2199637174606323 0.4920472886827257 0.08156993389129638 0.04593005180358887
12 0.0874620795249939 0.579012934366862 0.05299555063247681 0.11642164654201931
0 0.049614396691322324 0.6125007205539279 0.033729729056358335 0.1385787116156684