4 0.9218026161193847 0.637148200141059 0.07572058439254761 0.0670396327972412
5 0.657235860824585 0.6452483707004123 0.018760329484939574 0.0830389764573839
1 0.19888728857040405 0.6377229478624132 0.08531914949417115 0.09830026626586914
3 0.7353691577911377 0.6608028411865234 0.05184697508811951 0.04752785894605849
1 0.10093261003494262 0.661177232530382 0.09893383979797363 0.07507903310987685
3 0.5042940139770508 0.6775083753797743 0.07594022154808044 0.0489333364698622
9 0.5997890949249267 0.6443014356825086 0.02113206684589386 0.09234974119398329
9 0.6205580711364747 0.6472647772894965 0.022000713646411894 0.09068534639146593
3 0.9242341041564941 0.6620619879828559 0.06950737237930298 0.05119953685336643
13 0.22004275321960448 0.4918033175998264 0.08016736507415771 0.046182033750745984
7 0.44330196380615233 0.6768532223171658 0.08092677593231201 0.03510703245798747
12 0.08865174055099487 0.5800496419270833 0.050471913814544675 0.11350356207953559
0 0.04649853408336639 0.6160879770914713 0.03235945701599121 0.1333738538953993