3 0.509375 0.680556 0.065625 0.055556
3 0.923438 0.661806 0.071875 0.059722
4 0.921094 0.641667 0.076563 0.069444
1 0.102344 0.655556 0.100000 0.077778
1 0.198047 0.631944 0.078906 0.097222
3 0.732812 0.661806 0.050000 0.051389
9 0.619141 0.643056 0.017969 0.091667
13 0.304688 0.672917 0.087500 0.043056
7 0.442578 0.669444 0.088281 0.044444
9 0.598047 0.643056 0.021094 0.094444
5 0.660937 0.646528 0.012500 0.090278
0 0.045703 0.611806 0.027344 0.131944
5 0.651563 0.638889 0.015625 0.097222
4 0.305469 0.666667 0.067187 0.030556
12 0.153125 0.440972 0.078125 0.059722