3 0.509375 0.680556 0.065625 0.055556
3 0.923438 0.661806 0.073438 0.059722
4 0.921094 0.643056 0.078125 0.069444
1 0.198047 0.630556 0.078906 0.097222
1 0.102344 0.655556 0.100000 0.077778
3 0.732812 0.661806 0.050000 0.051389
9 0.619141 0.643056 0.017969 0.091667
7 0.442578 0.669444 0.088281 0.044444
9 0.598047 0.643056 0.021094 0.094444
13 0.305078 0.672917 0.085156 0.043056
5 0.661328 0.644444 0.013281 0.091667
0 0.047266 0.611806 0.027344 0.131944
4 0.304688 0.661806 0.076563 0.029167
12 0.170313 0.436111 0.084375 0.061111