3 0.509375 0.680556 0.065625 0.055556
4 0.920312 0.645139 0.081250 0.076389
3 0.923438 0.661806 0.075000 0.059722
1 0.196875 0.631944 0.081250 0.094444
1 0.101172 0.656944 0.099219 0.080556
3 0.732812 0.661806 0.050000 0.054167
9 0.619922 0.644444 0.019531 0.094444
7 0.442578 0.669444 0.089844 0.047222
9 0.596875 0.643056 0.021875 0.097222
13 0.304688 0.674306 0.087500 0.043056
5 0.661328 0.644444 0.013281 0.094444
0 0.045312 0.611806 0.028125 0.131944
12 0.209766 0.434028 0.080469 0.068056
4 0.305078 0.670833 0.066406 0.019444