3 0.509766 0.680556 0.066406 0.055556
4 0.920312 0.645139 0.081250 0.076389
3 0.923438 0.661806 0.075000 0.059722
3 0.732812 0.661806 0.050000 0.054167
1 0.100391 0.656944 0.097656 0.077778
1 0.195703 0.631944 0.082031 0.094444
7 0.443750 0.669444 0.090625 0.047222
9 0.620313 0.644444 0.018750 0.094444
9 0.596875 0.643056 0.021875 0.100000
13 0.303516 0.674306 0.089844 0.045833
5 0.661719 0.645139 0.014063 0.098611
0 0.046094 0.611806 0.029687 0.131944
12 0.227344 0.445139 0.093750 0.059722
4 0.304297 0.669444 0.071094 0.030556