3 0.508984 0.680556 0.066406 0.055556
4 0.920703 0.645833 0.083594 0.077778
3 0.923828 0.663889 0.075781 0.061111
1 0.100781 0.657639 0.098437 0.079167
3 0.733203 0.662500 0.050781 0.052778
1 0.196875 0.634028 0.082812 0.095833
9 0.621094 0.645833 0.018750 0.094444
9 0.597656 0.644444 0.021875 0.100000
7 0.445312 0.670833 0.092188 0.050000
5 0.661719 0.644444 0.014063 0.094444
13 0.304297 0.675000 0.089844 0.044444
0 0.045703 0.613194 0.030469 0.131944
4 0.304688 0.670139 0.068750 0.026389
12 0.235937 0.450694 0.120313 0.070833