3 0.508203 0.679167 0.069531 0.055556
1 0.196875 0.631250 0.084375 0.098611
1 0.101172 0.656944 0.100781 0.083333
9 0.620703 0.647222 0.021094 0.091667
3 0.733203 0.662500 0.049219 0.055556
4 0.920703 0.647917 0.085156 0.081944
9 0.597656 0.645139 0.023438 0.098611
5 0.662500 0.647917 0.015625 0.084722
7 0.448047 0.671528 0.099219 0.051389
3 0.923438 0.664583 0.076563 0.065278
13 0.304297 0.675000 0.082031 0.055556
0 0.045703 0.613194 0.032031 0.137500
8 0.646875 0.593750 0.021875 0.106944
12 0.354297 0.509722 0.072656 0.038889
4 0.304688 0.661111 0.067187 0.033333