3 0.507031 0.677083 0.070312 0.054167
1 0.195703 0.633333 0.083594 0.097222
1 0.101172 0.656944 0.099219 0.080556
3 0.733203 0.661806 0.050781 0.054167
9 0.620313 0.644444 0.020313 0.091667
4 0.920312 0.646528 0.084375 0.081944
9 0.597656 0.645139 0.021875 0.098611
3 0.923438 0.663194 0.075000 0.065278
13 0.302734 0.674306 0.089844 0.043056
5 0.660937 0.647917 0.015625 0.090278
7 0.445703 0.671528 0.096094 0.048611
0 0.046094 0.615278 0.029687 0.144444
8 0.648047 0.584028 0.021094 0.098611
4 0.307031 0.665278 0.068750 0.036111
12 0.402734 0.521528 0.077344 0.056944