3 0.508203 0.679167 0.067969 0.055556
3 0.923438 0.661806 0.073438 0.059722
4 0.921094 0.644444 0.082812 0.080556
9 0.619922 0.645139 0.019531 0.090278
3 0.733203 0.661806 0.050781 0.051389
1 0.100391 0.658333 0.102344 0.080556
1 0.195703 0.634028 0.086719 0.095833
9 0.599219 0.643056 0.021875 0.094444
13 0.305469 0.674306 0.093750 0.040278
5 0.661719 0.649306 0.015625 0.090278
7 0.448828 0.671528 0.094531 0.043056
0 0.046484 0.615278 0.028906 0.144444
4 0.306250 0.666667 0.078125 0.033333
12 0.451953 0.517361 0.072656 0.045833