3 0.509448766708374 0.6828689575195312 0.06941575407981873 0.05226790640089247
3 0.9241165161132813 0.6628036075168185 0.07153887748718261 0.059189520941840275
4 0.9217720985412597 0.6435432434082031 0.07691447734832764 0.07178656260172527
1 0.1963658332824707 0.6343643612331814 0.08304482102394103 0.09920165803697374
9 0.6200910568237304 0.6458432515462239 0.01882348209619522 0.09021795060899522
1 0.10041780471801758 0.6588385687934027 0.10016615390777588 0.0816676245795356
3 0.7335405349731445 0.6635506100124783 0.05081523060798645 0.052169953452216256
9 0.5992921829223633 0.6444150288899739 0.021305719017982484 0.09581223593817817
13 0.3060622692108154 0.6757718404134114 0.0847427487373352 0.037472181850009494
7 0.4446086883544922 0.674128426445855 0.08432301878929138 0.035591721534729004
5 0.6609309196472168 0.6499961429172092 0.015308456122875213 0.08877131144205729
0 0.04723686575889587 0.6163972642686631 0.03005498945713043 0.1430063247680664