1 0.1967470407485962 0.6339861128065322 0.0833088755607605 0.098580445183648
3 0.7343177795410156 0.6618568844265408 0.052010977268218996 0.051224337683783636
3 0.5080223560333252 0.6808983272976346 0.06884162425994873 0.053185494740804036
3 0.9240118980407714 0.6643050723605686 0.070462167263031 0.06006249321831597
4 0.9216054916381836 0.6450294918484158 0.08119288682937623 0.08072197172376845
9 0.6207818984985352 0.6447235955132379 0.01936114430427551 0.08785854975382487
1 0.10050665140151978 0.6591268327501085 0.09979557991027832 0.08022348086039226
13 0.3055425643920898 0.6751533084445529 0.08511953353881836 0.038151650958591035
9 0.6003472805023193 0.6434205373128256 0.022108131647109987 0.09642128414577908
5 0.6645649909973145 0.6491939968532986 0.01613311320543289 0.09315964380900064
0 0.047695237398147586 0.6166601392957899 0.031637972593307494 0.14094554053412545
7 0.4403397560119629 0.6738110012478299 0.0754931092262268 0.03698478274875217