3 0.5074224948883057 0.6804837544759115 0.06729264259338379 0.054686652289496526
1 0.1966160297393799 0.6337843153211805 0.08317058682441711 0.09850664138793945
3 0.7341541290283203 0.6616768307156033 0.051599299907684325 0.051431459850735134
1 0.1005824089050293 0.6589688195122613 0.10049797296524048 0.08002123302883572
4 0.9213568687438964 0.6472997877332899 0.08398640155792236 0.08202198876274956
9 0.6205313205718994 0.6447492811414931 0.019545885920524596 0.08880934185451932
3 0.9239591598510742 0.6650476243760851 0.07351564764976501 0.06242325041029188
13 0.3059103488922119 0.6751981523301867 0.08591769933700562 0.038047295146518285
9 0.5999998092651367 0.6433197869194879 0.022749674320220948 0.0984799067179362
5 0.6640634059906005 0.6491613599989149 0.016212847828865052 0.0934224976433648
0 0.04756227731704712 0.616514163547092 0.03186136484146118 0.14160483678181965
7 0.4401442527770996 0.6737114800347223 0.07304974794387817 0.03835491074456109
8 0.6270855903625489 0.5284459431966145 0.03158312439918518 0.07236939536200629