1 0.1964225649833679 0.6340907626681858 0.08318626284599304 0.09874324798583985
3 0.5073428153991699 0.6801195780436198 0.07205057144165039 0.06026647885640462
3 0.733033275604248 0.6616519080268012 0.05020098090171814 0.04984702534145779
1 0.10033687353134155 0.6592610677083334 0.09976166486740112 0.08016876114739312
9 0.6203941822052002 0.64493285285102 0.020060399174690248 0.08824709786309136
13 0.30582289695739745 0.6755143483479817 0.08590095043182373 0.03729281955295139
4 0.9215715408325196 0.6485780080159506 0.08519531488418579 0.07638022104899088
12 0.7058888435363769 0.5288687811957465 0.12107226848602295 0.04529714054531521
5 0.6638270378112793 0.6509551578097873 0.018217943608760834 0.10040743086073134
7 0.43953557014465333 0.6737263997395834 0.07725801467895507 0.03698767026265462
0 0.047070538997650145 0.6164888593885633 0.030769118666648866 0.14321298599243165
3 0.9239181518554688 0.6647967868381076 0.07800378799438476 0.061281283696492515
9 0.5977790832519532 0.642512215508355 0.02335347831249237 0.09751364390055338
8 0.625624418258667 0.5373736063639323 0.028842225670814514 0.08492378658718533