3 0.509375 0.683333 0.067187 0.058333
3 0.924219 0.660417 0.067187 0.056944
1 0.196094 0.634028 0.082812 0.098611
1 0.100000 0.659028 0.100000 0.079167
3 0.733594 0.664583 0.048438 0.051389
4 0.921875 0.640278 0.068750 0.063889
9 0.598047 0.644444 0.021094 0.094444
9 0.619531 0.643056 0.021875 0.091667
13 0.306250 0.675000 0.084375 0.036111
7 0.438672 0.672222 0.075781 0.036111
0 0.046484 0.615278 0.030469 0.141667
5 0.661719 0.647222 0.018750 0.105556
12 0.792188 0.604167 0.092188 0.091667
8 0.423047 0.668056 0.033594 0.030556