3 0.5097389698028565 0.6838945600721571 0.06769946813583375 0.058870289060804576
3 0.9240958213806152 0.658784442477756 0.06508091688156128 0.061219014061821835
1 0.1963172197341919 0.6349271986219618 0.08326050043106079 0.09837852054172092
1 0.10031677484512329 0.6592741224500868 0.09989971518516541 0.07971339755588108
3 0.7344316482543946 0.6646813286675347 0.052813267707824706 0.04429623815748426
9 0.6192625999450684 0.6434615665011936 0.020178227126598357 0.08475404315524632
5 0.6613263607025146 0.6488478342692058 0.019686459004878996 0.1084822760687934
13 0.30703589916229246 0.6753191206190321 0.08604600429534912 0.03745299445258247
4 0.9223450660705567 0.640441173977322 0.07002187967300415 0.06849595175849067
9 0.5988039970397949 0.6452167087131077 0.020535531640052795 0.09533083173963759
7 0.4376807689666748 0.6726169586181641 0.07663871049880981 0.03640278445349799
0 0.04688710570335388 0.6166037241617839 0.031041064858436586 0.14293373955620658
12 0.8111965179443359 0.6651443057590061 0.03098638653755188 0.1071684095594618