3 0.5096269607543945 0.6835744222005208 0.06792446970939636 0.0584989070892334
1 0.19621838331222535 0.6348846011691623 0.08360130190849305 0.09739899105495876
3 0.9242578506469726 0.661408954196506 0.06678747534751892 0.054889949162801106
1 0.1003675103187561 0.6592969258626302 0.1001892328262329 0.07981582217746311
4 0.9243620872497559 0.6400455898708768 0.0681043028831482 0.06454233063591851
13 0.30704622268676757 0.6754763285319011 0.0872471034526825 0.0378864155875312
7 0.43774123191833497 0.6725314670138889 0.0776076853275299 0.037506755193074545
9 0.6184667587280274 0.6440671708848741 0.02082032710313797 0.08804775873819987
3 0.7329143524169922 0.6670938703748915 0.050300604104995726 0.04852684338887533
9 0.5993497848510743 0.6461363898383247 0.0205710306763649 0.09685555564032661
0 0.04751172363758087 0.6166034274631076 0.031154191493988036 0.14345491197374133
5 0.660368824005127 0.6507786644829644 0.02019597589969635 0.10193608601888021