3 0.5095784187316894 0.6836766560872396 0.06743521690368652 0.05918331676059299
3 0.9243406295776367 0.6615284813774956 0.06673830151557922 0.05529225667317708
1 0.19628486633300782 0.6349217308892144 0.08370718359947205 0.0973165512084961
1 0.10037280321121216 0.6593981424967448 0.09975792169570923 0.07944851451449925
4 0.9243465423583984 0.6394139607747396 0.06834950447082519 0.06449033949110243
13 0.30681638717651366 0.6756581624348958 0.08588718771934509 0.03751004801856147
3 0.7332419395446778 0.6664410909016927 0.047815704345703126 0.05086524221632216
7 0.43787689208984376 0.6724835713704427 0.07798855900764465 0.03779212633768717
9 0.6191601276397705 0.6441034528944227 0.01997489333152771 0.08683780564202202
0 0.04764536619186401 0.6165465037027995 0.030683058500289916 0.14385974672105578
9 0.6002360343933105 0.6464959462483724 0.019915390014648437 0.09682894812689888
5 0.6595761775970459 0.6476293351915148 0.01970866173505783 0.10702055825127496