3 0.5096604347229003 0.6838818868001302 0.06738338470458985 0.058608823352389865
3 0.9243318557739257 0.6617110782199436 0.06730371117591857 0.055897389517890084
1 0.19636061191558837 0.6349952273898655 0.08398228883743286 0.09728314081827799
1 0.10037637948989868 0.6595095316569011 0.09994221329689026 0.07975167698330349
4 0.9224883079528808 0.6414729224310981 0.06982269287109374 0.06528551313612196
9 0.6196456909179687 0.6439975314670139 0.020144598186016084 0.08432344330681694
13 0.3068380832672119 0.6756390889485677 0.08642796277999878 0.0375836001502143
3 0.7330306053161622 0.6667553795708551 0.0486003190279007 0.052242443296644424
7 0.43926467895507815 0.6724155002170139 0.0771123230457306 0.03798423608144124
0 0.04771597683429718 0.6165571848551432 0.030916643142700196 0.14322343402438695
5 0.6594191074371338 0.6476094563802083 0.01978294402360916 0.10845485263400607
9 0.599407958984375 0.6460479312472873 0.019133560359477997 0.09680488374498156