3 0.5098281383514405 0.6827303568522135 0.06919457912445068 0.05763810475667318
3 0.9242063522338867 0.6617453257242839 0.06804438829421997 0.05826155344645182
1 0.19639263153076172 0.6350176917182074 0.0841948926448822 0.09695591396755643
4 0.9221390724182129 0.6409288194444445 0.07244085669517517 0.06846204333835178
1 0.10038505792617798 0.6592725118001302 0.10032039880752563 0.07997206581963433
3 0.734409761428833 0.6642611609564887 0.049343711137771605 0.05162074300977919
9 0.6205110549926758 0.6436976114908854 0.022265680134296417 0.08779605229695638
13 0.3062757015228271 0.6754256354437934 0.08617975711822509 0.03856613900926378
5 0.6591880321502686 0.6460132598876953 0.019326424598693846 0.10813941955566406
7 0.4396028995513916 0.6724116855197483 0.07625274658203125 0.03771776093377007
9 0.5985832214355469 0.644986809624566 0.019577644765377045 0.09626797570122612
0 0.04767256677150726 0.6165104336208768 0.031056639552116395 0.14272634718153213