3 0.5091000556945801 0.6827206081814237 0.06972554922103882 0.05794477462768555
3 0.9240694999694824 0.6627415551079644 0.06930677890777588 0.05747413635253906
1 0.19636449813842774 0.6349107106526692 0.08443742990493774 0.09638651741875542
4 0.9218975067138672 0.6437708536783854 0.07382045984268189 0.07060524622599283
1 0.10026366710662842 0.6591702779134114 0.10036847591400147 0.08001520368787977
9 0.6211995601654052 0.6436015235053169 0.021969781816005708 0.08964434729682075
3 0.7333361625671386 0.6641152699788412 0.05026091337203979 0.050759818818834096
5 0.6603946685791016 0.6458127339680989 0.019049869477748872 0.10286086400349935
13 0.3059960603713989 0.6754175821940104 0.08604646921157837 0.038899858792622886
9 0.5980923175811768 0.6444746653238932 0.021045684814453125 0.09533213509453667
0 0.0477192759513855 0.6164925045437283 0.030850794911384583 0.14171211454603408
7 0.43984785079956057 0.6725774976942275 0.07392398118972779 0.036418448554144965