3 0.5088100433349609 0.6822338104248047 0.06994566321372986 0.05792803234524197
1 0.19651081562042236 0.635058339436849 0.08436911702156066 0.09633544286092123
4 0.9217411041259765 0.646199459499783 0.07639334201812745 0.07661353217230903
3 0.9239917755126953 0.6636038886176215 0.07298988103866577 0.060332568486531575
1 0.10023179054260253 0.6592282189263238 0.1000517725944519 0.0799099604288737
9 0.5988158226013184 0.6438149770100912 0.02196354269981384 0.09884298112657335
13 0.3059850215911865 0.6753634982638889 0.08528280854225159 0.03855408827463786
3 0.7330557823181152 0.6641318003336588 0.04951260685920715 0.05204749637179905
9 0.62118558883667 0.6440045674641927 0.02144496738910675 0.09115993711683486
5 0.6599868774414063 0.6459730784098308 0.014777833223342895 0.09311119715372722
7 0.4402186393737793 0.672601826985677 0.07472531795501709 0.03726786772410075
0 0.04733290672302246 0.6163956536187066 0.031090682744979857 0.14224591785007054