3 0.5074991703033447 0.6817715962727865 0.06848075985908508 0.05699680116441515
1 0.19671313762664794 0.6349920484754774 0.08466777801513672 0.09618833329942492
4 0.9215630531311035 0.6472674475775825 0.0782947599887848 0.07726280954149034
1 0.10046931505203247 0.6592769198947482 0.09994462132453918 0.08051082293192545
3 0.923954963684082 0.6642799801296658 0.0745525300502777 0.06103151109483507
3 0.7333700656890869 0.6637684292263455 0.04974217414855957 0.05132477548387315
13 0.30603933334350586 0.6752561357286241 0.08361456394195557 0.038362961345248754
9 0.6220625877380371 0.6450383080376519 0.020098668336868287 0.08624547852410211
7 0.4404858112335205 0.6737160152859158 0.07627708911895752 0.03712480862935384
9 0.5992249488830567 0.6449195014105903 0.021631810069084167 0.0899719344245063
0 0.04572760760784149 0.6141706678602431 0.03155848979949951 0.13913008371988933
5 0.6599085807800293 0.6476525624593099 0.014938084781169892 0.08760850694444444