3 0.5088304996490478 0.6818038092719184 0.07066987752914429 0.05764620569017198
1 0.19659484624862672 0.6349172804090711 0.08461898565292358 0.09674569235907661
4 0.9216366767883301 0.6473432328965929 0.07855612635612488 0.07772764629787869
1 0.10049350261688232 0.6592219882541233 0.10021069049835205 0.08042366769578722
3 0.9239547729492188 0.6643404218885633 0.07451497316360474 0.061100345187717016
3 0.7337271690368652 0.663743421766493 0.05020700097084045 0.05121156374613444
13 0.30576581954956056 0.675182596842448 0.08358210921287537 0.038136455747816295
9 0.6218967437744141 0.6450739966498481 0.01976829767227173 0.08310447798834907
7 0.4401393890380859 0.6736660427517361 0.07535145282745362 0.03680419921875
0 0.04569797217845917 0.614216317070855 0.03155660331249237 0.13914240731133354
5 0.6603312015533447 0.648957019382053 0.014776647090911865 0.08304507467481825
9 0.5985608577728272 0.6444994184705947 0.02138896584510803 0.08986504872639973