1 0.19673167467117308 0.6345358106825086 0.08405706882476807 0.09911859300401475
3 0.7339106559753418 0.6634241316053603 0.04885530471801758 0.049081638124254014
3 0.5082159042358398 0.6842389848497179 0.06473098993301392 0.05143425729539659
3 0.9245432853698731 0.6618480258517795 0.06764045953750611 0.05332314173380534
1 0.10073528289794922 0.6589490254720052 0.10184756517410279 0.08138966030544705
4 0.9224207878112793 0.6370595296223959 0.07375609874725342 0.06311405499776204
13 0.30520498752593994 0.675016827053494 0.08489046096801758 0.039270361264546715
9 0.6215971946716309 0.6463921864827474 0.02119056135416031 0.07942607137891981
7 0.44542489051818845 0.6752897898356119 0.08065753579139709 0.0348807414372762
5 0.6605778694152832 0.6482794443766277 0.018951621651649476 0.08646205796135796
0 0.04728802740573883 0.6164511362711589 0.03141563832759857 0.144040044148763
9 0.6001983165740967 0.64566527472602 0.019869862496852873 0.0829224427541097