1 0.1964210033416748 0.6346051534016927 0.0833776354789734 0.09973187976413303
3 0.5093594551086426 0.6839216868082683 0.06312275528907776 0.05231418609619141
3 0.7337552070617676 0.6633157518174914 0.049392372369766235 0.04906149440341526
3 0.9245232582092285 0.661867184109158 0.06752562522888184 0.053011756473117407
1 0.10072321891784668 0.6589063856336805 0.10187313556671143 0.08154261906941732
4 0.9223834991455078 0.637288326687283 0.07383599281311035 0.06364981333414714
13 0.30524160861968996 0.6751387278238933 0.08496356010437012 0.03895458645290799
9 0.6204848766326905 0.6466668446858724 0.020485283434391023 0.07804627948337131
5 0.6601515293121338 0.648263676961263 0.01872054934501648 0.0848366896311442
7 0.4435074806213379 0.675223880343967 0.08099000453948975 0.03551272021399604
0 0.04714838862419128 0.6162585788302951 0.031134510040283205 0.14460186428493924
9 0.6007735729217529 0.6459928724500869 0.019236212968826293 0.08216718567742241