3 0.5092167377471923 0.682621341281467 0.06644806265830994 0.0519913567437066
1 0.19616614580154418 0.6349998897976346 0.08367006778717041 0.09990010791354709
3 0.7336894035339355 0.6635837978786893 0.049538794159889224 0.049066220389472115
1 0.10099704265594482 0.6587882571750217 0.10161826610565186 0.0807291136847602
4 0.9223240852355957 0.6371785481770833 0.0733475148677826 0.06355910831027561
3 0.9244821548461915 0.6616438547770183 0.06754598021507263 0.05259482595655653
13 0.3053739547729492 0.6753458234998915 0.08424199819564819 0.0388314061694675
5 0.6617023944854736 0.6484973483615452 0.018039949238300323 0.08781443701850043
9 0.6198264122009277 0.6465249803331163 0.019592997431755067 0.07559278806050619
7 0.44339447021484374 0.6748082478841145 0.07795537114143372 0.034928915235731335
9 0.6040308475494385 0.6459150950113932 0.018167021870613097 0.0834398799472385
0 0.0468022882938385 0.6163618723551433 0.029467132687568665 0.1459636794196235