3 0.5092792987823487 0.6824498918321398 0.06825740337371826 0.05221127933926052
1 0.1960988998413086 0.6353331247965495 0.08364642858505249 0.10030757056342231
3 0.7337071895599365 0.6636936611599392 0.0495388925075531 0.048803848690456814
1 0.1011188268661499 0.6586496988932292 0.10216487646102905 0.08123114903767904
13 0.30552010536193847 0.6755357954237197 0.08325758576393127 0.03904833263821072
4 0.9223474502563477 0.6373316446940104 0.0733002781867981 0.06338079240587023
3 0.9245891571044922 0.6616184658474392 0.06777889132499695 0.05204235712687175
5 0.661841630935669 0.6482611338297526 0.017995542287826537 0.08499950832790798
7 0.44142990112304686 0.6746936374240451 0.07871127724647523 0.03296871185302734
9 0.6198916912078858 0.6467398325602214 0.019529102742671965 0.07642932997809516
9 0.6041165351867676 0.6456887563069661 0.018299706280231476 0.08516294691297743
0 0.04674438238143921 0.6163798438178169 0.029400703310966492 0.14635549121432834