3 0.5083272457122803 0.6807288699679904 0.07156891822814941 0.050127108891805015
3 0.7337007999420166 0.6634358723958333 0.050229978561401364 0.04895459281073676
1 0.1970016360282898 0.635828145345052 0.08466162681579589 0.09637055926852756
1 0.10071768760681152 0.6590820736355252 0.10291423797607421 0.08085309664408366
4 0.9222579956054687 0.6379037645128038 0.07274091243743896 0.0644075870513916
13 0.3047611951828003 0.67616212632921 0.08957679271697998 0.03676146666208903
3 0.9245606422424316 0.6613588121202257 0.0682151198387146 0.0519738409254286
9 0.6197076797485351 0.6462538401285808 0.019348891079425813 0.07889428668551975
7 0.44150724411010744 0.6745115915934244 0.08541560173034668 0.03588419490390354
5 0.6625055313110352 0.6501385158962674 0.01685737371444702 0.0884104569753011
0 0.046698087453842164 0.6165176815456814 0.030042162537574767 0.14344281090630426
9 0.6028875827789306 0.6454766591389974 0.018587492406368256 0.08611706097920736