3 0.5089428901672364 0.6810363345675998 0.06966370940208436 0.05315360493130154
1 0.19740376472473145 0.6320069630940756 0.08348735570907592 0.09936369789971246
3 0.7333574295043945 0.6636469946967231 0.049557548761367795 0.04988134172227648
1 0.10138144493103027 0.6579290601942275 0.10355817079544068 0.0805345164404975
3 0.9245935440063476 0.6611772749159072 0.0679008424282074 0.05271264182196723
4 0.9223813056945801 0.6381304423014323 0.07199054360389709 0.06310060818990072
9 0.618933629989624 0.6448807186550565 0.021234260499477388 0.07791848712497287
13 0.306267523765564 0.6749126858181423 0.09095558524131775 0.04231936401791043
5 0.6644801616668701 0.6482616000705295 0.01768275201320648 0.08917407989501953
0 0.04699563682079315 0.6164103613959419 0.03078029155731201 0.14037384457058377
7 0.44323320388793946 0.6734949323866103 0.08150144815444946 0.04238388273451063
9 0.5997172355651855 0.6454182942708333 0.019091010093688965 0.0846283064948188