3 0.5096973419189453 0.6813763512505425 0.06698738932609558 0.0540089554256863
1 0.19654879570007325 0.6310493893093533 0.08410433530807496 0.10243522855970595
3 0.7332212924957275 0.6639665391710069 0.049723881483078006 0.04963084856669108
1 0.10150905847549438 0.6577406141493055 0.10374534130096436 0.08062584665086535
3 0.924702262878418 0.6610090891520183 0.06776145696640015 0.05266235139634874
4 0.9224596977233886 0.6376387278238932 0.07152707576751709 0.06225996547275119
0 0.04686805009841919 0.616731686062283 0.03159282803535461 0.14151040183173286
13 0.30858469009399414 0.6745278676350911 0.09013222455978394 0.04270827505323622
9 0.6194777965545655 0.6453524695502387 0.021710811555385588 0.07753109931945801
7 0.4441397666931152 0.6723682827419705 0.08568448424339295 0.043133001857333715
5 0.6642909526824952 0.6483208550347223 0.017977966368198393 0.08794817924499512
9 0.6007437229156494 0.6449670155843099 0.020338433980941772 0.07963228225708008