3 0.5095924854278564 0.6822377522786458 0.06749043464660645 0.05581444634331597
3 0.7331965446472168 0.6641168382432726 0.04985126256942749 0.05011948479546441
1 0.1964230418205261 0.6350857204861111 0.08667370080947875 0.0945567766825358
1 0.10113604068756103 0.657957034640842 0.10359407663345337 0.07895629141065809
4 0.9223746299743653 0.6383445315890842 0.07246506810188294 0.06271574762132433
3 0.9245805740356445 0.6611607869466146 0.06804516315460205 0.052024957868787976
9 0.6219698905944824 0.6467555575900608 0.02032214552164078 0.08336844974093967
13 0.3063373565673828 0.6744887034098307 0.09177133440971375 0.041386331452263725
0 0.046733319759368896 0.6169236924913194 0.03168188035488129 0.14025626712375217
7 0.44383668899536133 0.6722240871853299 0.08703961372375488 0.04354457590315077
9 0.5973918914794922 0.6456303066677518 0.020259973406791688 0.08589750395880805
5 0.6652343273162842 0.6485744900173611 0.01733221709728241 0.08799212243821886