3 0.509277057647705 0.6814362419976129 0.0676487147808075 0.056066502465142144
1 0.1969664216041565 0.6347767300075955 0.08599016070365906 0.09599029752943251
3 0.7335949897766113 0.663700442843967 0.04992837011814118 0.04970769352383084
1 0.10087052583694459 0.6581570095486111 0.10202783346176147 0.07837031682332357
4 0.9223488807678223 0.637508053249783 0.07293322682380676 0.06271456082661947
3 0.9245849609375 0.6613585154215494 0.0683474063873291 0.05241717762417263
5 0.6639995574951172 0.6479552374945746 0.018657094240188597 0.08663645320468479
9 0.6217606067657471 0.6454459296332465 0.0212927371263504 0.08448179033067492
0 0.04625720381736755 0.6170413547092014 0.031650465726852414 0.13951922522650825
7 0.4443002223968506 0.672272449069553 0.08873730897903442 0.044961839252048066
13 0.3067924976348877 0.6743289099799262 0.09342110753059388 0.04244874053531223
9 0.5997957229614258 0.6444623311360677 0.019991652667522432 0.094369814130995