3 0.5079743385314941 0.6804793463812934 0.07106550931930541 0.05245972739325629
3 0.7340560913085937 0.6626845041910807 0.05045654773712158 0.04915341271294488
1 0.19734936952590942 0.6347609625922309 0.08505783081054688 0.09509439468383789
13 0.31693201065063475 0.6694430881076389 0.0919244945049286 0.04568114280700684
4 0.9221778869628906 0.638087887234158 0.0736109733581543 0.06435155338711208
1 0.10080968141555786 0.6585162268744574 0.10248156785964965 0.07719591988457573
3 0.9244801521301269 0.6615475548638238 0.06871517896652221 0.05270306269327799
9 0.6226637363433838 0.6463252173529731 0.020825089514255525 0.0845119211408827
5 0.6635249137878418 0.6473745557996962 0.01798420548439026 0.08194196489122178
9 0.6003827095031739 0.6453575558132596 0.020093052089214324 0.09104060067070854
0 0.04606247246265412 0.6167736053466797 0.031096374988555907 0.14054253896077473
7 0.4440495491027832 0.6736148410373264 0.08568699359893799 0.04141375753614637