3 0.7342295169830322 0.6629769219292535 0.05274375677108765 0.04832365247938368
4 0.9219500541687011 0.6375838385687934 0.07500216960906983 0.06582872602674696
1 0.19864815473556519 0.6377290089925131 0.0883600652217865 0.09177135891384548
1 0.10070829391479492 0.658534664577908 0.10398602485656738 0.07790541648864746
3 0.506717300415039 0.6793944888644748 0.07277825474739075 0.05096971723768446
9 0.6231218338012695 0.6469522264268663 0.019515974819660185 0.08964548110961915
3 0.9243045806884765 0.6612739139133029 0.0695414423942566 0.051574187808566624
13 0.32483620643615724 0.6652399698893229 0.08487666845321655 0.04641548262702094
9 0.5986855030059814 0.6445597330729167 0.020582154393196106 0.09197024239434136
7 0.4435425281524658 0.6741119808620877 0.08415707349777221 0.0380381531185574
0 0.046212968230247495 0.6163288964165582 0.030720329284667967 0.14324721230400933
5 0.6668581008911133 0.6496661292182074 0.014165697991847992 0.0822095447116428