1 0.19707038402557372 0.6375701480441623 0.08788836598396302 0.10507361094156902
3 0.9241848945617676 0.6644376966688368 0.06675795316696168 0.06017615530225966
3 0.7335684299468994 0.6607037014431424 0.05045915842056274 0.05135762956407335
4 0.9218349456787109 0.644726053873698 0.07387775182723999 0.07864422268337673
1 0.09983527064323425 0.6586786482069228 0.09785401225090026 0.07900544802347818
13 0.3556469678878784 0.6688594818115234 0.08439231514930726 0.042342853546142575
9 0.5666869163513184 0.6749970330132379 0.048135879635810855 0.021739326583014595
3 0.46069936752319335 0.6792423672146267 0.07179955244064332 0.054342534806993276
0 0.04719646573066712 0.6167090945773654 0.029908913373947143 0.1439210573832194
4 0.4499790191650391 0.6124202728271484 0.04717394411563873 0.057689534293280706
14 0.48856143951416015 0.5748054928249783 0.018894723057746886 0.09070423973931206
7 0.460403299331665 0.668985112508138 0.11395313739776611 0.041782222853766544