1 0.19682644605636596 0.6375249226888021 0.08635663986206055 0.10276221169365776
3 0.7339814186096192 0.6611855824788412 0.049433308839797976 0.051221111085679796
4 0.9216743469238281 0.6454256693522136 0.0746798038482666 0.07788330184088813
3 0.924042797088623 0.6648099263509114 0.06798104047775269 0.0591047551896837
1 0.09966729879379273 0.6593819088406033 0.09957292079925537 0.07771380212571886
13 0.35527596473693845 0.6703609890407987 0.08483859896659851 0.04137646092308892
3 0.4608102798461914 0.6793696085611979 0.06759043931961059 0.05033676889207628
0 0.0473288357257843 0.6167997572157118 0.030281063914299012 0.1411963568793403
9 0.5651748657226563 0.6737779405381944 0.045110064744949344 0.021386518743303086
4 0.4626768589019775 0.6577838049994574 0.09703484773635865 0.041726742850409615
7 0.4611401081085205 0.6638314141167535 0.10787556171417237 0.033339272605048285