1 0.19682692289352416 0.637533442179362 0.08663522601127624 0.10295302073160807
3 0.7340106010437012 0.6612591213650174 0.04941410124301911 0.05117217699686686
4 0.9216567039489746 0.6454690721299913 0.07462814450263977 0.0776938067542182
3 0.9240411758422852 0.664854007297092 0.06772217750549317 0.05887412495083279
1 0.09966157674789429 0.6592553456624349 0.09954995512962342 0.07797937923007542
13 0.3551703691482544 0.6704044342041016 0.08523529767990112 0.04116028679741753
0 0.04748927056789398 0.616776106092665 0.030348068475723265 0.1406881332397461
3 0.4608173847198486 0.6791325039333768 0.06781156063079834 0.05039388868543837
9 0.5651541233062745 0.6737369113498264 0.04521602988243103 0.021485613452063665
4 0.4626604080200195 0.657770495944553 0.09689899682998657 0.04145201312171088
7 0.46118979454040526 0.6640355004204644 0.10787421464920044 0.03268724282582601