1 0.19680625200271606 0.6378037346733941 0.08644347190856934 0.10281862682766385
3 0.7339270114898682 0.6608553568522135 0.04952489733695984 0.05121142599317763
4 0.9216998100280762 0.6452472262912327 0.07445368766784669 0.07801179356045193
3 0.9240659713745117 0.6646890004475912 0.06761963367462158 0.059276771545410153
1 0.09951892495155334 0.6592535230848524 0.0994219183921814 0.07769999504089356
13 0.3548974752426147 0.6703819698757596 0.08531323075294495 0.04091160297393799
0 0.04753027558326721 0.6167453342013889 0.030251207947731017 0.14078955120510525
3 0.4608001708984375 0.6783947414822049 0.068009352684021 0.05002148946126302
9 0.5660299777984619 0.673538080851237 0.04617896974086762 0.02211567031012641
4 0.46266517639160154 0.6578177134195964 0.09565579891204834 0.04099719259474013
7 0.46121792793273925 0.6650711907280816 0.10793466567993164 0.032336868180169