14 0.5136842727661133 0.5839271969265408 0.20354344844818115 0.22307896084255643
15 0.8794182777404785 0.5463347964816623 0.10567578077316284 0.3013723585340712
3 0.2603282451629639 0.9281400044759115 0.08922228813171387 0.10573169920179579
4 0.5943883895874024 0.5476721445719401 0.37340900897979734 0.28956896464029946
13 0.11248420476913452 0.8147555033365885 0.2203517436981201 0.2922108968098958
4 0.9589671134948731 0.4324138641357422 0.08196108341217041 0.1420998255411784
3 0.6254240989685058 0.765342034233941 0.28831555843353274 0.3404595481024848
7 0.5408411502838135 0.6278670840793186 0.5382206439971924 0.3425128724839952
8 0.3820720911026001 0.8808548821343316 0.23855829238891602 0.08872740003797742
3 0.16310031414031984 0.9732599894205729 0.09876681566238403 0.05181982252332899
4 0.06225851774215698 0.847675069173177 0.11986701488494873 0.19009681277804905