4 0.577200174331665 0.5660318162706163 0.39664616584777834 0.26273795233832464
15 0.8683413505554199 0.5564993540445964 0.10284035205841065 0.31012513902452254
3 0.24911775588989257 0.9374334547254775 0.08927997350692748 0.10526355107625325
7 0.5308135986328125 0.6357998318142362 0.5771431446075439 0.31630051930745445
13 0.10872527360916137 0.8270289103190104 0.22028675079345703 0.2832862218221029
8 0.37133824825286865 0.8906800164116754 0.24018547534942628 0.08904678556654189
14 0.4762571334838867 0.6048086378309462 0.1717776656150818 0.20167954762776694
4 0.05993077754974365 0.8555682712131076 0.10552353858947754 0.1968213611178928
4 0.9517228126525878 0.44627583821614586 0.0922788918018341 0.1510197957356771
3 0.6168650627136231 0.7830565558539496 0.32037901878356934 0.32456696828206383
3 0.15073022842407227 0.9786551581488715 0.0914693832397461 0.04041867256164551