4 0.5721052169799805 0.5691824595133463 0.39708545207977297 0.2605913374159071
3 0.2463137149810791 0.9394031948513455 0.09129852056503296 0.10066467920939128
15 0.8685101509094239 0.5553974999321831 0.10436766147613526 0.30635926988389756
7 0.5293179035186768 0.6412047915988498 0.5874757766723633 0.3134723875257704
13 0.10645188093185425 0.8297953287760417 0.22281484603881835 0.28132093217637805
8 0.36772856712341306 0.893381839328342 0.24110021591186523 0.08807352383931479
14 0.4728118419647217 0.6064145406087239 0.17265974283218383 0.20188850826687282
4 0.059106194972991945 0.8583785163031684 0.10193692445755005 0.1934146457248264
4 0.9506834983825684 0.44993680318196616 0.09461405873298645 0.14926815032958984
3 0.6122131824493409 0.7848090277777777 0.3086280584335327 0.33437665303548175
3 0.14786797761917114 0.9827293395996094 0.09602938890457154 0.03670838938819038