4 0.5706972122192383 0.5691221449110243 0.3984414339065552 0.26515772077772354
15 0.8682302474975586 0.5551204257541232 0.10132827758789062 0.3166211446126302
3 0.24499056339263917 0.940163082546658 0.09075700640678405 0.09961452484130859
7 0.5283160209655762 0.642265362209744 0.5855015754699707 0.3158935546875
13 0.10690335035324097 0.8315684000651041 0.22407875061035157 0.2810710695054796
8 0.36739144325256345 0.8948310852050781 0.2399299383163452 0.08860132959153917
4 0.9503233909606934 0.4489329867892795 0.09418274164199829 0.14582313961452908
14 0.47098450660705565 0.6075107998318142 0.16899440288543702 0.2040031009250217
4 0.058827221393585205 0.8594790988498264 0.10079370737075806 0.19399950239393446
3 0.6109625816345214 0.7872618781195746 0.3071203470230103 0.33054353925916885
3 0.14605331420898438 0.9834639655219184 0.09622384309768676 0.03420432938469781