4 0.5688469409942627 0.570706303914388 0.40242767333984375 0.2676092783610026
3 0.24265427589416505 0.9416697184244792 0.09033443927764892 0.09833676020304362
15 0.8683258056640625 0.5591915130615235 0.10442887544631958 0.30987158881293403
7 0.5270801544189453 0.6461175706651475 0.5820829391479492 0.31371892293294273
8 0.3669924259185791 0.8961270650227865 0.23816535472869874 0.08749045266045465
13 0.10732693672180176 0.8352075364854601 0.22375912666320802 0.28045516543918186
14 0.4708724498748779 0.6089901394314237 0.1707852840423584 0.20219489203559027
4 0.9499593734741211 0.4522961934407552 0.09349949359893799 0.14611010021633572
3 0.6100954055786133 0.7895470513237848 0.3053584098815918 0.3280453575981988
4 0.05712411999702453 0.8628996955023871 0.09826593995094299 0.19179501003689237
3 0.14463728666305542 0.9847094217936198 0.094949609041214 0.03154811329311795