4 0.5688231468200684 0.5713809119330512 0.405745792388916 0.2663632074991862
3 0.2420118808746338 0.9419010586208767 0.09041276574134827 0.09815027448866102
15 0.8673868179321289 0.5607325236002604 0.10604515075683593 0.3061272515190972
7 0.5271502017974854 0.6455323113335504 0.5868602752685547 0.31352547539605036
8 0.3670161724090576 0.8965547349717882 0.2377861499786377 0.08799931208292643
13 0.1075585961341858 0.8359813266330295 0.22353312969207764 0.2817384295993381
14 0.4707151412963867 0.6092529296875 0.17124645709991454 0.20047762129041885
3 0.6097180843353271 0.789562479654948 0.30622544288635256 0.32767293718126084
4 0.9494407653808594 0.4529216766357422 0.09320995807647706 0.14731326633029515
4 0.05651557445526123 0.8636789109971789 0.09687444567680359 0.1905104743109809
3 0.14469279050827027 0.9847869025336371 0.0936363697052002 0.031111762258741592