4 0.5691286087036133 0.5720574696858723 0.40642743110656737 0.263833491007487
3 0.24161229133605958 0.9425910101996527 0.0910413384437561 0.09805459976196289
15 0.866215991973877 0.5617821163601345 0.10631786584854126 0.3040359073215061
7 0.5267925262451172 0.646225102742513 0.5873298645019531 0.31189089881049264
8 0.3663036584854126 0.8970826043023004 0.2380542516708374 0.08774962425231933
13 0.10777678489685058 0.8371603224012587 0.22353873252868653 0.28200884924994574
3 0.6092981338500977 0.7900175306532118 0.30479207038879397 0.32805442810058594
14 0.4709776401519775 0.6092623392740886 0.1712978482246399 0.1999807357788086
4 0.9496078491210938 0.45296876695421007 0.09587499499320984 0.14684277640448676
4 0.05608568787574768 0.865001932779948 0.09583770632743835 0.1896640141805013
3 0.14446018934249877 0.9849239773220486 0.09371333122253418 0.0306162781185574