4 0.5695949077606202 0.5719250996907552 0.4032841682434082 0.26526415083143445
3 0.24133341312408446 0.9425535413953993 0.09123349785804749 0.0979201422797309
15 0.8665918350219727 0.5605742136637369 0.10612728595733642 0.30469320085313584
7 0.5265701293945313 0.6461740281846788 0.5809051513671875 0.3132309383816189
8 0.36599900722503664 0.8974543253580729 0.237404203414917 0.08828298780653211
13 0.1076043963432312 0.8370812310112847 0.2237544059753418 0.28064939710828996
3 0.6090094566345214 0.7905896504720052 0.30648488998413087 0.3293677647908529
14 0.47031564712524415 0.6094111972384982 0.17028404474258424 0.201870854695638
4 0.056145590543746945 0.8648363749186198 0.09614219665527343 0.188710445827908
4 0.949245548248291 0.45295079549153644 0.0959264099597931 0.14885675642225477
3 0.1441094994544983 0.985062493218316 0.09669458866119385 0.029901594585842555