4 0.5670011043548584 0.5740035586886936 0.3950344085693359 0.2646371417575412
15 0.8637735366821289 0.5624841901991102 0.10414316654205322 0.3160945256551107
3 0.23992509841918946 0.9439999050564236 0.09270094633102417 0.0970740000406901
7 0.5245659828186036 0.6503938039143881 0.5900210857391357 0.3094684388902452
8 0.364671516418457 0.8992430792914496 0.2404343843460083 0.08643527560763889
3 0.6068961143493652 0.7940403408474392 0.30504322052001953 0.33048019409179685
4 0.9500531196594239 0.45729810926649306 0.09916764497756958 0.13895911110772027
13 0.10809528827667236 0.8409009297688802 0.21957824230194092 0.2806955337524414
14 0.4682787895202637 0.6114432864718967 0.16602348089218139 0.20427046881781685
4 0.05469884276390076 0.8677245246039497 0.09378983974456787 0.19285418192545573
3 0.1413378119468689 0.9861135694715711 0.09588443040847779 0.026456189155578614