4 0.5661224842071533 0.5744203779432508 0.392712926864624 0.26114366319444443
15 0.8633721351623536 0.5625346289740668 0.10402610301971435 0.3125125461154514
3 0.23983635902404785 0.94481447007921 0.09319288730621338 0.0966196166144477
7 0.5245514869689941 0.6504759046766493 0.5874728679656982 0.3087883207533095
8 0.36516926288604734 0.8994058397081163 0.24118363857269287 0.08727366659376357
3 0.606339979171753 0.7947323269314236 0.304042911529541 0.3316928439670139
4 0.9503610610961915 0.4588039398193359 0.09923536777496338 0.13814089033338758
13 0.10824306011199951 0.840980953640408 0.22098426818847655 0.2799671385023329
14 0.4684311866760254 0.6115271250406901 0.1656410813331604 0.2024940914577908
4 0.054654234647750856 0.8678559197319878 0.09326982498168945 0.19282455444335939
3 0.14120476245880126 0.9862543741861979 0.09471063613891602 0.02608748541937934