4 0.5664353370666504 0.5740694257948133 0.3977521896362305 0.2651898490058051
15 0.8631467819213867 0.5619989607069228 0.10242570638656616 0.32157077789306643
3 0.23846056461334228 0.9463796827528211 0.09337380528450012 0.09562608930799696
7 0.5241007804870605 0.6515014224582248 0.5903339862823487 0.31051928202311196
8 0.3635622501373291 0.9010323418511285 0.23963479995727538 0.08582246568467881
3 0.6052284717559815 0.7966026306152344 0.30390133857727053 0.33315594991048175
4 0.950665283203125 0.4587679545084635 0.10002193450927735 0.1348849826388889
4 0.05434984564781189 0.8704053243001302 0.0930054783821106 0.19200206332736544
14 0.4671160221099854 0.6120981004503038 0.16312016248703004 0.2064242680867513
13 0.10716397762298584 0.8425652398003473 0.22092645168304442 0.2766650093926324
3 0.14041719436645508 0.9870179070366754 0.09451833367347717 0.024218334092034235