4 0.5657899379730225 0.5736597696940104 0.4022350788116455 0.26256563398573135
15 0.86227445602417 0.5625082227918837 0.10403974056243896 0.3211684544881185
3 0.23821475505828857 0.9466795179578993 0.09458123445510865 0.0947723282708062
7 0.5234684467315673 0.6510992685953776 0.5943720817565918 0.31017002529568144
8 0.36377363204956054 0.9027407328287761 0.23869175910949708 0.08659357494778103
3 0.6048863410949707 0.7980712890625 0.30279059410095216 0.3342453850640191
4 0.9500121116638184 0.4589816199408637 0.10206105709075927 0.1349473105536567
4 0.054625552892684934 0.8721248202853733 0.09346504211425781 0.19179168277316624
14 0.4661949634552002 0.612495846218533 0.16510236263275146 0.20690112643771702
13 0.10699007511138917 0.8434094746907552 0.21932878494262695 0.2761404249403212
3 0.13946491479873657 0.987711927625868 0.095223069190979 0.02245574262407091