4 0.5666928291320801 0.5730974833170573 0.4043715953826904 0.268725331624349
15 0.8646129608154297 0.5609648810492621 0.10226520299911498 0.3159392674763997
3 0.2372377872467041 0.9472345140245225 0.09461692571640015 0.09433090421888564
7 0.5230771064758301 0.6518572489420573 0.5994936943054199 0.31648226843939886
8 0.363899827003479 0.905289289686415 0.23795857429504394 0.0871263133154975
3 0.6042492389678955 0.7996428595648871 0.30255789756774903 0.33268629709879555
4 0.950129508972168 0.4593229505750868 0.10204296112060547 0.13904102113511826
4 0.053870803117752074 0.8742785135904948 0.09166032075881958 0.19238171047634547
13 0.10244209766387939 0.8483022054036459 0.19315824508666993 0.3160995907253689
14 0.46543540954589846 0.6185412936740451 0.16998400688171386 0.21443434821234808
3 0.1398889422416687 0.9885726928710937 0.09221439361572266 0.020653769705030654