4 0.5664346218109131 0.5738204108344184 0.40640735626220703 0.27179092831081814
15 0.8658174514770508 0.5606305440266927 0.10122593641281127 0.3178763707478841
3 0.23733022212982177 0.9473420037163629 0.09489622116088867 0.09332832760281033
7 0.5226531505584717 0.6524152119954427 0.5980668067932129 0.3181898540920681
8 0.3625601291656494 0.9057743496365017 0.23697566986083984 0.08557941118876139
3 0.6044737815856933 0.8006051805284288 0.3036839485168457 0.3324019538031684
4 0.9494403839111328 0.45919435289171007 0.10133074522018433 0.14151513841417102
4 0.053635960817337035 0.875712415907118 0.09143306016921997 0.19029661814371746
13 0.10163645744323731 0.8487163967556424 0.19108335971832274 0.30735579596625434
14 0.4649962902069092 0.6189565022786458 0.16893889904022216 0.2137395011054145
3 0.13897584676742553 0.9888525221082899 0.09185274839401245 0.01927143865161472