4 0.5672235012054443 0.5745296902126736 0.41257076263427733 0.2724466111924913
15 0.8666522026062011 0.5625399271647136 0.10181028842926025 0.3037118699815538
3 0.23717703819274902 0.9481480916341146 0.09533950686454773 0.0930052121480306
7 0.5222846984863281 0.6531112247043186 0.5950312137603759 0.3156277338663737
8 0.3622498750686646 0.9068108452690973 0.23766250610351564 0.08618830045064291
3 0.6051535129547119 0.8021280924479167 0.30223047733306885 0.3333653767903646
4 0.05372903347015381 0.8766371832953559 0.09171288013458252 0.1896355946858724
13 0.10138868093490601 0.8489254421657986 0.18871039152145386 0.3079295476277669
4 0.9483127593994141 0.4595656500922309 0.10161820650100709 0.14366017447577584
14 0.46486802101135255 0.6199815114339192 0.16786752939224242 0.21487178802490234
3 0.13879300355911256 0.9894157409667969 0.09010418653488159 0.017765869034661187