4 0.5680378913879395 0.5770696428087022 0.41548871994018555 0.277449459499783
15 0.8652652740478516 0.5609877268473308 0.10346699953079223 0.3126693301730686
3 0.23629870414733886 0.9498232523600261 0.09482211470603943 0.09196991390652126
7 0.5225169658660889 0.6559057871500651 0.5893310546875 0.31336756812201605
8 0.3618110179901123 0.9109583536783854 0.2376941204071045 0.08512655893961589
3 0.6045809745788574 0.8052669101291232 0.3009222745895386 0.33062269422743057
4 0.9485153198242188 0.45895245869954426 0.10559879541397095 0.1391728401184082
13 0.10021408796310424 0.8505219353569878 0.18718321323394777 0.2895529005262587
4 0.05309847593307495 0.8808346218532986 0.09318357110023498 0.18614938524034289
14 0.4649545192718506 0.6226209428575303 0.16725845336914064 0.21684479183620878
3 0.13761141300201415 0.9910787794325087 0.08834795951843262 0.014900077713860406