3 0.9243393898010254 0.6625398847791883 0.06634455323219299 0.05616537729899088
4 0.5473590850830078 0.658784442477756 0.0827116310596466 0.03960555924309624
3 0.4604165077209473 0.679048114352756 0.07373028397560119 0.057128959231906466
1 0.19734221696853638 0.6373472425672743 0.08818600177764893 0.09732445610894097
4 0.9223457336425781 0.6428997463650173 0.07001795768737792 0.06937790446811253
1 0.10045377016067505 0.6595856136745877 0.10091520547866821 0.08073661592271593
3 0.7329121112823487 0.6641127268473307 0.049534586071968076 0.052795929378933376
7 0.5529960632324219 0.6801455179850261 0.10035035610198975 0.03700093428293864
0 0.04787949025630951 0.6177526262071398 0.0318921834230423 0.14446820153130424
13 0.35488100051879884 0.6719922383626302 0.09105011820793152 0.0469206968943278
15 0.6294947624206543 0.6558020273844402 0.023525872826576234 0.04882639778984917