3 0.9245503425598145 0.6634539286295573 0.06305291652679443 0.062344370947943796
3 0.4599915027618408 0.6789398193359375 0.07431071400642394 0.05927839808993869
1 0.19631545543670653 0.6355095333523221 0.0926321029663086 0.1016842418246799
4 0.546692943572998 0.6575959523518881 0.08509219884872436 0.04176175594329834
3 0.7327935218811035 0.663360595703125 0.05138651132583618 0.054253774219089085
1 0.10078727006912232 0.6586133321126302 0.09651488661766053 0.07924866676330566
7 0.5523288249969482 0.680783208211263 0.10509651899337769 0.04152270687950982
4 0.924226188659668 0.6417142232259114 0.06997565031051636 0.08152709007263184
13 0.3555335521697998 0.6714353773328993 0.09044775366783142 0.04502997398376465
3 0.1974797010421753 0.6094128078884549 0.08014583587646484 0.040187236997816296
0 0.04565370380878449 0.6188470204671224 0.03407469689846039 0.14261332617865669
15 0.632629108428955 0.6548225826687283 0.02509477436542511 0.054123242696126304