3 0.9245710372924805 0.6634342617458767 0.06330443024635315 0.062117014990912545
3 0.4599106788635254 0.6789747026231554 0.073981773853302 0.058789232042100695
1 0.19655061960220338 0.6353689829508463 0.09211239814758301 0.10306822458902995
4 0.5466071128845215 0.6576306237114801 0.08571303486824036 0.042211874326070147
3 0.7328033447265625 0.6634385426839192 0.05124676823616028 0.05470423168606228
1 0.10032885074615479 0.6588419596354167 0.09652559757232666 0.07936585744222005
7 0.5522747993469238 0.6806727091471354 0.10502539873123169 0.04112867249382867
4 0.9242257118225098 0.6418823666042752 0.0702648103237152 0.08117826249864367
13 0.3554964303970337 0.6714992523193359 0.09082733988761901 0.04519897037082248
3 0.19764686822891236 0.6094855838351779 0.0800803005695343 0.040788971053229435
0 0.04602974951267243 0.6183678521050348 0.033150437474250796 0.14198178185356988
15 0.6326941967010498 0.6546664767795138 0.025078225135803222 0.05386259820726183