3 0.9245459556579589 0.6634435865614149 0.06356527805328369 0.061863040924072264
1 0.19667468070983887 0.6347273508707683 0.08915401101112366 0.10471131006876627
4 0.5470533847808838 0.6574815538194444 0.08607443571090698 0.04269363615247938
3 0.4601407051086426 0.6787081824408637 0.0747189998626709 0.05750093989902073
3 0.732625675201416 0.6634295145670573 0.05127895474433899 0.05469226307339138
1 0.10023369789123535 0.6589110904269748 0.09684017300605774 0.07962522506713868
7 0.5523292541503906 0.6804806603325738 0.10555030107498169 0.04079981644948324
4 0.9242270469665528 0.6421236250135633 0.07027581930160523 0.08093210326300727
13 0.3553020000457764 0.6716145409478081 0.09138461351394653 0.04528637992011176
0 0.046900057792663576 0.6180480533175998 0.03236058652400971 0.1422721332973904
3 0.19793145656585692 0.6099973890516494 0.07966865301132202 0.042368128564622666
15 0.6330761432647705 0.6547364128960503 0.024217335879802702 0.052946578131781684