3 0.9244767189025879 0.6632958730061849 0.06386562585830688 0.06156312624613444
1 0.19684205055236817 0.634750239054362 0.08803075551986694 0.10461996926201714
3 0.4599437236785889 0.6785697513156467 0.07454704642295837 0.057705158657497826
4 0.5471017837524415 0.6575688256157769 0.08620338439941407 0.04217567178938124
3 0.7326211929321289 0.6634861840142144 0.0513788640499115 0.05455986658732096
1 0.10031613111495971 0.6590235392252605 0.09693163633346558 0.07947228219774034
7 0.5522804737091065 0.680607181125217 0.10572587251663208 0.040487914615207246
4 0.9222735404968262 0.6439809163411458 0.07076201438903809 0.08290262752109104
13 0.35526375770568847 0.6716702779134115 0.09153811931610108 0.04533236821492513
0 0.04696798324584961 0.6179426829020183 0.03201265633106232 0.1424451192220052
15 0.6333256244659424 0.6548941718207465 0.023360294103622437 0.052295282151963975
3 0.1982017993927002 0.6106321970621745 0.07898973822593688 0.042348157034979926