3 0.924504566192627 0.663420147365994 0.06405734419822692 0.061776754591200085
3 0.460175895690918 0.6782255384657118 0.07495471835136414 0.057331546147664385
3 0.7326669692993164 0.6638942294650607 0.051535606384277344 0.053348414103190106
4 0.546591854095459 0.6573561350504558 0.08322519659996033 0.04124783409966363
1 0.19781447649002076 0.6364085727267795 0.0872042715549469 0.09798674053615994
1 0.10022612810134887 0.6593535529242621 0.0999315321445465 0.08043881522284614
7 0.5525455474853516 0.6800708770751953 0.10476441383361816 0.039041593339708115
4 0.9222868919372559 0.6443004608154297 0.07105605602264405 0.08319146368238661
0 0.04799997806549072 0.6170902676052518 0.03197464346885681 0.1439170201619466
13 0.3547148942947388 0.6718789418538411 0.09196451902389527 0.046170112821790905
15 0.6327920436859131 0.6557115342881944 0.021859101951122284 0.053515953487820095