3 0.9244357109069824 0.6631541781955295 0.06429457664489746 0.061078177558051214
3 0.46021013259887694 0.6781511942545573 0.07506656050682067 0.05623669624328613
4 0.5476627349853516 0.6577498965793186 0.08490911722183228 0.04083096981048584
1 0.1975541353225708 0.6367968241373698 0.08733850717544556 0.09782927831013997
3 0.7326698303222656 0.66407716539171 0.05054129362106323 0.05389086935255263
1 0.10067358016967773 0.6594017876519097 0.10003795623779296 0.07992109722561307
4 0.9222064971923828 0.6442702399359809 0.07101327776908875 0.08198017014397516
7 0.5529752731323242 0.6800924089219835 0.10490589141845703 0.03941135936313205
0 0.0479145884513855 0.6170626746283637 0.0316423624753952 0.14289059109157987
15 0.6331115245819092 0.6570540110270182 0.02151477038860321 0.05001835293240017
13 0.3549839973449707 0.6716725243462457 0.09276202917099 0.04544111357794867