3 0.9244238853454589 0.6630407121446398 0.06446473598480225 0.06060421731736925
3 0.46012029647827146 0.6783248053656684 0.07465782761573792 0.05639661682976617
4 0.5480236530303955 0.6580225626627604 0.08609179258346558 0.04084837171766493
1 0.1976069688796997 0.6369588216145833 0.0874764859676361 0.09895396762424045
3 0.7327544212341308 0.6640638563368055 0.050558066368103026 0.05391470591227213
1 0.10019851922988891 0.6599616580539279 0.10024119615554809 0.07872746785481771
4 0.922158145904541 0.6439432356092665 0.07130347490310669 0.08069432576497396
7 0.5528186798095703 0.680384021335178 0.10545718669891357 0.03960557778676351
0 0.04828813374042511 0.6168531205919053 0.03275735676288605 0.1433296627468533
13 0.35497360229492186 0.6718908098008898 0.09265092611312867 0.045781856113009986
15 0.6324862957000732 0.6577013651529948 0.02153150737285614 0.048770406511094835