3 0.9244902610778809 0.663029056125217 0.06446853280067444 0.06054294904073079
3 0.46019620895385743 0.6782511393229167 0.07473427653312684 0.05638256602817111
4 0.5479922771453858 0.6580355326334636 0.086166512966156 0.04056843121846517
1 0.19777287244796754 0.6371120876736112 0.08714664578437806 0.09857862260606554
3 0.7327170848846436 0.6640948825412326 0.050628095865249634 0.05414991908603244
1 0.1002578854560852 0.6598481072319878 0.09974030256271363 0.07930961185031467
7 0.5529476165771484 0.6803849962022569 0.10559593439102173 0.03938832812839084
4 0.9221913337707519 0.6439111073811848 0.0713585376739502 0.08068884213765462
0 0.04814310371875763 0.6168723636203342 0.03244967758655548 0.14318683412339953
13 0.35495657920837403 0.6718770345052083 0.09230016469955445 0.04566966692606608
15 0.6328521728515625 0.6575047810872395 0.021304859220981597 0.04894613689846462