3 0.9244237899780273 0.6630700429280599 0.06436770558357238 0.060480128394232856
3 0.46024789810180666 0.6781312306722005 0.07446558475494384 0.055967659420437285
1 0.19781413078308105 0.6372184753417969 0.08679311275482178 0.09910850524902344
4 0.5478843688964844 0.6578370412190755 0.08648136258125305 0.04066932996114095
3 0.7327258110046386 0.6641204410129123 0.05061277747154236 0.05399472978379991
1 0.10028716325759887 0.6596883561876085 0.09982293844223022 0.0792350239223904
7 0.5527816772460937 0.6803233676486545 0.10559906959533691 0.039311350716484915
4 0.9221921920776367 0.6440651363796658 0.07141717672348022 0.08118128246731228
0 0.04768595397472382 0.6168819851345486 0.031815138459205625 0.14327122370402018
13 0.3549789905548096 0.671832784016927 0.09230810999870301 0.04555647638108995
15 0.6331332206726075 0.6574718899197048 0.022145161032676698 0.0493667549557156