3 0.9244181632995605 0.6630479176839192 0.06436340808868408 0.060456275939941406
1 0.19765822887420653 0.6370579613579644 0.086887788772583 0.09924737082587348
3 0.46027545928955077 0.678050062391493 0.07404919862747192 0.0556889533996582
4 0.5478568553924561 0.6577685462103949 0.08675459623336793 0.04069568845960829
3 0.7327350616455078 0.6641550699869792 0.05047703385353088 0.05401208135816786
1 0.1003454089164734 0.6595634884304471 0.09988294839859009 0.0793314774831136
7 0.5527538299560547 0.6802123175726996 0.10584285259246826 0.039298415184020996
4 0.9221974372863769 0.643992445203993 0.07126777172088623 0.08087192641364203
0 0.047791320085525515 0.6169226328531902 0.03183567821979523 0.14285209443834093
13 0.3550299406051636 0.6717367384168836 0.09244077801704406 0.04548237588670519
15 0.6331071376800537 0.6574023352728949 0.02235127389431 0.04955485661824544