3 0.9244712829589844 0.6631065792507596 0.06373541355133057 0.06060027016533746
4 0.548016357421875 0.6575351291232638 0.08776223659515381 0.041041829850938585
1 0.19728540182113646 0.6370257059733073 0.08725564479827881 0.09851773579915364
3 0.46023054122924806 0.6778218587239583 0.07347928881645202 0.05629097620646159
3 0.7326052188873291 0.663810306125217 0.05048700571060181 0.05472265879313151
1 0.10016570091247559 0.6600705464680989 0.09955165386199952 0.07889441914028592
7 0.5526366233825684 0.6804243723551432 0.10667024850845337 0.04035935931735569
4 0.9222620010375977 0.6439334021674262 0.07084536552429199 0.08119283782111274
0 0.048072442412376404 0.6168807559543186 0.032106024026870725 0.14422907299465604
13 0.35493600368499756 0.6717482672797309 0.09217899441719055 0.045769458346896705
15 0.6330446243286133 0.6560938941107856 0.022114852070808412 0.05170907974243164