3 0.9245035171508789 0.6631814320882161 0.06378841400146484 0.06097562577989366
4 0.547976303100586 0.6574601491292318 0.08735560774803161 0.04098945458730062
3 0.4601589202880859 0.6776942782931857 0.07320895195007324 0.05659825536939833
1 0.19733406305313111 0.6370863172743055 0.08705189228057861 0.09830019209120008
3 0.7326446056365967 0.6636919233534071 0.05034767985343933 0.05495230356852213
1 0.1001684308052063 0.6598615010579427 0.0996174693107605 0.0791466924879286
7 0.5524503707885742 0.6805682712131076 0.10644136667251587 0.04092786047193739
4 0.9222609519958496 0.6439530266655816 0.07084757685661316 0.08193228509691027
0 0.04800808727741242 0.6168384975857205 0.03197958767414093 0.14358110427856446
13 0.3547332763671875 0.6717869652642144 0.09220297336578369 0.045737870534261066
15 0.6334972858428956 0.6556011623806424 0.022561517357826234 0.05263328022427029