3 0.9244895935058594 0.6632681528727213 0.06352308988571168 0.06123987833658854
4 0.5478910446166992 0.6575494978162978 0.08667415976524354 0.04090165032280816
3 0.46018142700195314 0.6777347988552518 0.07306591272354127 0.056420214970906574
1 0.19723492860794067 0.6370217641194661 0.0869351327419281 0.0985345204671224
3 0.7326189994812011 0.6636085086398654 0.05059497952461243 0.05486547152201335
7 0.5525905609130859 0.6805102878146702 0.10601367950439453 0.040754861301845975
1 0.10016437768936157 0.6599684821234809 0.0995274841785431 0.07935289276970757
4 0.9222604751586914 0.6440008799235026 0.07063118219375611 0.08246616257561577
0 0.04799360632896423 0.6168664296468099 0.032021251320838925 0.1433053758409288
13 0.35471131801605227 0.6717796325683594 0.09217772483825684 0.045753357145521374
15 0.6338595390319824 0.655596669514974 0.022169671952724457 0.05270789994133843