3 0.9245634078979492 0.6633736080593533 0.0637546420097351 0.06144057379828559
4 0.5475097179412842 0.657363043891059 0.08642745018005371 0.04118571546342638
3 0.460189151763916 0.6778469509548611 0.07379671335220336 0.0567894458770752
1 0.19724276065826415 0.6370699988471137 0.08718022108078002 0.09829912185668946
3 0.7325930118560791 0.6638067881266276 0.0509053885936737 0.05466856426662869
7 0.5524398803710937 0.6805369059244791 0.10644598007202148 0.040728534592522514
1 0.10013029575347901 0.6599317338731554 0.09984474778175353 0.07949108547634548
4 0.9222886085510253 0.6441035800509982 0.07114431858062745 0.08269739680820042
0 0.048014119267463684 0.6168241712782118 0.03196482658386231 0.14342712826199003
13 0.3546298027038574 0.6717528025309245 0.09224873781204224 0.045647684733072916
15 0.633732271194458 0.6550174289279513 0.022761386632919312 0.05302743911743164