3 0.9245965003967285 0.663345930311415 0.06416565179824829 0.06206109788682726
3 0.4600975036621094 0.6779630025227864 0.07308428287506104 0.05696306228637695
3 0.7326584339141846 0.6634373135036893 0.05056368112564087 0.055184629228379994
4 0.5470159530639649 0.6579961988661024 0.08556174039840699 0.04048649999830458
1 0.19738484621047975 0.6372851053873698 0.08815768361091614 0.09810271792941623
1 0.09990971684455871 0.6598163180881076 0.10000556707382202 0.07953447235955133
7 0.5525250911712647 0.6805928548177084 0.10555140972137451 0.03998358514573839
4 0.9222124099731446 0.6442738850911458 0.07195333242416382 0.08378511004977757
0 0.04814284443855286 0.6171652052137587 0.03247988522052765 0.14224735895792642
13 0.35441226959228517 0.6718836466471354 0.09211018681526184 0.04607876671685113
15 0.63375883102417 0.6546245998806424 0.02504384219646454 0.05421811739603678