3 0.9246391296386719 0.6634320576985677 0.06401420831680298 0.062324905395507814
3 0.46025686264038085 0.6778709835476345 0.07295682430267333 0.057343477673000756
3 0.7326875686645508 0.6635254753960503 0.05055655837059021 0.055060995949639216
4 0.5471497535705566 0.6578627268473307 0.08658499717712402 0.04072184827592638
1 0.19752051830291747 0.6370682186550565 0.08791031837463378 0.09792216618855794
1 0.09989681839942932 0.6600878397623698 0.09994992017745971 0.07934656673007541
7 0.5524930000305176 0.6804813808865018 0.10579277276992798 0.04040376080407037
4 0.9222311019897461 0.6442703670925565 0.07185799479484559 0.0841408199734158
0 0.04805046319961548 0.617182117038303 0.03229395747184753 0.14216590457492403
13 0.3544278383255005 0.6718855539957682 0.09200983047485352 0.046100780698988174
15 0.6337439537048339 0.6545923868815104 0.025170552730560302 0.053898790147569445