3 0.9247102737426758 0.6637137095133464 0.06309411525726319 0.06329570876227485
1 0.1966731309890747 0.6349961598714192 0.08914421796798706 0.1046950340270996
3 0.7331109523773194 0.663477283053928 0.05048288106918335 0.05311924086676704
3 0.46037802696228025 0.6782789442274305 0.07607071995735168 0.058864095475938585
4 0.5474054336547851 0.6579855600992839 0.08469143509864807 0.04022804631127252
1 0.10069645643234253 0.6590366363525391 0.0963144838809967 0.0788068347507053
7 0.5522579669952392 0.6802103678385417 0.1036494255065918 0.03861108091142443
4 0.9243647575378418 0.6415999942355686 0.07063418626785278 0.08291301727294922
13 0.35459706783294676 0.6714725918240018 0.09024937152862549 0.04468736118740506
0 0.04655287265777588 0.618250486585829 0.032373443245887756 0.14210876888699
3 0.19790945053100586 0.6105757819281684 0.0779754638671875 0.042277905676099986
15 0.6328920841217041 0.6553459591335721 0.0241291806101799 0.053131654527452256