3 0.924748706817627 0.6637003580729167 0.0633074700832367 0.06329882939656575
1 0.19669538736343384 0.6348555670844184 0.08805657625198364 0.10558764139811198
3 0.7330821990966797 0.6638069576687283 0.05033218264579773 0.05276285277472602
3 0.4604842185974121 0.6782179090711805 0.07535531520843505 0.058787997563680014
4 0.5480967044830323 0.6578931172688802 0.08457602262496948 0.040365446938408746
1 0.10039641857147216 0.6595776875813802 0.0966741681098938 0.07899906370374891
7 0.5524434566497802 0.6800572713216145 0.10297478437423706 0.039548150698343915
4 0.9243551254272461 0.6417309231228299 0.07085230946540833 0.08280738194783528
13 0.3543395519256592 0.6716276380750869 0.09054646492004395 0.0449994617038303
0 0.04696439206600189 0.6180327521430121 0.031873619556427 0.1432308514912923
15 0.6327874183654785 0.655226813422309 0.024386826157569885 0.05324598418341742
3 0.19808305501937867 0.6113221486409505 0.07837111949920654 0.04332793023851183