3 0.9247478485107422 0.6631262885199652 0.06494187116622925 0.06274962425231934
3 0.4604479312896729 0.678849114312066 0.07353493571281433 0.05766630702548557
4 0.5477088928222656 0.6571754879421658 0.08408619165420532 0.04105588330162896
3 0.7325519561767578 0.6640340169270833 0.05120099186897278 0.05241816308763292
7 0.5524739265441895 0.6796704610188802 0.1056535005569458 0.03912023438347711
1 0.1002389669418335 0.659944831000434 0.10002682209014893 0.08031309445699056
1 0.19725011587142943 0.6376063028971354 0.08792358636856079 0.09708097245958117
4 0.9222429275512696 0.6437413109673394 0.07220249772071838 0.08318972057766384
0 0.048204156756401065 0.6174521976047092 0.03253765404224396 0.14456150266859266
13 0.35442054271698 0.6719882541232639 0.09097912907600403 0.04745167096455892
15 0.6332726001739502 0.6546086629231771 0.024937249720096588 0.05228391223483615