3 0.9247034072875977 0.6629055870903863 0.0687649130821228 0.061883905198838976
1 0.19736068248748778 0.6383243984646267 0.08809287548065185 0.09779353671603733
3 0.4607862949371338 0.6791148715549045 0.07413533329963684 0.05379420386420356
4 0.9219955444335938 0.6435779147677951 0.07411507368087769 0.07797359890407986
1 0.10002608299255371 0.6599968804253472 0.10031723976135254 0.08015315797593858
3 0.7327004432678222 0.664455074734158 0.050635629892349245 0.052171346876356335
4 0.5479804039001465 0.6606787363688151 0.08766096830368042 0.035198836856418184
7 0.5536116600036621 0.6801713307698568 0.10560193061828613 0.03497550222608778
13 0.3548195600509644 0.6719962226019965 0.09212182760238648 0.04661786291334364
0 0.04793432056903839 0.6170650906032986 0.032111522555351255 0.1433190239800347
15 0.6337576389312745 0.6574064890543619 0.021003928780555726 0.04604399998982747