3 0.924671745300293 0.662786356608073 0.06958003044128418 0.0634574466281467
1 0.19744012355804444 0.638418451944987 0.0884299635887146 0.09806307686699761
3 0.4607421875 0.678233167860243 0.07602062225341796 0.05361482302347819
4 0.9217668533325195 0.6426361931694878 0.07422065734863281 0.07649098502265082
1 0.0995718777179718 0.660001458062066 0.0997347116470337 0.07961528036329481
3 0.7326811790466309 0.6642979939778646 0.05097746253013611 0.05253694322374132
7 0.554673719406128 0.6801548428005643 0.10317026376724243 0.03491637441847059
13 0.3549246549606323 0.671863301595052 0.09265241026878357 0.046200794643825954
4 0.5486798763275147 0.660163328382704 0.08599473237991333 0.03614314662085639
0 0.04797406792640686 0.617185295952691 0.03122411370277405 0.1420220586988661
15 0.6342473983764648 0.6572438557942708 0.02102775126695633 0.04587328169080946