3 0.9245429992675781 0.6629308488633897 0.06933743953704834 0.06234339078267415
1 0.19730418920516968 0.6382845560709636 0.08812363147735595 0.09875155554877388
3 0.46076254844665526 0.6771971384684244 0.07678054571151734 0.05412571695115831
4 0.9218579292297363 0.6430956098768447 0.0738264799118042 0.07718396186828613
1 0.09962152242660523 0.6600367228190104 0.09996287822723389 0.07975563473171658
3 0.7326767444610596 0.6644156138102214 0.05139630436897278 0.05237716568840874
7 0.5543995380401612 0.6798881106906467 0.10355224609375 0.034208350711398654
0 0.04792695939540863 0.6171532948811849 0.03231218159198761 0.14266388151380752
13 0.3546868562698364 0.671900134616428 0.09233983755111694 0.04627527660793728
4 0.5490478992462158 0.6605912526448567 0.08646787405014038 0.03569615946875678
15 0.6354776382446289 0.656482442220052 0.022512328624725342 0.04861246744791667