1 0.19750761985778809 0.6386925591362848 0.08646979331970214 0.09975710974799262
3 0.4607561111450195 0.6768553839789496 0.07124696969985962 0.054468324449327254
3 0.924233341217041 0.6630703820122613 0.06653437614440919 0.05948368708292643
7 0.5517695426940918 0.6819062974717882 0.10569531917572021 0.031558524237738715
4 0.9220226287841797 0.6443158467610677 0.072204852104187 0.07819144990709093
1 0.10015395879745484 0.6595213996039496 0.09975842237472535 0.07946144739786784
13 0.35496675968170166 0.6719302707248264 0.0925714612007141 0.045364729563395184
4 0.5540004730224609 0.6521316952175564 0.08693683743476868 0.04745899306403266
3 0.733182954788208 0.6651561313205295 0.05074528455734253 0.05207778612772624
0 0.04788844287395477 0.6170355478922526 0.03172802627086639 0.14364363352457682
15 0.6309982299804687 0.655684577094184 0.02047712802886963 0.05220021141899957