1 0.1974693775177002 0.6385628170437283 0.08632944822311402 0.10014081531100803
3 0.460805606842041 0.6772440592447917 0.07099225521087646 0.05396699375576443
3 0.9242786407470703 0.6630231221516927 0.06677305102348327 0.05948308308919271
7 0.5513779640197753 0.6814924028184679 0.10454776287078857 0.03147109614478217
4 0.9220191955566406 0.6443188985188802 0.07261502742767334 0.07821626133388943
1 0.1001366138458252 0.6597131941053602 0.09962144494056702 0.07946124606662326
13 0.35496110916137696 0.6718963199191623 0.09251174926757813 0.04543904728359646
3 0.7331377029418945 0.6651055230034723 0.05084243416786194 0.05205035209655762
4 0.5542402744293213 0.6528121100531684 0.08841422200202942 0.04571370018853082
0 0.047867223620414734 0.6170644124348958 0.03184158205986023 0.14299260245429146
15 0.6311776638031006 0.6554810841878255 0.02025443911552429 0.05194954342312283