1 0.19750977754592897 0.638526874118381 0.08656237125396729 0.09996427959865994
3 0.46076436042785646 0.677173360188802 0.07163795828819275 0.05434790717230903
3 0.924312973022461 0.6630591074625651 0.06689733862876893 0.05966464148627387
7 0.5512939453125 0.6810702853732639 0.1039953351020813 0.03148736688825819
4 0.9220357894897461 0.6442465040418837 0.07278898358345032 0.0784575409359402
1 0.1001055121421814 0.6597159491644965 0.09958266615867614 0.07931391927931043
13 0.3549366474151611 0.6719100528293186 0.09239801168441772 0.04564533233642578
4 0.5539002418518066 0.6529619852701823 0.08822160959243774 0.044252991676330566
3 0.7331494331359864 0.6650819566514757 0.050687485933303834 0.0520641114976671
0 0.04806548655033112 0.6171012454562717 0.03194603025913238 0.14306588702731662
15 0.6309388160705567 0.6552537706163194 0.019901709258556367 0.05168044832017687