1 0.19745240211486817 0.6386317782931857 0.08668709993362426 0.09995437198215061
3 0.9243415832519531 0.6629781087239583 0.0674968957901001 0.05977834595574273
3 0.46082158088684083 0.6768760681152344 0.07189354896545411 0.05420680575900608
7 0.5516194820404052 0.6811313205295139 0.1041059136390686 0.030665752622816296
4 0.9220162391662597 0.6441761440700955 0.07354224920272827 0.07825513945685493
1 0.10008971691131592 0.6597023010253906 0.09951802492141723 0.07937317424350315
13 0.3548637628555298 0.6719064500596789 0.09222605228424072 0.045679399702284074
4 0.5538976192474365 0.6527109781901042 0.0923401415348053 0.045059914059109155
3 0.7331874370574951 0.6651846143934462 0.050830131769180296 0.05205515225728353
0 0.04785110056400299 0.6171671549479166 0.03164697289466858 0.14256973266601564
15 0.63143892288208 0.65483152601454 0.0206709623336792 0.051167032453748915