1 0.1975060820579529 0.6386749691433377 0.086420738697052 0.1000062624613444
3 0.9243690490722656 0.6628838857014974 0.06729565858840943 0.059877602259318034
7 0.5516552448272705 0.6811136457655165 0.10429562330245971 0.030944678518507216
3 0.4608126163482666 0.6769322713216146 0.07148808836936951 0.054084046681722
4 0.9219747543334961 0.6437371995713975 0.07327720522880554 0.07718690236409505
1 0.10001230239868164 0.6596337636311849 0.09963151812553406 0.08010572857326931
13 0.3548136234283447 0.6718682183159722 0.09226659536361695 0.04566435813903809
3 0.7332225799560547 0.6652628580729166 0.05083937644958496 0.05237290064493815
0 0.04722017049789429 0.6172406514485677 0.031249427795410158 0.14364063474867078
4 0.5527458667755127 0.6525139278835721 0.09299513101577758 0.04400050375196669
15 0.6305013179779053 0.6523977915445963 0.02288973331451416 0.05085328420003255