1 0.19747986793518066 0.6386149088541667 0.08634333610534668 0.10018550025092231
3 0.9242344856262207 0.6626167297363281 0.06720192432403564 0.05946782959832086
7 0.5521511554718017 0.6808642069498698 0.10191137790679931 0.031583775414360894
3 0.4608732223510742 0.6776693979899089 0.07114706039428711 0.05420462290445963
4 0.921958065032959 0.6436891343858507 0.07233924865722656 0.07577182451883951
1 0.10011829137802124 0.6598174624972873 0.09974116086959839 0.07977506319681803
3 0.7332616329193116 0.6652425977918837 0.05079649686813355 0.05192150010002984
13 0.35499396324157717 0.6719733344184028 0.09189964532852173 0.04554948806762695
0 0.047587302327156064 0.6170828501383464 0.031303930282592776 0.14257303873697916
4 0.5536031246185302 0.6525955624050565 0.09325166940689086 0.04438217745886908
15 0.6324399948120117 0.6526613023546007 0.022352354228496553 0.04943628311157226