1 0.19736529588699342 0.6387305789523654 0.0864834725856781 0.10085693995157878
3 0.9241591453552246 0.6625699361165365 0.06743841767311096 0.0591888427734375
7 0.5513422966003418 0.6807641771104601 0.10073448419570923 0.031520742840237086
3 0.4608316898345947 0.6773831261528863 0.0714966595172882 0.054157691531711155
4 0.9219417572021484 0.6438280317518447 0.07222889661788941 0.07499544355604383
1 0.09989775419235229 0.6599809010823567 0.09977991580963134 0.07968123224046496
0 0.04759557545185089 0.617319827609592 0.03191826343536377 0.14139622582329645
3 0.7332211017608643 0.6653967115614149 0.05070690512657165 0.051574055353800455
13 0.35497522354125977 0.6720166948106554 0.09209177494049073 0.04575572543674045
4 0.552894401550293 0.6529577891031901 0.09157813787460327 0.04435836474100749
15 0.6319242000579834 0.6547251383463542 0.022363632917404175 0.04931091202629937