1 0.19738354682922363 0.63890135023329 0.08615433573722839 0.10085137685139973
3 0.9241763114929199 0.6625328063964844 0.06743168830871582 0.0592049757639567
7 0.551476240158081 0.6806631724039713 0.1012486457824707 0.031875480545891656
3 0.46084251403808596 0.6773450215657552 0.07191092371940613 0.0540779537624783
4 0.9219514846801757 0.6437969631618924 0.07216871976852417 0.07497906155056423
1 0.09985688328742981 0.6599671257866754 0.09962602853775024 0.0800629456837972
0 0.047702553868293765 0.6173575931125217 0.03203163146972656 0.14163343641493056
3 0.7332281589508056 0.6654532962375217 0.05058809518814087 0.051662137773301864
13 0.355002760887146 0.6720192379421658 0.09207944869995117 0.045756594340006514
4 0.5528186798095703 0.6531334347195096 0.09022724628448486 0.04364866150750054
15 0.631892728805542 0.6527971055772569 0.02239701896905899 0.04890282948811849