1 0.19732719659805298 0.6388049655490451 0.08648237586021423 0.09990550147162544
3 0.924160099029541 0.6623592376708984 0.06737076640129089 0.059220642513699004
7 0.5513396739959717 0.6806204901801215 0.10041918754577636 0.03126919004652235
3 0.4608914375305176 0.6770964728461372 0.07208825349807739 0.053644259770711265
4 0.9219646453857422 0.6437710656060113 0.07204630374908447 0.07490253978305393
1 0.09972245693206787 0.6601250966389974 0.09986174702644349 0.07974198659261068
0 0.04771929979324341 0.6173241933186849 0.03193328380584717 0.14207690556844074
3 0.7331702232360839 0.6653619554307726 0.0506152868270874 0.05153515073988173
13 0.35497031211853025 0.6719903310139974 0.09176567792892457 0.04557330343458388
4 0.5515107154846192 0.6544279310438368 0.08619162440299988 0.04278482596079509
15 0.6317977428436279 0.6547883351643881 0.02149432748556137 0.04934818479749892