1 0.19733530282974243 0.639086659749349 0.086705482006073 0.09912774827745226
3 0.9241816520690918 0.662437015109592 0.06741248369216919 0.05916678110758464
7 0.5516464710235596 0.6805173238118489 0.1004665732383728 0.031354729334513345
3 0.4608513832092285 0.6771517859564887 0.07236199378967285 0.053475136227077905
4 0.9219704627990722 0.6438576168484158 0.0720496118068695 0.07501189443800184
1 0.09965412616729737 0.6604474809434678 0.09991902112960815 0.07920028898451063
0 0.04767584800720215 0.6174099392361111 0.03160862624645233 0.14263766606648762
3 0.7332451820373536 0.6654362148708768 0.050579673051834105 0.05154040124681261
4 0.5518699645996094 0.6544846852620443 0.08619718551635742 0.043185104264153375
13 0.35487101078033445 0.6719957987467448 0.09158726930618286 0.04539865917629666
15 0.6323454856872559 0.6546758015950521 0.022172573208808898 0.05030446582370334