3 0.924258804321289 0.6625364939371745 0.06746641397476197 0.05955134497748481
1 0.19745634794235228 0.6388944413926866 0.0864776074886322 0.0992982546488444
3 0.4607829570770264 0.6768046061197917 0.07334941625595093 0.053709989123874244
7 0.5521459579467773 0.6806738535563152 0.1015789270401001 0.03136172029707167
4 0.9220171928405761 0.6437989552815755 0.07229543328285218 0.07622715102301704
1 0.0999998152256012 0.6601094563802083 0.09997809529304505 0.07904333008660211
3 0.7331123352050781 0.6653169843885633 0.05080912113189697 0.05187943776448568
4 0.5519923686981201 0.6543636322021484 0.08679503798484803 0.04285977681477864
0 0.04751321971416474 0.617051018608941 0.03096018433570862 0.14324169158935546
13 0.3549506425857544 0.6720179239908854 0.09196100234985352 0.045606205198499894
15 0.6331905364990235 0.6553658803304037 0.02226209342479706 0.052249638239542644