3 0.9243172645568848 0.662535137600369 0.0675528109073639 0.0595897462632921
1 0.19749356508255006 0.6388860490587023 0.08645925521850586 0.09898370107014974
3 0.46079726219177247 0.676854748196072 0.07287204861640931 0.054007773929172095
7 0.5514742851257324 0.680702167087131 0.09946298599243164 0.031180246671040853
4 0.922029685974121 0.643793445163303 0.07260792255401612 0.07629334131876628
1 0.0999645471572876 0.6600484212239583 0.1000476598739624 0.07911355760362414
3 0.7331225395202636 0.6652106814914279 0.051001882553100585 0.05193110042148166
4 0.5516357898712159 0.6543957180447049 0.085944002866745 0.042907365163167316
0 0.04758837223052979 0.6170723385281033 0.031150728464126587 0.14288743336995444
13 0.3549305200576782 0.671997790866428 0.09197325110435486 0.04557454850938585
15 0.6334755420684814 0.6556126064724392 0.022013112902641296 0.05276813507080078