3 0.9243411064147949 0.662599605984158 0.06687533855438232 0.059890837139553496
1 0.19727979898452758 0.6387610965304904 0.08643147349357605 0.09965085983276367
3 0.46079177856445314 0.6767418331570095 0.07306835055351257 0.0541498343149821
7 0.5518723487854004 0.6807377285427517 0.10036401748657227 0.03160602251688639
4 0.9220220565795898 0.6435137854682075 0.07252901792526245 0.07720061408148872
1 0.09977720975875855 0.6598358578152127 0.09966543912887574 0.07969210942586263
3 0.7332014083862305 0.665009265475803 0.05129842162132263 0.052126810285780166
13 0.3549161195755005 0.6719564225938585 0.09215200543403626 0.04584307140774197
0 0.04739421606063843 0.6169078403049045 0.03127022087574005 0.1426788436041938
4 0.552474069595337 0.654353756374783 0.08426124453544617 0.04177468352847629
15 0.6334765434265137 0.6548893398708767 0.022917547821998598 0.05372888776991103