1 0.19747191667556763 0.6385164048936632 0.08658596277236938 0.09909691280788846
3 0.9242338180541992 0.6623190561930339 0.06695193648338318 0.059277613957722984
7 0.5507919788360596 0.6809588538275825 0.09949350953102112 0.031235260433620876
3 0.46088414192199706 0.6770106421576606 0.07319799661636353 0.054065699047512475
4 0.922000503540039 0.6438326093885633 0.07212101817131042 0.07531791792975531
1 0.09982742071151733 0.6601331075032552 0.09947776794433594 0.07980151706271701
4 0.5524674415588379 0.6528555128309462 0.08452633619308472 0.04480802747938368
3 0.7332529544830322 0.6649078792995877 0.05086617469787598 0.05156464576721191
13 0.35523960590362547 0.6718436347113715 0.09173723459243774 0.045584922366672095
0 0.04762559831142425 0.6171375698513455 0.03152301907539368 0.1425489001803928
15 0.6336577415466309 0.6557753245035808 0.02044367492198944 0.050124343236287436