3 0.9241608619689942 0.6622819264729818 0.06752052903175354 0.05930440690782335
1 0.1974421262741089 0.6385262807210287 0.08664680123329163 0.09822828504774306
7 0.5501976013183594 0.6814662085639106 0.09763092398643494 0.03119695716434055
3 0.46090240478515626 0.677378675672743 0.07347711324691772 0.053689633475409615
4 0.9219736099243164 0.6438083648681641 0.07231427431106567 0.07468340661790636
1 0.09991812109947204 0.6602541181776259 0.10012073516845703 0.07955422401428222
3 0.7332592964172363 0.664840825398763 0.050898569822311404 0.051766162448459205
13 0.355175518989563 0.6718752543131511 0.0918952465057373 0.04552380773756239
4 0.5519303798675537 0.654299799601237 0.08062875270843506 0.04152981175316705
0 0.047499817609786985 0.6172268337673611 0.031495457887649535 0.14303970336914062
15 0.6337029457092285 0.6561478932698568 0.020213374495506288 0.0490651183658176