3 0.9241310119628906 0.6622682783338759 0.06742093563079835 0.059337515301174586
1 0.19739868640899658 0.6384934743245443 0.08667097091674805 0.09835067325168186
7 0.550332498550415 0.6814955393473308 0.09780463576316833 0.031063673231336804
4 0.921969985961914 0.6437010023328993 0.0721515417098999 0.07408862643771702
3 0.4609354496002197 0.6771453433566623 0.07313079237937928 0.05376501613193088
1 0.09994948506355286 0.6601334042019315 0.10010044574737549 0.07970870865715875
3 0.7332689762115479 0.6646613650851779 0.05101873874664307 0.05186262130737305
13 0.3552025556564331 0.6718873765733507 0.0919310986995697 0.04564720259772407
4 0.5523787498474121 0.6531943851047092 0.08190535902976989 0.044080495834350586
0 0.0476245105266571 0.6171248541937934 0.03167855441570282 0.14308896594577367
15 0.6339346885681152 0.6558916727701823 0.019729435443878174 0.04915811750623915