3 0.9241033554077148 0.6622477637396919 0.06700952053070068 0.059143914116753474
1 0.1973387122154236 0.6383682674831814 0.08673378825187683 0.0985794915093316
7 0.5511778831481934 0.6805091434054904 0.10010994672775268 0.03133033911387126
4 0.9220028877258301 0.6436387379964192 0.07142379879951477 0.07412010298834906
3 0.4609374046325684 0.6774349212646484 0.07279605865478515 0.05312940809461805
1 0.09993040561676025 0.6602107153998481 0.10050609111785888 0.07941239145067003
3 0.7331535816192627 0.6645011901855469 0.05142218470573425 0.05190646913316515
4 0.5521805286407471 0.6530708736843533 0.08261187076568603 0.04478158420986599
13 0.3551079034805298 0.6718989054361979 0.09242153763771058 0.04606044027540419
0 0.047798249125480655 0.6170133802625868 0.03186526894569397 0.1431934780544705
15 0.6339083194732666 0.6566967434353299 0.019832420349121093 0.052832571665445964