3 0.460103178024292 0.6771872202555339 0.07232668995857239 0.05360062917073568
1 0.19746822118759155 0.6379376729329427 0.08696306943893432 0.0993838840060764
3 0.9239800453186036 0.6624975840250651 0.06593971848487853 0.05907227728101942
7 0.5503745555877686 0.6820658365885417 0.1014863133430481 0.0302335262298584
4 0.9219764709472656 0.6442264980740018 0.07063302993774415 0.07601527637905545
1 0.10023831129074097 0.6600493960910373 0.10025054216384888 0.0793123033311632
3 0.7331384658813477 0.6648746066623263 0.050953376293182376 0.051152912775675456
0 0.04798970818519592 0.6173038058810764 0.03208200335502624 0.14316860834757486
4 0.5521951675415039 0.6529480828179254 0.08860135674476624 0.046085988150702584
13 0.3551126718521118 0.6718636830647786 0.09365907907485962 0.04595415327284071
15 0.6368154525756836 0.6526971605088976 0.02073665112257004 0.05509184201558431