3 0.4599445343017578 0.6770314110649956 0.07249932885169982 0.05361969206068251
1 0.19733128547668458 0.6378867679172092 0.08712401390075683 0.09960948096381293
3 0.9239925384521485 0.6626129574245877 0.0661005437374115 0.059188323550754124
4 0.9219751358032227 0.6442865159776475 0.07067065834999084 0.07593639691670735
7 0.5501500129699707 0.6818014356825087 0.10388753414154053 0.030754425790574816
1 0.1001429796218872 0.660066901312934 0.1003186583518982 0.07932277255588108
3 0.7330680370330811 0.6647853851318359 0.051036536693573 0.051236195034450954
4 0.5520074367523193 0.6526816897922092 0.0895935356616974 0.04616702927483453
0 0.04804565906524658 0.6173647562662761 0.03231764435768127 0.14304571151733397
13 0.3552084445953369 0.6718555874294705 0.09380921125411987 0.045971192253960506
15 0.6367465019226074 0.652885988023546 0.020473387837409974 0.05362162590026855