3 0.4591958999633789 0.6775477515326606 0.07331382632255554 0.05355211363898383
3 0.9240586280822753 0.6626020643446181 0.06555176973342895 0.05938972896999783
1 0.19754911661148072 0.6379460228814019 0.08756216764450073 0.0995936499701606
7 0.5510993957519531 0.6813250223795573 0.10708943605422974 0.03301013310750325
4 0.9219769477844239 0.6441134982638889 0.0708048939704895 0.07679580052693685
1 0.09985914826393127 0.6604067060682509 0.10040913820266724 0.07934957610236273
4 0.5529779911041259 0.6518189748128255 0.09200167655944824 0.04666201803419325
3 0.7331645011901855 0.6647601657443576 0.05112413763999939 0.05133469899495443
0 0.04785713851451874 0.6173784891764323 0.032213032245635986 0.14310966067843967
13 0.35517847537994385 0.6718527052137587 0.09349031448364258 0.046034553315904406
15 0.6373560905456543 0.6529360877143012 0.020618295669555663 0.05367739465501573