3 0.4601602077484131 0.6775613572862413 0.07296656370162964 0.05378935601976183
3 0.9241243362426758 0.6623519049750434 0.06537805795669556 0.059462542004055444
1 0.19743298292160033 0.6376205868191189 0.0877404510974884 0.09897209803263346
7 0.5491393089294434 0.6808869255913629 0.10245085954666137 0.034939731491936576
4 0.9220402717590332 0.643905046251085 0.07102945446968079 0.07694497108459472
1 0.09988700747489929 0.6601696438259549 0.10000784397125244 0.07939936319986979
3 0.7330321311950684 0.665097173055013 0.05169336795806885 0.05149877336290148
4 0.550852108001709 0.6511141035291884 0.08618791103363037 0.04603573481241862
0 0.04794358611106873 0.6171950022379558 0.031549835205078126 0.14347578684488932
13 0.3547273874282837 0.6718116336398654 0.09308702349662781 0.04625741110907661
15 0.6358595371246338 0.6548165639241537 0.023010766506195067 0.05227158334520128