3 0.46028861999511717 0.677332263522678 0.07153578996658325 0.05369879934522841
3 0.9241475105285645 0.6624035305447049 0.06549662947654725 0.05958111021253798
1 0.1974562883377075 0.6376912434895833 0.08793944120407104 0.09872702492607964
7 0.5505992889404296 0.6810778299967448 0.10812679529190064 0.034248789151509605
4 0.922031021118164 0.6439273410373264 0.07135275602340699 0.07685189776950413
1 0.09986051917076111 0.6601932101779514 0.1001865029335022 0.07941231197781033
3 0.7330109596252441 0.6649748484293619 0.051747334003448484 0.051411639319525824
4 0.55082106590271 0.651548088921441 0.08826205730438233 0.04426075087653266
0 0.04798292815685272 0.6172214931911892 0.03184006810188293 0.14337792926364476
13 0.35483243465423586 0.6717574649386936 0.09303817749023438 0.04616537094116211
15 0.6358139991760254 0.6552458021375868 0.023251372575759887 0.05281110339694553