3 0.9241074562072754 0.6623569064670138 0.06640157699584961 0.0595613956451416
3 0.46019797325134276 0.6772638956705729 0.0759741187095642 0.05452578332689073
1 0.1974904417991638 0.6381815592447917 0.08755812644958497 0.09924620522393121
7 0.5514827728271484 0.6808903164333767 0.10278458595275879 0.031616806983947754
4 0.9219594955444336 0.643959469265408 0.07175313830375671 0.0755139668782552
1 0.0998777687549591 0.6605205535888672 0.10016032457351684 0.07941722340053982
3 0.7330477714538575 0.6642374250623915 0.051302123069763186 0.051112694210476345
0 0.04791919589042663 0.6175242106119792 0.03183105885982514 0.14326308568318685
4 0.5533130168914795 0.6515855577256945 0.08781471848487854 0.04784172905815972
13 0.3550283432006836 0.671881357828776 0.09191237688064575 0.04585549566480848
15 0.635483694076538 0.6559708065456814 0.025439506769180296 0.05482062763637967