3 0.4600865364074707 0.6776062859429254 0.07610085606575012 0.05442051887512207
3 0.9241055488586426 0.6623666127522786 0.06629034876823425 0.05946006774902344
7 0.550800371170044 0.6806240505642361 0.10115950107574463 0.03227929804060194
1 0.19760011434555053 0.637945810953776 0.08707504272460938 0.09815794626871745
4 0.9219646453857422 0.6440391540527344 0.07155883312225342 0.07571266492207845
1 0.10010251998901368 0.6602774302164713 0.10042452812194824 0.07930845684475368
3 0.7329738140106201 0.6643098619249131 0.051528894901275636 0.051062726974487306
4 0.5513600826263427 0.6521266513400608 0.08737203478813171 0.04799697664048937
0 0.04810597896575928 0.6173197428385416 0.03187767267227173 0.1431805928548177
13 0.3549710512161255 0.6718853844536675 0.09192334413528443 0.045786778132120766
15 0.6354194641113281 0.6559334225124783 0.025294432044029237 0.05463482009039985