3 0.46011176109313967 0.6776017083062066 0.07530795335769654 0.0545598930782742
3 0.924045181274414 0.6623141818576389 0.06649024486541748 0.059585221608479816
7 0.5511856555938721 0.6805489857991537 0.10314234495162963 0.032355117797851565
1 0.19744163751602173 0.6379568735758464 0.08763586282730103 0.09856002595689561
4 0.921941089630127 0.6439677344428169 0.07163352966308593 0.0750950124528673
1 0.09998801946640015 0.6601736704508464 0.10063307285308838 0.0792102230919732
3 0.7329674243927002 0.6642248789469402 0.05170472860336304 0.05112146801418728
4 0.5514606475830078 0.6529557122124566 0.08777231574058533 0.046372180514865455
0 0.048014777898788455 0.617212422688802 0.0318500429391861 0.14375991821289064
13 0.3547656774520874 0.6718968285454644 0.09193950891494751 0.045752265718248156
15 0.6353895664215088 0.6559656778971354 0.025018292665481567 0.054449743694729276