3 0.4601773262023926 0.6776425679524739 0.07549952864646911 0.05460784700181749
3 0.9240761756896972 0.6623015933566623 0.0660617470741272 0.05948683420817057
7 0.551298713684082 0.6803461286756728 0.10284591913223266 0.03259352842966715
1 0.19745500087738038 0.6379906548394098 0.08758602142333985 0.09812580744425456
4 0.9219639778137207 0.6439027150472005 0.07133688926696777 0.07537237803141277
1 0.09997059106826782 0.6602776845296224 0.10089614391326904 0.0792374398973253
3 0.7330009937286377 0.6642394595675998 0.05161634087562561 0.05125879711574978
4 0.5513449668884277 0.6530189090304904 0.08840126395225525 0.046046278211805555
0 0.04797281622886658 0.6172195858425564 0.03165844678878784 0.14383117887708877
13 0.35498366355895994 0.671912595960829 0.09187322854995728 0.04560876422458225
15 0.6353014945983887 0.6560149722629123 0.024670365452766418 0.05391243828667535