3 0.9239789009094238 0.6623071034749349 0.06634079813957214 0.05967695977952745
3 0.46039772033691406 0.6773810916476779 0.07700117826461791 0.05394198099772136
1 0.19755778312683106 0.6379845089382595 0.08781828880310058 0.09882649315728081
7 0.551588487625122 0.6803735944959852 0.10444873571395874 0.032617926597595215
4 0.9219025611877442 0.6439072079128689 0.07160561084747315 0.07522001266479492
1 0.09998733401298524 0.6601345486111111 0.10010788440704346 0.07950309117635092
3 0.7330379962921143 0.6641941494411893 0.05170801877975464 0.051252063115437826
0 0.048033681511878965 0.6171731313069662 0.031532537937164304 0.1432480918036567
4 0.5508955955505371 0.6519642300075955 0.08647173047065734 0.045693063735961915
13 0.3545604944229126 0.6718263414171007 0.09164459705352783 0.046041817135281035
15 0.6352123260498047 0.6561517503526476 0.02372346669435501 0.05219082832336426