3 0.9239209175109864 0.6622069888644748 0.06635744571685791 0.05971354908413357
3 0.4603716850280762 0.6774874369303385 0.0753550410270691 0.05452850659688314
7 0.5513782024383544 0.6805905236138238 0.10398461818695068 0.03232182131873237
1 0.19764281511306764 0.6379491170247396 0.08819249272346497 0.09900725682576497
4 0.9218798637390136 0.6439123365614149 0.07126632332801819 0.0751157177819146
1 0.10000482797622681 0.6603241390652127 0.10034822225570679 0.07962828742133246
3 0.7331108570098877 0.6642947726779513 0.05158984661102295 0.051382954915364584
4 0.5519101619720459 0.6511352115207248 0.08957692384719848 0.046479855643378365
0 0.04799601137638092 0.6175133175320096 0.03208867311477661 0.14323690202501085
13 0.35488698482513426 0.6719032711452908 0.09133899807929993 0.04605354732937283
15 0.6352951526641846 0.6556816101074219 0.023743467032909395 0.05303911632961697