3 0.9240196228027344 0.6623268551296658 0.06591972708702087 0.05988931126064724
7 0.5522717952728271 0.6807946099175347 0.10421805381774903 0.033003807067871094
1 0.19757474660873414 0.6381470998128255 0.08848675489425659 0.09901599884033203
3 0.46071248054504393 0.677124743991428 0.07268481850624084 0.05391071107652452
4 0.9219583511352539 0.6436610751681857 0.07132640480995178 0.07594545152452258
1 0.0998865008354187 0.6600672403971354 0.09973514080047607 0.07984670003255208
3 0.7330560207366943 0.6642595503065322 0.05173218846321106 0.05217529402838813
0 0.04827519953250885 0.6175406985812717 0.03179367184638977 0.14299822913275825
4 0.5524232387542725 0.6530646853976779 0.08804668188095092 0.043691656324598524
13 0.35451154708862304 0.6717781490749783 0.0912918508052826 0.04596664640638563
15 0.6351964473724365 0.6551085578070747 0.02413465827703476 0.05414915084838867