3 0.924528980255127 0.6584605746799045 0.06671419143676757 0.0690772533416748
1 0.1969682216644287 0.6394957224527995 0.08717198371887207 0.09837250179714627
3 0.4607685565948486 0.6782057868109809 0.07623026371002198 0.05471825069851345
13 0.35026800632476807 0.6705836825900607 0.08858762979507447 0.043170746167500815
1 0.09942101240158081 0.6602240668402778 0.09978598356246948 0.07921545240614149
4 0.5439367771148682 0.6565396626790364 0.07982462644577026 0.03954314125908746
4 0.9216097831726074 0.6391661749945746 0.06230098009109497 0.06598845058017307
3 0.7323963642120361 0.6616401672363281 0.05096414089202881 0.05177610715230306
0 0.0474857360124588 0.6170987023247613 0.03100185692310333 0.1431041611565484
15 0.6279186725616455 0.6594379001193577 0.025632888078689575 0.05877283414204915
7 0.5501865386962891 0.681496090359158 0.11129066944122315 0.02669063409169515