3 0.9245294570922852 0.6584997389051649 0.06651555299758911 0.06935480435689291
1 0.1969263434410095 0.6392905765109592 0.08712318539619446 0.09838086234198676
3 0.46080384254455564 0.6781708611382379 0.07623922228813171 0.054478433397081166
13 0.35030741691589357 0.6706072489420573 0.08873710632324219 0.043097456296284996
1 0.09949601888656616 0.6601526896158855 0.099741530418396 0.07899054951137967
4 0.5440847873687744 0.6569303724500868 0.08050782680511474 0.039716747072007924
4 0.9216156005859375 0.6391900804307725 0.06229246854782104 0.06605614026387532
3 0.7324480533599853 0.6616065555148655 0.05098304748535156 0.0515653822157118
0 0.047469493746757505 0.6171128167046441 0.031240516901016237 0.14302539825439453
15 0.6274139881134033 0.659147686428494 0.02591695487499237 0.058998224470350476
7 0.5498123168945312 0.6810998280843099 0.10978288650512695 0.027051475312974717