3 0.9245446205139161 0.6585609859890408 0.06653565764427186 0.06973741319444444
1 0.19713765382766724 0.6392033047146267 0.0872873067855835 0.09922593434651693
13 0.3505104064941406 0.6705900828043619 0.08874753713607789 0.04322940508524577
3 0.4624751091003418 0.677565171983507 0.07293606996536255 0.05501419173346626
1 0.09972231388092041 0.6601509518093533 0.10009227991104126 0.07933347490098741
4 0.5439095973968506 0.6560605790879991 0.07657898664474487 0.04063542948828803
4 0.9215790748596191 0.6393451690673828 0.06230313181877136 0.0662194569905599
3 0.7324146747589111 0.6618420494927301 0.05128781795501709 0.05176694128248427
0 0.048142153024673465 0.6173409356011285 0.03202720880508423 0.14351922141181098
15 0.6282190322875977 0.6589672512478298 0.025672519207000734 0.05936240620083279
7 0.5482658863067627 0.6807485792371962 0.10490530729293823 0.026873999171786837