3 0.9245780944824219 0.658659405178494 0.06685524582862853 0.0697226365407308
1 0.19726133346557617 0.6396922641330295 0.08668524026870728 0.09957751168145074
13 0.3504756689071655 0.6705452389187283 0.088729727268219 0.04294222725762261
3 0.46254534721374513 0.6780640496148004 0.07337141633033753 0.054302952024671766
1 0.09942578673362731 0.6601006401909723 0.09988936185836791 0.07933467759026422
4 0.5431110858917236 0.655362786187066 0.07510494589805602 0.041816984282599556
3 0.732590913772583 0.6624266306559244 0.05084962248802185 0.05186889436509874
4 0.9215963363647461 0.6393464830186631 0.06276891231536866 0.06639417012532552
0 0.04765353798866272 0.6172668880886502 0.03173360228538513 0.1423563215467665
15 0.6275509834289551 0.6595553080240886 0.026962009072303773 0.060871399773491756
7 0.5480175495147706 0.6810798645019531 0.10215963125228882 0.02611646917131212