3 0.9245668411254883 0.6585982852511936 0.06682264804840088 0.07036768595377604
1 0.19708654880523682 0.6395361582438152 0.0869663417339325 0.09925741619533962
13 0.3506673574447632 0.6703248765733507 0.0882955551147461 0.04284337096744113
3 0.4624380588531494 0.6777868482801649 0.07278954982757568 0.054735024770100914
1 0.09930897355079651 0.6602951897515191 0.10009462833404541 0.07896869447496202
4 0.5422554016113281 0.6557349734836154 0.07431317567825317 0.039840669102138945
4 0.9215801239013672 0.6394595675998264 0.0627853274345398 0.06667311456468371
3 0.7324066638946534 0.6624885135226779 0.05153185725212097 0.0519930362701416
7 0.5515779972076416 0.6811828189425998 0.10593705177307129 0.027221904860602483
0 0.047507697343826295 0.6171248118082683 0.03156477510929108 0.14199019538031685
15 0.627926254272461 0.6599484761555989 0.02755829393863678 0.061980920367770725