3 0.9245722770690918 0.6581071217854818 0.06633377671241761 0.06872863239712185
1 0.1972767233848572 0.6391799502902561 0.08720881938934326 0.09959608713785807
3 0.4624509334564209 0.6781021965874566 0.07042389512062072 0.05476209852430555
13 0.3506382703781128 0.6701422373453776 0.0886319637298584 0.04205305841233995
1 0.09954163432121277 0.6598716311984592 0.09953943490982056 0.07909572919209798
7 0.5521372795104981 0.6792797512478299 0.11712260246276855 0.03172707822587755
15 0.6299129009246827 0.6573546091715495 0.025824803113937377 0.060534371270073786
3 0.732375192642212 0.6618658701578776 0.051516032218933104 0.051943990919325084
4 0.921692943572998 0.6393908182779948 0.06231347918510437 0.06615908410814074
4 0.5495879173278808 0.6544972737630208 0.08761751055717468 0.03662765291002062
0 0.04770714342594147 0.6168713039822049 0.03122967779636383 0.14233900705973307