3 0.9246075630187989 0.6582475874159072 0.06632927656173707 0.06858634948730469
1 0.19726182222366334 0.6391481187608506 0.08704358339309692 0.10110690858629015
3 0.46227302551269533 0.6780955844455295 0.07128952741622925 0.054967064327663843
1 0.09945744872093201 0.6598360697428386 0.09902162551879883 0.07887601852416992
13 0.3505993127822876 0.6701271480984158 0.08874926567077637 0.041955921385023326
7 0.5517583370208741 0.6790996975368924 0.11293025016784668 0.030123880174424914
3 0.7323385238647461 0.6619399600558811 0.0516203761100769 0.05215786298116048
15 0.6297997951507568 0.6578064388699002 0.026009148359298705 0.05798025661044651
4 0.9217287063598633 0.6393005794949002 0.06220258474349975 0.06620142724778917
0 0.04770388901233673 0.6170539432101779 0.03102409541606903 0.1430848651462131
4 0.5498900890350342 0.6533079783121745 0.08593790531158448 0.035332957903544106