3 0.9246136665344238 0.6583365122477214 0.06654849648475647 0.06760823991563585
1 0.19729543924331666 0.6389732360839844 0.08738343715667725 0.10130914052327473
3 0.46080975532531737 0.6772662268744575 0.07369168996810913 0.05348734855651856
1 0.0993172585964203 0.6601089901394315 0.09932011365890503 0.07870622740851509
13 0.3505778074264526 0.6703868442111545 0.08920885324478149 0.04215411080254449
7 0.5511922359466552 0.6792701297336154 0.11080706119537354 0.03029008176591661
3 0.7321844100952148 0.661364491780599 0.052133983373641966 0.05125230683220757
15 0.6292033672332764 0.6566396925184462 0.02459070086479187 0.05782495604621039
4 0.9217747688293457 0.6389204237196181 0.062102782726287845 0.06583041614956325
0 0.04778926968574524 0.617124515109592 0.03149291574954986 0.1432165781656901
4 0.5488154411315918 0.6533193800184461 0.084777569770813 0.03597633573744032