3 0.9245969772338867 0.6582270728217231 0.06642109155654907 0.06767201953464085
1 0.19727956056594848 0.6393559773763021 0.08708740472793579 0.10095755259195964
3 0.4606070041656494 0.677406268649631 0.07475265264511108 0.05378799438476563
13 0.3506470203399658 0.6703834109836154 0.08902487754821778 0.04243956142001682
1 0.09930543899536133 0.6603009541829427 0.09933003783226013 0.0790629333919949
7 0.5510101795196534 0.6790230221218533 0.111745285987854 0.030487097634209526
3 0.7321800708770752 0.6615317026774089 0.051695436239242554 0.05127001338534885
4 0.9217396736145019 0.6390056610107422 0.06229597330093384 0.06615839004516602
0 0.04751658141613006 0.6172008938259549 0.03193071484565735 0.14236236148410372
15 0.6290396690368653 0.6580327775743272 0.02461969256401062 0.055083672205607094
4 0.5483210563659668 0.6532105339898003 0.08291610479354858 0.03600093788570828