3 0.9246661186218261 0.6580827077229817 0.06605077981948852 0.07019986046685113
1 0.19708715677261351 0.6395759582519531 0.08716692924499511 0.10069831212361653
3 0.462152099609375 0.6780992719862197 0.07279484868049621 0.056102879842122394
13 0.35079929828643797 0.6701418134901259 0.08821240067481995 0.0416650136311849
7 0.548999547958374 0.6782705942789714 0.10892014503479004 0.030459369553460014
1 0.09921241402626038 0.6603393130832248 0.09932957887649536 0.07883696026272244
15 0.6277001380920411 0.6585992177327474 0.024623465538024903 0.055686171849568686
3 0.7325185775756836 0.6620632595486111 0.05030837059020996 0.05218389828999837
4 0.9217530250549316 0.6393830193413629 0.06229255199432373 0.06700208981831869
0 0.0472033679485321 0.6175540500217014 0.03152249455451965 0.14344023598564995
4 0.5457510471343994 0.6510938008626302 0.0816819429397583 0.03685358895195855