3 0.9245537757873535 0.6578531901041667 0.06563459634780884 0.06765608257717556
1 0.19718191623687745 0.6393989986843533 0.08702917098999023 0.10053524441189236
3 0.4605268955230713 0.6771649254692925 0.07648286819458008 0.05404528511895074
1 0.09934116005897523 0.6604038662380642 0.09880104660987854 0.07922067642211914
13 0.3510059118270874 0.6702878316243489 0.0889046311378479 0.04184843964046902
7 0.5421600341796875 0.6771870930989583 0.10572447776794433 0.03099611070421007
15 0.62662672996521 0.6591894785563152 0.025144943594932558 0.058036284976535374
0 0.04754226803779602 0.6174761454264323 0.03176839947700501 0.14216702779134113
4 0.9217988014221191 0.6392781151665582 0.06160744428634644 0.06577321158515083
3 0.7325006484985351 0.6616159227159288 0.05123443007469177 0.051092137230767144
4 0.5394645214080811 0.6467984941270616 0.08152214288711548 0.04053103658888075