3 0.9245725631713867 0.6579633924696181 0.06557130813598633 0.06754242049323188
1 0.19709246158599852 0.6395123799641927 0.08698697090148926 0.09954396353827583
3 0.4605131149291992 0.6770148807101779 0.0765164852142334 0.0539549986521403
1 0.09934910535812377 0.6602795918782552 0.09882469177246093 0.0791800340016683
13 0.3509833574295044 0.6703601413302951 0.08898730278015136 0.04190013143751356
7 0.5413880825042725 0.6762184566921658 0.10740985870361328 0.03216725455390083
15 0.626504373550415 0.6585605197482639 0.025511229038238527 0.05779343181186252
4 0.5370112419128418 0.6461511823866103 0.08292758464813232 0.03894698884752062
0 0.04750597774982453 0.6174847496880426 0.03167423009872437 0.1425276968214247
4 0.9218235015869141 0.6391802469889323 0.061496055126190184 0.06580444971720377
3 0.7324752807617188 0.661041259765625 0.05163974165916443 0.05095043182373047