3 0.9245720863342285 0.658048587375217 0.06550775766372681 0.06709188885158962
1 0.19706709384918214 0.6392960018581815 0.08676348924636841 0.10008902019924587
3 0.4605865955352783 0.6769279903835721 0.07645723223686218 0.05496242841084798
4 0.5356656074523926 0.6397577073838976 0.09448181986808776 0.036202759212917754
1 0.09939180612564087 0.6602394527859158 0.09882522225379944 0.07901480992635092
13 0.35096428394317625 0.6704079945882161 0.08917732238769531 0.04194431834750705
15 0.6264414310455322 0.6578706953260633 0.025789204239845275 0.05976231892903646
7 0.5412315368652344 0.6707210116916232 0.11094274520874023 0.0351723141140408
0 0.047416391968727115 0.6174897087944878 0.031598663330078124 0.1425628662109375
4 0.9218793869018554 0.6389102511935764 0.06180301308631897 0.06583170360989041
3 0.7324011325836182 0.6614924536810981 0.05158311128616333 0.050944386588202585