3 0.9245127677917481 0.6583852979871961 0.06538395881652832 0.06474241680569119
1 0.19721997976303102 0.6393548329671224 0.08645260334014893 0.10016337500678169
3 0.4605725288391113 0.678151363796658 0.07535234093666077 0.05575025876363118
1 0.0993986964225769 0.6603594462076823 0.0988413393497467 0.07896597650316027
13 0.3506911277770996 0.6709931691487631 0.08925684690475463 0.04330845144059923
4 0.9220806121826172 0.6384459177652995 0.06396257877349854 0.06638655132717557
4 0.5332756996154785 0.6210032569037544 0.0888546347618103 0.044649235407511395
0 0.04749833941459656 0.6174853430853949 0.03114457130432129 0.14406428866916232
3 0.7324450016021729 0.6619112650553386 0.050787270069122314 0.05146224233839247
15 0.6272774696350097 0.6579402499728733 0.027144485712051393 0.05938147438897027
7 0.5363226890563965 0.6473938412136502 0.10755865573883057 0.04027643733554416