3 0.9244787216186523 0.6586717393663194 0.06519895792007446 0.06369664404127333
1 0.19720261096954345 0.6389188978407118 0.08663322925567626 0.10021156734890407
3 0.460465145111084 0.678263431125217 0.0755109429359436 0.0562385982937283
1 0.09942570328712463 0.6603806813557943 0.09884381294250488 0.07868343459235297
13 0.3506781101226807 0.6708644019232856 0.08978390097618102 0.043241553836398654
4 0.9221729278564453 0.6384719000922309 0.06445611715316772 0.06607282426622178
3 0.7324934482574463 0.6616799672444661 0.05080137252807617 0.051234202914767796
0 0.04724696576595307 0.6174354129367404 0.030812168121337892 0.1433982531229655
15 0.6271043300628663 0.6589168972439237 0.02667614221572876 0.059229569964938694
4 0.5284008502960205 0.6104722764756945 0.08878825902938843 0.040376554595099555
7 0.530898141860962 0.6331206427680122 0.11647014617919922 0.0327366484536065