4 0.505863618850708 0.5963798099093967 0.18975378274917604 0.08121952480740018
7 0.5129604816436768 0.6370236714680989 0.21994318962097167 0.06394321653578017
3 0.4484086990356445 0.8733879937065973 0.03664488196372986 0.04016340573628743
1 0.22531437873840332 0.803059556749132 0.1497334361076355 0.13236187828911675
3 0.505186939239502 0.8725403679741753 0.03254731893539429 0.03500885168711344
1 0.09444170594215393 0.7758245680067274 0.10939309597015381 0.16405410766601564
13 0.4827106475830078 0.8599103291829427 0.16524102687835693 0.05906650755140516
3 0.6458786964416504 0.8665844387478299 0.1309897184371948 0.09946704440646702
1 0.048316001892089844 0.8141039530436198 0.09579473137855529 0.1164089732699924
15 0.991118049621582 0.8248761494954427 0.012352902442216873 0.09547157287597656
0 0.0017206767573952676 0.6951804690890842 0.00385110042989254 0.15657303068372938