7 0.4734260082244873 0.6448563893636068 0.2200516939163208 0.07243767314487033
4 0.4699678897857666 0.6009588453504774 0.18060916662216187 0.08253105481465657
3 0.5065314769744873 0.8729078504774306 0.03364356756210327 0.03667680952284071
1 0.22778823375701904 0.8038405524359808 0.15648422241210938 0.13055078718397353
3 0.4504222393035889 0.8731656392415365 0.036264336109161376 0.0402466615041097
1 0.09647288918495178 0.7755892435709636 0.10964399576187134 0.1670635011461046
3 0.6486174583435058 0.8660614861382379 0.1327211380004883 0.09842135111490885
13 0.48480935096740724 0.8590500725640191 0.16545300483703612 0.05959628952874078
1 0.04861567616462707 0.8139225429958767 0.09856093525886536 0.11503330866495769
15 0.9913737297058105 0.8235944112141927 0.011688622832298278 0.09527664184570313
0 0.0027891505509614945 0.6889183468288845 0.004679981246590614 0.15713174608018662