4 0.4343757629394531 0.6098038567437066 0.16898157596588134 0.08019307984246148
3 0.507429552078247 0.8730160183376736 0.033889561891555786 0.03583281040191651
3 0.4515514850616455 0.8732999165852865 0.036602559685707095 0.040493861834208174
1 0.22793326377868653 0.8028596666124131 0.15845770835876466 0.13070109685262044
1 0.09761496782302856 0.7760954115125868 0.10929758548736572 0.16594354841444228
7 0.4408447265625 0.6483816358778212 0.20912775993347169 0.07469510502285427
3 0.6503739833831788 0.8661911858452691 0.13558344841003417 0.09728709326850044
13 0.48586230278015136 0.8583073933919271 0.16537917852401735 0.05627733866373698
1 0.04985608458518982 0.8136255900065105 0.10063097476959229 0.11643867492675782
15 0.9920453071594239 0.8237870110405816 0.01140568107366562 0.09582478205362956
0 0.003483476862311363 0.6946636623806424 0.0072805933654308316 0.1574973424275716