1 0.0981428563594818 0.7758904351128473 0.11202590465545655 0.1678322262234158
3 0.45242462158203123 0.8727890862358941 0.03578858375549317 0.04091978073120117
3 0.5077230930328369 0.8731561448838976 0.03304611146450043 0.03574871751997206
1 0.22910728454589843 0.8019460890028212 0.160100519657135 0.1291234334309896
3 0.6509085655212402 0.8667811075846354 0.13535103797912598 0.09701466030544705
4 0.4184370517730713 0.6137821621365017 0.1663151979446411 0.08322130839029948
7 0.42398743629455565 0.6444360097249349 0.20319530963897706 0.07926537195841471
13 0.4886783123016357 0.8578682793511285 0.16440559625625611 0.055109130011664495
1 0.05066137909889221 0.8134022182888455 0.10221002101898194 0.11711068683200412
15 0.9919803619384766 0.8237163967556423 0.011494055390357971 0.09470618565877278
0 0.003012099862098694 0.6883458031548394 0.006389042735099793 0.15587853325737847