3 0.5096636295318604 0.8749218410915799 0.03417500853538513 0.035093726052178274
3 0.4547776699066162 0.8733085632324219 0.0354608416557312 0.04186636077033149
1 0.2287750244140625 0.8003753662109375 0.15038983821868895 0.1281113518608941
1 0.10066936016082764 0.775191667344835 0.10613688230514526 0.16525705125596787
3 0.6522894859313965 0.8658229404025608 0.13756971359252929 0.09647037718031141
1 0.05484122633934021 0.8126219855414496 0.10839329957962036 0.11787203682793511
13 0.4902663707733154 0.8542896694607205 0.16124505996704103 0.05459785991244846
7 0.40107007026672364 0.6453778584798177 0.20933330059051514 0.08802455796135797
4 0.3992335319519043 0.6187216440836588 0.16928404569625854 0.09649119906955295
15 0.9928437232971191 0.8242671542697483 0.010106003284454346 0.09503412246704102
0 0.005327718704938889 0.6900790744357639 0.00949028804898262 0.1500933329264323