3 0.5139383792877197 0.8743137783474393 0.031890961527824405 0.03371382024553087
3 0.45830636024475097 0.8733757866753472 0.03559990525245667 0.039734665552775064
1 0.2327577590942383 0.7992774115668403 0.14625768661499022 0.13750840293036568
1 0.10440974235534668 0.7753652784559462 0.10565643310546875 0.16736202239990233
3 0.6581539154052735 0.8644377814398871 0.13027454614639283 0.09457870059543186
13 0.4995137691497803 0.8547528584798177 0.15603173971176149 0.05276506212022569
1 0.05726707577705383 0.8127561781141494 0.11233465671539307 0.11800240410698784
7 0.39038991928100586 0.6519261678059896 0.22463836669921874 0.09106313917371962
0 0.008477378636598587 0.6935254414876302 0.016807249188423155 0.14860282474093967
4 0.3882529497146606 0.6080664316813151 0.14930269718170167 0.10195657942030165
15 0.996102237701416 0.8249816046820746 0.006525458395481109 0.10546044243706597