0 0.0696757972240448 0.6844183603922526 0.04345339834690094 0.15636551115247938
1 0.182731294631958 0.7643826802571615 0.11071876287460328 0.16404778162638348
1 0.1125672698020935 0.804667494032118 0.17198969125747682 0.1319578170776367
3 0.5318639278411865 0.8678616841634115 0.033927243947982785 0.03968986405266656
1 0.30702593326568606 0.7992237514919704 0.15244462490081787 0.126719241672092
7 0.43331284523010255 0.6401560889350043 0.22921838760375976 0.13142276340060763
3 0.5877410888671875 0.8684887356228299 0.03548605442047119 0.03915958404541016
3 0.7326093196868897 0.8592894660101996 0.13657007217407227 0.09342171351114908
13 0.5772273540496826 0.8477366977267795 0.13984864950180054 0.05275110668606228
4 0.31064791679382325 0.6401602003309462 0.06316261291503907 0.09699829949273003
11 0.008970127999782562 0.6868295033772787 0.018618586659431457 0.24634056091308593