1 0.1993139386177063 0.6495813581678602 0.08513585329055787 0.07647787729899089
1 0.10294045209884643 0.6572234683566623 0.10772944688796997 0.07489493687947592
0 0.04736162722110748 0.6173498789469402 0.0329418957233429 0.1374792628818088
13 0.3506258726119995 0.6650714450412326 0.08398738503456116 0.03481185436248779
3 0.7337355136871337 0.6661636776394314 0.05490275621414185 0.05328491528828939
15 0.6287025451660156 0.6561342027452257 0.02808958888053894 0.05875896877712673
3 0.925416088104248 0.6556297726101346 0.07020587325096131 0.05460312631395128
3 0.460695743560791 0.6742153167724609 0.06482405662536621 0.05323202345106337
9 0.16608506441116333 0.5676669650607639 0.02349883019924164 0.12239961624145508
4 0.9241861343383789 0.6408317142062717 0.0755313754081726 0.06981083552042643
7 0.46290154457092286 0.6708008660210504 0.09502543210983276 0.0388666311899821