1 0.1990618109703064 0.6488002353244358 0.08351251482963562 0.07657500372992622
1 0.10259047746658326 0.6579736073811849 0.10757750272750854 0.07422515551249186
0 0.04734031558036804 0.6174771626790364 0.03301071524620056 0.13819106419881186
3 0.7338977813720703 0.665824932522244 0.05510172247886658 0.05238040288289388
13 0.350787615776062 0.6659653133816189 0.08429062962532044 0.03476107915242513
15 0.6300249099731445 0.6562623765733507 0.02794575095176697 0.05764735009935167
3 0.46084227561950686 0.6744154612223308 0.06584154963493347 0.05370194647047255
3 0.9254566192626953 0.6556496090359158 0.06987759470939636 0.05448052618238661
9 0.1648481845855713 0.5832346598307292 0.020454703271389006 0.09989267985026042
7 0.46338863372802735 0.670781495836046 0.09991598129272461 0.039561475647820366
4 0.9242092132568359 0.6403441958957248 0.0756449580192566 0.06978289816114637