1 0.1996583342552185 0.6499231974283854 0.08654760718345642 0.07421820428636339
13 0.35088520050048827 0.6673231336805555 0.08280662298202515 0.035420674747890894
0 0.04746498465538025 0.6173210567898221 0.03277554512023926 0.13974238501654732
1 0.10088448524475098 0.6590233272976346 0.10449261665344238 0.07450428538852268
3 0.7334962368011475 0.66627443101671 0.05459585785865784 0.052005465825398764
15 0.6292848587036133 0.6566370646158854 0.027176520228385924 0.05746409098307292
3 0.46084036827087405 0.6751549190945095 0.06601575613021851 0.05389536221822103
3 0.9254430770874024 0.655670166015625 0.06996607184410095 0.05459415647718641
7 0.46345038414001466 0.671097395155165 0.10097029209136962 0.039994801415337455
4 0.9242074966430665 0.640109125773112 0.07578477859497071 0.07017565303378635
9 0.16599342823028565 0.5935599856906467 0.030656519532203674 0.0776509443918864