1 0.19714744091033937 0.6497120327419705 0.08497441411018372 0.07545270919799804
0 0.04727969765663147 0.6176158057318794 0.03257441520690918 0.1407955911424425
13 0.35042448043823243 0.6677679273817274 0.08282256722450257 0.03446186648474799
1 0.10232493877410889 0.6576886918809679 0.10741600990295411 0.0774763584136963
3 0.9253209114074707 0.6560688018798828 0.06882344484329224 0.05579353968302409
15 0.6283280849456787 0.6567270914713542 0.024862460792064667 0.059787517123752174
3 0.46083779335021974 0.6752817789713542 0.06569493412971497 0.0542020214928521
3 0.7340682029724122 0.6657022264268663 0.055052822828292845 0.053287045160929365
7 0.46367173194885253 0.6709512498643663 0.10428462028503419 0.04058430724673801
9 0.1656508445739746 0.5816151936848958 0.038250592350959775 0.11397599114312065
4 0.9220500946044922 0.6408824496799045 0.06950509548187256 0.07518035040961371