1 0.19765533208847047 0.6496031443277995 0.08442696928977966 0.07503702375623915
0 0.04742826521396637 0.6177221934000651 0.03277580142021179 0.14056382709079318
13 0.35042216777801516 0.667803700764974 0.0828823983669281 0.03466681374443902
3 0.9252793312072753 0.6561895158555773 0.06848763227462769 0.05589975251091851
1 0.10292892456054688 0.6575226253933377 0.10818376541137695 0.07756689919365777
15 0.6277828216552734 0.6565679762098524 0.024435913562774657 0.05916529761420356
3 0.46080789566040037 0.6753451029459635 0.06537410616874695 0.054229026370578345
3 0.7342315673828125 0.6659002939860026 0.05502626895904541 0.05347433090209961
7 0.4637883186340332 0.6710595024956597 0.10469199419021606 0.04072513050503201
9 0.16797242164611817 0.5811362796359592 0.03606326580047607 0.11655366685655381
4 0.9220255851745606 0.6408270517985026 0.06961271166801453 0.07557047208150228