1 0.19786438941955567 0.6503210703531901 0.08488067388534545 0.07306443850199382
3 0.925261116027832 0.656212404039171 0.06845048069953918 0.05582088364495171
1 0.1028867244720459 0.6577064938015408 0.10881816148757935 0.075930388768514
0 0.04734662473201752 0.6173595004611545 0.03246265649795532 0.14123044543796115
13 0.3506914615631104 0.6669356028238932 0.08236321806907654 0.033691170480516223
15 0.6275274753570557 0.6561406877305772 0.023987673223018646 0.05702389611138238
3 0.46085519790649415 0.6748187594943577 0.06529592275619507 0.05353735817803277
3 0.7341228008270264 0.6656710306803385 0.05545735955238342 0.05397627618577745
7 0.46365156173706057 0.6710634019639757 0.10291476249694824 0.04015124638875325
4 0.9219738960266113 0.6407063802083334 0.06989303827285767 0.0753672652774387
9 0.18156300783157348 0.5802273644341363 0.02960895299911499 0.10926852756076388