1 0.1983504295349121 0.6506023406982422 0.08518991470336915 0.07250050968594021
0 0.04792320132255554 0.6176745944552952 0.0331987589597702 0.1398427539401584
1 0.10251785516738891 0.6580466800265842 0.10897619724273681 0.07451535860697428
3 0.9252143859863281 0.6562242296006945 0.06831640005111694 0.055668809678819445
13 0.3510112285614014 0.6665822347005208 0.08278056979179382 0.0342456923590766
15 0.6280626773834228 0.6549899631076389 0.025252997875213623 0.05863632096184625
3 0.46086959838867186 0.6744996388753255 0.06575678586959839 0.05331170823838976
3 0.7339726448059082 0.6650326199001736 0.055884158611297606 0.05324941741095649
9 0.1771419644355774 0.5796237097846137 0.029521092772483826 0.09901604122585721
7 0.4635749816894531 0.6711290995279948 0.10158009529113769 0.040291976928710935
4 0.9219674110412598 0.6406884935167101 0.06996623277664185 0.07513480716281468