1 0.19876962900161743 0.6502696143256294 0.08451846837997437 0.07291311687893337
1 0.10236895084381104 0.6579787784152561 0.10820342302322387 0.07480545573764377
3 0.9251969337463379 0.6563343471950955 0.06831985116004943 0.055772622426350914
13 0.3510149002075195 0.6669514973958334 0.08295910358428955 0.03468351893954807
0 0.04765363037586212 0.6175971561008029 0.032873216271400454 0.13832032945421008
15 0.6281903266906739 0.6551745096842448 0.024974949657917023 0.058631404240926104
3 0.46085419654846194 0.6747642940945096 0.06561624407768249 0.053437921735975474
3 0.7339165210723877 0.6650163014729817 0.0559232234954834 0.05346739557054308
9 0.17731831073760987 0.5801068623860677 0.02946045994758606 0.10332291920979818
7 0.46352519989013674 0.6712027231852213 0.10108191967010498 0.04049615595075819
4 0.9219605445861816 0.6407928466796875 0.07012556791305542 0.07523243162367078