13 0.3513943195343018 0.669191402859158 0.08274699449539184 0.03820935620201959
1 0.19845980405807495 0.6502652910020617 0.0854135811328888 0.07103432019551595
3 0.9251914978027344 0.656514146592882 0.06758837699890137 0.05748888121710883
3 0.4609379291534424 0.6759844885932075 0.0658187747001648 0.05474930869208442
1 0.10214705467224121 0.657709460788303 0.10733184814453126 0.07503894170125326
0 0.04824976623058319 0.6176827748616537 0.03349962532520294 0.13684334225124783
9 0.17618217468261718 0.5804032219780816 0.031466159224510196 0.09966015285915798
15 0.6287800788879394 0.6546086629231771 0.025122451782226562 0.06021528773837619
3 0.7338612079620361 0.6656091054280598 0.055234873294830324 0.05462013350592719
7 0.4645179271697998 0.6712985568576388 0.10731686353683471 0.041402856508890785
4 0.9220003128051758 0.6397915310329861 0.07043405771255493 0.07634698549906413