13 0.35152497291564944 0.6693804846869574 0.08298015594482422 0.0389281882180108
1 0.19833375215530397 0.6503505282931857 0.08516263365745544 0.0712627304924859
3 0.9251928329467773 0.6566552903917101 0.06720476746559143 0.05796690517001682
3 0.4609560489654541 0.676275126139323 0.06572301387786865 0.054876285129123265
1 0.10229767560958862 0.6576986524793836 0.10746637582778931 0.07517450120713975
0 0.04831145405769348 0.6176495022243924 0.03341239988803864 0.13730559878879123
9 0.17644951343536378 0.5806150648328993 0.03133760094642639 0.10000677108764648
3 0.7338781356811523 0.6656446668836805 0.05511517524719238 0.054659525553385414
15 0.6289628028869629 0.6545851813422309 0.025016194581985472 0.060100486543443465
7 0.4646439552307129 0.671351072523329 0.10812966823577881 0.041402623388502334
4 0.9219855308532715 0.6397408803304037 0.0705906629562378 0.07667397922939724