3 0.4607140064239502 0.6768916236029731 0.06753951907157899 0.05524768829345703
1 0.1973808765411377 0.6506661732991537 0.0841684103012085 0.06959143214755588
3 0.9250935554504395 0.657028071085612 0.06727041006088257 0.05974388652377659
13 0.3522165775299072 0.6707478841145833 0.08482141494750976 0.04098102781507704
1 0.10424172878265381 0.6583060794406467 0.10725854635238648 0.07626216146681043
0 0.04796445369720459 0.6177298227945963 0.03168138563632965 0.14118078019883898
9 0.18683022260665894 0.574640401204427 0.03886275887489319 0.11227126651340061
3 0.7336426734924316 0.6651289621988933 0.05742294192314148 0.05647507243686252
15 0.628385591506958 0.6544889662000868 0.023539057374000548 0.06135902934604221
7 0.4644017219543457 0.67124998304579 0.10924909114837647 0.041371840900844996
4 0.9219461441040039 0.6397811041937934 0.0712247610092163 0.07795445124308269