3 0.46055145263671876 0.6777948167588975 0.06851401925086975 0.05535141626993815
3 0.9254175186157226 0.6595424228244358 0.06636070013046265 0.0682917594909668
1 0.19924428462982177 0.6478982713487413 0.0864763617515564 0.0679083612230089
13 0.35218124389648436 0.6708792368570964 0.08657268285751343 0.04073920779758029
1 0.10231255292892456 0.6575221591525607 0.1060146450996399 0.07491936683654785
15 0.6282299995422364 0.6549513922797309 0.024463117122650146 0.05913710594177246
0 0.047037893533706666 0.6172691769070096 0.03204396367073059 0.13866179784138996
3 0.7333998203277587 0.6646127488878039 0.05679522156715393 0.056603431701660156
9 0.19915300607681274 0.5782887352837457 0.029886972904205323 0.11043921576605903
4 0.9218088150024414 0.6402364942762587 0.07217491865158081 0.08365662362840441
7 0.4638840675354004 0.6709251827663846 0.11121476888656616 0.04063375261094835