3 0.4604663372039795 0.6778990427652994 0.06865370273590088 0.055914682812160915
3 0.9255779266357422 0.6609601338704427 0.06811422109603882 0.07225237952338324
1 0.1988288402557373 0.6471184624565972 0.0848310112953186 0.07050186263190375
13 0.35256969928741455 0.6710177527533637 0.08582985401153564 0.04171487225426568
1 0.10323150157928467 0.6575129614935981 0.10689357519149781 0.07541491190592448
0 0.04784671664237976 0.6177762349446615 0.032174915075302124 0.13858567343817818
15 0.6261844158172607 0.6550153096516927 0.025277939438819886 0.057861736085679794
3 0.733104133605957 0.6643383449978298 0.05655190348625183 0.05498268339369032
4 0.9217229843139648 0.6397772471110026 0.07243688106536865 0.08360069062974718
9 0.19566220045089722 0.5743717617458768 0.03719160258769989 0.11439906226264106
7 0.4635760307312012 0.6709203084309896 0.11109338998794556 0.040411419338650174