3 0.46051959991455077 0.6779767354329427 0.06907424926757813 0.05566266377766927
3 0.9255612373352051 0.6614088270399305 0.06861305832862855 0.07266810735066732
1 0.19931913614273072 0.6473419613308377 0.08492832779884338 0.07008270687527127
13 0.3523102283477783 0.6710175408257378 0.08603137135505676 0.041193675994873044
1 0.10296645164489746 0.6575953165690104 0.10679378509521484 0.07510799831814235
0 0.0476361095905304 0.6174795786539714 0.032140177488327024 0.13994197845458983
15 0.6250802040100097 0.6550855848524305 0.02629733383655548 0.059735706117418075
3 0.7330195903778076 0.6644080691867404 0.055577462911605834 0.054803053538004555
4 0.9216404914855957 0.6399244096544053 0.0729512095451355 0.08325457572937012
9 0.20074050426483153 0.5759176466200087 0.03055717647075653 0.110302734375
7 0.46363101005554197 0.6708705478244358 0.11140713691711426 0.04037488301595052