1 0.18391873836517333 0.7581133524576823 0.09668157100677491 0.16828247706095378
0 0.07190372943878173 0.6768885294596354 0.04374666810035706 0.15055615107218426
7 0.7882686614990234 0.8533912658691406 0.23269197940826417 0.07391641934712728
1 0.11474306583404541 0.7978233337402344 0.1711726188659668 0.1319167349073622
9 0.3158859729766846 0.6402625613742404 0.039633405208587644 0.21657867431640626
3 0.7336581230163575 0.8547860039605035 0.1396802544593811 0.09996856053670247
3 0.5902175426483154 0.8618472629123264 0.03424435257911682 0.03805273373921712
3 0.5360733032226562 0.8613487243652344 0.03394185304641724 0.04353082444932726
1 0.3063499927520752 0.790852525499132 0.16119544506072997 0.12079014248318143
13 0.5713342666625977 0.8425632052951388 0.15908336639404297 0.051597775353325735
11 0.011648152023553848 0.6806536780463325 0.024615786969661713 0.24511411454942492