1 0.18519446849822999 0.7568998548719618 0.0965074360370636 0.16907056172688803
1 0.11831889152526856 0.7966276380750869 0.17429029941558838 0.13303458955552844
0 0.0742937445640564 0.676886961195204 0.04396058320999145 0.14781837463378905
3 0.7359919071197509 0.8535303751627604 0.13627492189407348 0.10105172263251411
7 0.7883131980895997 0.8510470920138888 0.22123074531555176 0.07382339901394314
3 0.5928024291992188 0.8607000562879774 0.03384117782115936 0.037622027926974826
13 0.5730952262878418 0.841594950358073 0.1575579047203064 0.051448196834988066
9 0.32422068119049074 0.6275316026475695 0.03326346874237061 0.20655089484320746
1 0.306461238861084 0.7905978732638889 0.1618793487548828 0.12083603541056315
3 0.5377697944641113 0.8609116448296441 0.03581017553806305 0.042904731962415905
11 0.012481234222650527 0.6772648281521267 0.025962159037590027 0.24078358544243705