1 0.18851039409637452 0.7574086507161458 0.09381269216537476 0.16216876771714953
1 0.11870970726013183 0.7969775729709201 0.17141824960708618 0.1302351845635308
3 0.7374060153961182 0.8533271789550781 0.1360137939453125 0.10101513332790799
1 0.3108059406280518 0.7876671685112847 0.15163273811340333 0.1228277842203776
0 0.0752040445804596 0.6753335740831163 0.04395213723182678 0.1442760043674045
7 0.7899720191955566 0.8499784681532118 0.21725261211395264 0.07695575290256076
9 0.3196881771087646 0.6464939117431641 0.030400383472442626 0.19298169877794052
3 0.5942998409271241 0.8600988599989149 0.03367297649383545 0.03703372213575575
13 0.5757918357849121 0.8404136657714844 0.15885378122329713 0.05125910441080729
3 0.5395963668823243 0.8595698886447483 0.035081487894058225 0.044288727972242564
11 0.012670859694480896 0.6770943959554037 0.027641105651855468 0.23472574022081164