1 0.19030576944351196 0.7570817735460069 0.0932031512260437 0.15909367667304145
1 0.11927547454833984 0.796913825141059 0.1713448166847229 0.1290427419874403
3 0.7384202003479003 0.8527025010850694 0.1352473735809326 0.10091511408487956
1 0.3114468574523926 0.7882074144151475 0.15459805727005005 0.12160149680243598
3 0.5405914783477783 0.8593189663357205 0.03446796536445618 0.04292645984225803
7 0.7899322032928466 0.8496754964192709 0.2193514108657837 0.07824391259087457
0 0.07545560598373413 0.6751801384819879 0.0438638299703598 0.14396616617838542
13 0.5758782386779785 0.840529039171007 0.1592620849609375 0.05189941194322374
9 0.3210758686065674 0.6593126085069444 0.0275812953710556 0.17681012683444552
3 0.5950303554534913 0.859608883327908 0.033574140071868895 0.03719445599450005
11 0.013502778112888336 0.6769694010416667 0.028265392780303954 0.23363833957248265