1 0.19048633575439453 0.757519785563151 0.09944700598716735 0.15718621148003473
1 0.31317460536956787 0.7885483635796441 0.15380256175994872 0.12021623187594943
3 0.7384613990783692 0.8516559176974826 0.1359260082244873 0.10025724834865994
1 0.11815167665481567 0.7961766560872395 0.17412405014038085 0.12740997738308377
7 0.7905606746673584 0.8501347011990017 0.22953338623046876 0.0741859753926595
3 0.5417064666748047 0.859020487467448 0.03332809209823608 0.041545483801099986
13 0.5765384674072266 0.8399362352159289 0.15583382844924926 0.052467966079711915
0 0.07767839431762695 0.6742665184868707 0.045277383923530576 0.13952005174424914
9 0.2930629014968872 0.6742849561903211 0.02656456232070923 0.14669514762030708
11 0.013651391863822937 0.6744486067030165 0.02813250422477722 0.2320574442545573
3 0.5966215610504151 0.8594503614637586 0.03274652659893036 0.038316215409172905