1 0.19090332984924316 0.7573170979817708 0.09890270829200745 0.15735691918267145
3 0.7387558937072753 0.851364983452691 0.1359562635421753 0.10022255579630533
1 0.31310794353485105 0.7882074144151475 0.15292519330978394 0.12117740843031141
1 0.1184914231300354 0.795835452609592 0.17384051084518432 0.126934814453125
3 0.5417942047119141 0.8588200039333768 0.03379928469657898 0.04189489682515462
7 0.7902565956115722 0.8496977912055121 0.2286811351776123 0.07466618749830457
0 0.07800580263137817 0.673379643758138 0.0451347678899765 0.14034589131673178
13 0.5772421836853028 0.8395242479112414 0.15663504600524902 0.052505980597601996
9 0.2986334800720215 0.6738328721788195 0.02650442123413086 0.15760402679443358
11 0.013982684910297393 0.6739153120252821 0.028252941370010377 0.23260551028781468
3 0.5966596126556396 0.8593454149034289 0.03292005062103272 0.038446161482069224