1 0.31285226345062256 0.7878746032714844 0.15097440481185914 0.12227967580159506
1 0.19122802019119262 0.7581796434190539 0.10034570693969727 0.15863338046603734
3 0.7386303901672363 0.8515634324815539 0.13590586185455322 0.10051244099934896
1 0.1185981273651123 0.7958230760362414 0.17447779178619385 0.12793416976928712
7 0.7909006118774414 0.8497654385036892 0.2283726453781128 0.07467677328321669
3 0.54180006980896 0.858915032280816 0.033617442846298216 0.042107306586371525
0 0.07785816192626953 0.6735733879937066 0.04585045576095581 0.1399110264248318
13 0.5761814594268799 0.8399531046549479 0.15599125623703003 0.05274214744567871
9 0.28665904998779296 0.6710951911078559 0.026355326175689697 0.15615040461222332
11 0.013561809062957763 0.6739741431342231 0.027968114614486693 0.23398969438340927
3 0.5966670989990235 0.8595273335774739 0.03257946372032165 0.03848456276787652