1 0.3124704122543335 0.7877706739637587 0.1511119484901428 0.12225500742594402
3 0.7385941505432129 0.8513242085774739 0.13610862493515014 0.10020264519585503
1 0.1911018133163452 0.7583661397298177 0.10044615268707276 0.15555199517144097
1 0.11953530311584473 0.7962983873155381 0.17498230934143066 0.12723320855034723
3 0.5417645454406739 0.8589201185438368 0.03387785255908966 0.04236740271250407
7 0.7906059265136719 0.8493975321451823 0.22839441299438476 0.07565061251322429
0 0.0778113603591919 0.673324457804362 0.045937711000442506 0.13993457158406575
13 0.5757583618164063 0.839953867594401 0.15602729320526124 0.05254740715026855
11 0.013843889534473418 0.6741093953450521 0.027999383211135865 0.232662476433648
9 0.28514442443847654 0.673334248860677 0.028394424915313722 0.14294044706556533
3 0.5966265201568604 0.8595113118489583 0.032662659883499146 0.038421715630425346