1 0.19099913835525512 0.7579822964138455 0.1012509822845459 0.15864248275756837
1 0.3125303268432617 0.7869974772135416 0.15031239986419678 0.12358200285169814
3 0.7386556148529053 0.8512833489312066 0.13612987995147705 0.09988479614257813
1 0.11927824020385742 0.7964340209960937 0.17371259927749633 0.1276503774854872
3 0.5417818546295166 0.8588550991482204 0.034051790833473206 0.04250257545047336
7 0.7902215003967286 0.8494354248046875 0.2277379035949707 0.07560654746161567
0 0.0778544306755066 0.6733462863498264 0.04652529358863831 0.1404858801099989
13 0.5759379863739014 0.8397648281521267 0.15579569339752197 0.05289156172010634
9 0.28255226612091067 0.6698038736979167 0.02670612633228302 0.15603693856133355
11 0.013773171603679657 0.6734170277913412 0.028155219554901124 0.23237005869547525
3 0.596646785736084 0.8592644585503473 0.032828396558761595 0.038612853156195746