1 0.19068371057510375 0.7567638821072049 0.10192468166351318 0.1621870994567871
3 0.7385772705078125 0.8513365851508247 0.13613592386245726 0.10005683898925781
1 0.3125914096832275 0.7868566724989149 0.15091419219970703 0.12412460115220812
1 0.11851694583892822 0.7952490064832899 0.17374926805496216 0.12856567170884875
3 0.5416601181030274 0.8588667975531684 0.033933702111244204 0.04236419995625814
0 0.07803457379341125 0.6731038835313585 0.0463423490524292 0.1390942891438802
7 0.790264081954956 0.8494128757052951 0.22829301357269288 0.07573632664150662
13 0.5760035037994384 0.8397035386827257 0.15601009130477905 0.05328395101759169
11 0.013697674870491028 0.6725245581732856 0.028780663013458253 0.23329249487982856
3 0.59664888381958 0.8593204922146267 0.032753363251686096 0.038269416491190596
9 0.2766544818878174 0.6572091420491536 0.024460452795028686 0.17559821870591905