1 0.19148863554000856 0.756538814968533 0.10083801746368408 0.16523981094360352
3 0.739047908782959 0.8511773003472223 0.13599045276641847 0.09941684934828017
1 0.31043033599853515 0.7866166856553819 0.15138094425201415 0.12396614286634657
1 0.11808360815048217 0.7946023729112414 0.17363288402557372 0.12996331320868598
0 0.07785806059837341 0.6718608008490669 0.046031293272972104 0.1386277092827691
7 0.7908999919891357 0.8490365770128038 0.22718050479888915 0.07439356909857855
3 0.5416597366333008 0.8590691460503472 0.03263223171234131 0.041961672570970325
13 0.575528621673584 0.8404803805881076 0.15807015895843507 0.05370286305745443
11 0.01349811851978302 0.6724837409125434 0.02861679792404175 0.23440912034776476
3 0.5965714454650879 0.8594029744466146 0.03256556987762451 0.0374469969007704
9 0.26956539154052733 0.6649341583251953 0.022555005550384522 0.17812631395128037