1 0.1907192587852478 0.7553858439127604 0.10393078327178955 0.17020687527126735
3 0.7391243934631347 0.8511893378363715 0.13514584302902222 0.10030734803941514
1 0.11769587993621826 0.7938994513617621 0.17209341526031494 0.13235713111029732
1 0.3107975721359253 0.7869806077745226 0.1526495933532715 0.12402129703097874
0 0.07809051275253295 0.6714777204725477 0.04690777659416199 0.13916470209757487
7 0.7905279159545898 0.8489326477050781 0.22613227367401123 0.07501979404025608
3 0.5416250228881836 0.859157223171658 0.032447215914726255 0.04263772699568007
13 0.5747454166412354 0.8403490702311198 0.15790117979049684 0.05411894056532118
11 0.01348915696144104 0.6719671037462023 0.028524842858314515 0.2349410163031684
3 0.5966104507446289 0.859338887532552 0.032753124833106995 0.03814469178517659
9 0.26868295669555664 0.6511141035291884 0.023146428167819977 0.18552922142876518