1 0.19093403816223145 0.7556992424858942 0.10416432619094848 0.16945983039008247
1 0.3116725444793701 0.7870585123697916 0.15103751420974731 0.12378181881374783
3 0.7391481399536133 0.8512096828884549 0.135081148147583 0.10022301144070095
1 0.11820182800292969 0.7936199612087673 0.1720525622367859 0.13159881167941623
0 0.07818348407745361 0.6713411966959636 0.046369528770446776 0.13823634253607855
7 0.7905240535736084 0.8489949544270833 0.2263174057006836 0.0754118283589681
3 0.5415873050689697 0.8591582404242621 0.032214754819869997 0.041915480295817056
13 0.5752200603485107 0.8405262417263455 0.15869873762130737 0.05391176541646322
11 0.013619990646839141 0.6725115034315321 0.028812628984451295 0.23396072387695313
3 0.596601915359497 0.8591242472330729 0.03271723985671997 0.037509571181403266
9 0.26965041160583497 0.649418936835395 0.023020268976688386 0.20080990261501735