1 0.19046915769577027 0.7550202263726129 0.10575836896896362 0.16921542485555013
1 0.3117036819458008 0.7874140421549479 0.152031409740448 0.12319247987535265
3 0.7391169548034668 0.8511561923556857 0.1347821831703186 0.100449890560574
1 0.1185500144958496 0.7933130052354601 0.17175691127777098 0.1310035917494032
0 0.07821495532989502 0.6715620676676433 0.04649115204811096 0.13939992056952583
7 0.7906064033508301 0.8489086574978298 0.22622394561767578 0.0746977170308431
3 0.5416536331176758 0.8592462327745226 0.03223108053207398 0.041831564903259275
13 0.5748707771301269 0.8407086690266927 0.1588892459869385 0.053786081737942165
11 0.013588047027587891 0.6724598354763455 0.028597021102905275 0.2342420154147678
9 0.270467472076416 0.6459884219699435 0.02216215431690216 0.20857938130696616
3 0.5956437587738037 0.8585897657606337 0.032936972379684445 0.03621809482574463