1 0.19226908683776855 0.7532883538140192 0.10705469846725464 0.16596928702460395
1 0.31067261695861814 0.7845997280544705 0.14812542200088502 0.12380995220608182
3 0.7393074035644531 0.848630862765842 0.13415439128875734 0.0996672100490994
1 0.11794005632400513 0.7916826883951823 0.1720858097076416 0.13020895851982964
0 0.0779164731502533 0.6689126332600911 0.04659417867660522 0.13810934490627713
13 0.5744431495666504 0.838328382703993 0.15470601320266725 0.05335912704467773
3 0.5412312507629394 0.8573702494303386 0.03173725008964538 0.04035063849555121
7 0.7904686450958252 0.847794426812066 0.2239161968231201 0.07600542704264322
11 0.014137229323387146 0.6700846354166666 0.02802008092403412 0.23012879689534504
9 0.2698707342147827 0.6592312282986111 0.02273199111223221 0.18756461673312716
3 0.5955609321594239 0.8571951972113715 0.033064809441566465 0.037192866537306045