1 0.19226897954940797 0.7523756239149305 0.10987074375152588 0.16924013561672635
1 0.3118045091629028 0.7851108127170139 0.1488221287727356 0.12443226708306207
3 0.7386151313781738 0.849005126953125 0.13509488105773926 0.09962289598253038
1 0.11757056713104248 0.7917665269639756 0.17348935604095458 0.13228170606825088
0 0.07765637636184693 0.6698885599772135 0.047525107860565186 0.1384921497768826
13 0.5743430137634278 0.8388465881347656 0.15397523641586303 0.05306150648328993
3 0.5411433219909668 0.8576288011338976 0.03167077898979187 0.04132174650828044
7 0.7896737575531005 0.8480098300509983 0.22535464763641358 0.07643882433573405
9 0.2707789421081543 0.6481603834364149 0.023116058111190795 0.20069872538248698
11 0.013891184329986572 0.6714092678493924 0.027803826332092284 0.2305921130710178
3 0.5965912818908692 0.8572855631510417 0.032204002141952515 0.03863563272688124