1 0.19194705486297609 0.7549095153808594 0.10660518407821655 0.16298723220825195
1 0.3107130765914917 0.7851514180501302 0.14688591957092284 0.12547405030992295
3 0.7386809349060058 0.8493257310655382 0.1350270390510559 0.10009491178724501
1 0.11770241260528565 0.7924198574490018 0.17270941734313966 0.1306626001993815
0 0.0778675615787506 0.6710999806722006 0.04585290253162384 0.13929311964246963
9 0.2731601715087891 0.6624730428059896 0.021419061720371245 0.1958528094821506
13 0.5751796245574952 0.8388308207194011 0.15211284160614014 0.05365558730231391
3 0.5408458232879638 0.8582483927408854 0.03187604546546936 0.041486848725212945
7 0.789254093170166 0.8480381435818143 0.22502875328063965 0.07596072620815701
11 0.01404971033334732 0.6714312235514323 0.02773539423942566 0.22868268754747179
3 0.5955657482147216 0.8575809054904514 0.03384260535240173 0.038635722796122235