3 0.45987873077392577 0.6785798814561632 0.07222460508346558 0.05640976693895128
1 0.19864001274108886 0.6497742123074002 0.08615013360977172 0.0724488894144694
3 0.9239237785339356 0.6635615878634983 0.0734737753868103 0.05440205997890896
4 0.9219990730285644 0.6446552276611328 0.07263842225074768 0.06291545761956109
13 0.35031125545501707 0.6707054562038846 0.0833817481994629 0.037414232889811196
1 0.10363595485687256 0.657238260904948 0.10713114738464355 0.07656743261549208
0 0.04805700480937958 0.6174657185872395 0.03284702897071838 0.14129755232069227
15 0.6250339031219483 0.6566816118028429 0.023541462421417237 0.0594075255923801
3 0.7324413299560547 0.6652495914035373 0.05611839294433594 0.055608834160698783
7 0.46295480728149413 0.6721354590521919 0.10657771825790405 0.04215777979956733
9 0.18566180467605592 0.5708192613389756 0.02874739170074463 0.12558779186672633