3 0.4600252151489258 0.678650622897678 0.07211192846298217 0.05683068699306912
1 0.19852290153503419 0.6493997361924914 0.08654041290283203 0.07252585093180339
3 0.9240082740783692 0.6637514750162761 0.07461287975311279 0.05563410653008355
4 0.9218317031860351 0.6442692226833767 0.07329152822494507 0.06354709201388889
13 0.3503739356994629 0.6706041547987196 0.0835205852985382 0.03760153717464871
1 0.10342569351196289 0.6572046067979601 0.10735477209091186 0.07616719669765896
0 0.04800883233547211 0.6173541598849827 0.03258852660655975 0.1412526766459147
15 0.6250107765197754 0.6567095438639323 0.023160071671009065 0.05890292061699761
3 0.7324925422668457 0.6647373623318142 0.0561829149723053 0.05595204035441081
7 0.46317734718322756 0.6720629374186198 0.10863642692565918 0.04200243949890137
9 0.18621063232421875 0.5705441368950738 0.026582428812980653 0.12179210450914171