3 0.46004133224487304 0.6785106658935547 0.07184237241744995 0.05698186026679145
1 0.19852243661880492 0.6494712829589844 0.0860080063343048 0.0722617679172092
3 0.9239609718322754 0.6635370890299479 0.07369316220283509 0.05504747496710883
4 0.9219203948974609 0.6443372938368056 0.07275463342666626 0.06351309882269965
13 0.35017857551574705 0.6702368418375652 0.083817458152771 0.03765715758005778
1 0.10404436588287354 0.6573137495252821 0.10602833032608032 0.07529907756381565
15 0.6246445178985596 0.6559576246473524 0.02294297218322754 0.05874351395501031
0 0.04801561236381531 0.6176592508951823 0.032378756999969484 0.14112376107109917
3 0.7326638698577881 0.6648429022894965 0.056018537282943724 0.05546816190083822
7 0.46319875717163084 0.6719297197129991 0.1090165376663208 0.04192455609639486
9 0.19353458881378174 0.5709953731960721 0.028350251913070678 0.11925095452202691