3 0.4600668430328369 0.6786843617757161 0.07102835774421692 0.05733860333760579
3 0.9240501403808594 0.6638260311550565 0.07475795745849609 0.05655449761284722
1 0.19776055812835694 0.6491763644748264 0.08577281832695008 0.0735541131761339
13 0.3510403633117676 0.6701903873019748 0.08409141302108765 0.03848574956258138
4 0.9216924667358398 0.6441839853922526 0.07363936305046082 0.06461221906873915
1 0.10383998155593872 0.6573703342013889 0.10770859718322753 0.07532464133368598
0 0.04754495620727539 0.6178591410319011 0.03266042768955231 0.14003709157307942
15 0.6243267059326172 0.6554613749186198 0.023148635029792787 0.05872484842936198
3 0.732898759841919 0.6643484751383464 0.05590554475784302 0.05591860347323947
7 0.463379430770874 0.6717442406548394 0.11063137054443359 0.041417214605543345
9 0.18458025455474852 0.5724531385633681 0.0314271092414856 0.09624436696370443