1 0.26712856292724607 0.7451925489637586 0.10289671421051025 0.1608533223470052
1 0.3884753704071045 0.7754531860351562 0.14306459426879883 0.12519923316107856
1 0.19056782722473145 0.7897046407063802 0.1788432002067566 0.12207629945543078
3 0.6136434555053711 0.852299075656467 0.03794245421886444 0.04097705947028266
3 0.8139207839965821 0.8476058112250434 0.13454785346984863 0.09956441455417209
3 0.6694333553314209 0.8533411661783854 0.03422306478023529 0.035438942909240725
13 0.6520969867706299 0.8288464864095052 0.1539183735847473 0.05558630095587836
0 0.15454922914505004 0.6651186201307508 0.04235749840736389 0.14506873024834527
10 0.05748182535171509 0.7249425252278646 0.030959451198577882 0.17084568871392145
7 0.8671351432800293 0.8475411309136285 0.22930552959442138 0.06827271779378255
0 0.2543158054351807 0.49625511169433595 0.06703063249588012 0.2569246927897135
11 0.2543158054351807 0.49625511169433595 0.06703063249588012 0.2569246927897135