1 0.2660834550857544 0.7449928283691406 0.10468710660934448 0.16713504791259765
1 0.1893373489379883 0.7893463982476129 0.1824977159500122 0.12531855901082356
3 0.613422441482544 0.8516239590115018 0.03879850804805755 0.040549643834431964
1 0.3891536951065063 0.7758241441514757 0.1468122959136963 0.12480505837334527
3 0.8138993263244629 0.8443133036295573 0.13420450687408447 0.09834212197197809
0 0.154510760307312 0.6644742329915364 0.04837365448474884 0.14454214307996963
13 0.6531846523284912 0.8275466918945312 0.15801627635955812 0.054672527313232425
3 0.6694283962249756 0.8528946770562066 0.034317538142204285 0.03538281387752957
10 0.056983566284179686 0.7260401407877605 0.03279873430728912 0.1737444559733073
7 0.8668350219726563 0.847571055094401 0.23047103881835937 0.0677723937564426
11 0.30007932186126707 0.5294227176242404 0.06808898448944092 0.2441001468234592