1 0.26825225353240967 0.7493384467230902 0.10537631511688232 0.16426250669691297
3 0.6124597072601319 0.8514744228786892 0.03952823579311371 0.0413080718782213
1 0.18889325857162476 0.7890453762478299 0.17918695211410524 0.126069704691569
1 0.38892788887023927 0.7752743191189236 0.14791576862335204 0.1237833023071289
3 0.8136433601379395 0.8480673048231336 0.13439865112304689 0.09688563876681858
0 0.1546574354171753 0.6648897382948133 0.0493968665599823 0.15065974129570855
13 0.6526628494262695 0.8291104634602865 0.16069655418395995 0.054984670215182836
3 0.6696354866027832 0.8534187316894531 0.03433575928211212 0.03491013050079346
10 0.05622480511665344 0.7269070943196615 0.03303979635238648 0.17595611148410373
7 0.8668078422546387 0.8480912102593317 0.2309291124343872 0.0658157401614719
11 0.30681438446044923 0.566332032945421 0.0865554690361023 0.22263817257351345