3 0.6044159889221191 0.8517776489257812 0.03965682983398437 0.0384616666369968
0 0.14824392795562744 0.6657164679633246 0.04971447885036469 0.15838590198092992
1 0.18231680393218994 0.7883388095431858 0.18084322214126586 0.1234204822116428
1 0.38028507232666015 0.777064938015408 0.1613508939743042 0.11561341815524631
3 0.6631041049957276 0.8540753682454427 0.03641566038131714 0.03599320782555474
1 0.25730438232421876 0.7539652506510417 0.10549546480178833 0.16123163435194227
3 0.8052667617797852 0.8483548482259115 0.13085970878601075 0.09462397893269857
13 0.6467294692993164 0.8314754909939236 0.15691663026809693 0.05244543287489149
11 0.33135530948638914 0.5792776319715712 0.08687740564346313 0.2707339816623264
7 0.8627196311950683 0.8486781650119357 0.23432083129882814 0.06580523384941948
10 0.04959149658679962 0.7275889078776042 0.03222495913505554 0.1749429596794976