3 0.5993077754974365 0.8537581549750434 0.03863489925861359 0.04047722021738688
1 0.37416930198669435 0.7773118760850695 0.15584367513656616 0.12136312060885959
0 0.14137752056121827 0.667408921983507 0.05007733702659607 0.15944352679782445
3 0.8000112533569336 0.8494920518663195 0.1318414807319641 0.09834196302625868
1 0.17568609714508057 0.7885519239637587 0.17607150077819825 0.12392881181504992
3 0.6568192481994629 0.8550723605685764 0.034413331747055055 0.035602506001790366
1 0.25164806842803955 0.7549766540527344 0.10394980907440185 0.16270457373725045
11 0.3369246006011963 0.5939490848117405 0.08525663614273071 0.2603512658013238
13 0.6401986122131348 0.8324145846896701 0.15659058094024658 0.054891745249430336
7 0.8524863243103027 0.8494913736979167 0.23813090324401856 0.06317827966478136
10 0.04559063315391541 0.7293874952528212 0.03231438398361206 0.17088581720987955