1 0.37203078269958495 0.7768319023980035 0.15416512489318848 0.12513843112521703
3 0.5982551097869873 0.8541025797526042 0.038953539729118344 0.04112638102637397
1 0.1740330934524536 0.7880510965983073 0.17413581609725953 0.12352566189236111
0 0.13998715877532958 0.6675111134847005 0.049253571033477786 0.1587129486931695
3 0.7975100994110107 0.8493925306532119 0.1309783935546875 0.0999123043484158
11 0.3389884471893311 0.5978282080756293 0.08420222997665405 0.2618409898546007
1 0.24889874458312988 0.7545994228786892 0.10356143712997437 0.16162471771240233
13 0.639307975769043 0.8320033603244358 0.15315792560577393 0.05599426163567437
3 0.6554103851318359 0.8552777608235677 0.03399809896945953 0.03597682317097982
7 0.8503322601318359 0.8493646409776475 0.24111371040344237 0.06463437610202366
10 0.04433164596557617 0.7289034525553385 0.032232141494750975 0.17449385325113934