1 0.36912200450897215 0.7771018981933594 0.15591011047363282 0.12809917661878797
1 0.17175569534301757 0.7874435424804688 0.17494559288024902 0.12638316684299045
0 0.13798462152481078 0.6686143663194445 0.050975584983825685 0.16041664547390408
3 0.7961688995361328 0.8495263841417101 0.13212130069732667 0.09764068391587999
1 0.24942240715026856 0.7526117112901476 0.1057214617729187 0.16066029866536458
3 0.5972466945648194 0.8545255872938368 0.03847258090972901 0.04180344210730658
13 0.6370277404785156 0.8322610643174914 0.15064841508865356 0.05717975828382704
11 0.3427116394042969 0.6089974721272786 0.07970025539398193 0.22920748392740886
10 0.04298129379749298 0.7284294976128473 0.03265311121940613 0.17572468651665582
7 0.8495644569396973 0.849755605061849 0.23790793418884276 0.06507988505893283
3 0.6533640861511231 0.8555540296766493 0.03508002161979675 0.03598852952321371