1 0.3706941604614258 0.7774660746256511 0.15753382444381714 0.12611380683051215
0 0.13850510120391846 0.6705000983344184 0.050731736421585086 0.1595637003580729
1 0.17078250646591187 0.787276119656033 0.1753232002258301 0.12524648242526584
3 0.7959743499755859 0.8500257703993056 0.1334760904312134 0.09837156931559245
1 0.24943087100982667 0.7505025227864583 0.10747351646423339 0.156383302476671
3 0.5977912902832031 0.8550993177625869 0.036870598793029785 0.04107495413886176
13 0.6383181095123291 0.8326307508680556 0.15107452869415283 0.05887887742784288
11 0.34312989711761477 0.6217447068956163 0.07427293062210083 0.18011722564697266
3 0.6533144950866699 0.8570159912109375 0.03453981578350067 0.03526709874471028
10 0.04323925375938416 0.728806389702691 0.0323142409324646 0.17389645046657987
7 0.8494081497192383 0.8492779201931424 0.2444782018661499 0.06747884220547146