1 0.37121603488922117 0.7772610134548611 0.15875321626663208 0.12401592466566298
0 0.13859097957611083 0.6713680691189237 0.05065419673919678 0.1588496102227105
1 0.17093350887298583 0.7865955776638455 0.17424840927124025 0.12507797876993815
3 0.7960166454315185 0.8504733615451389 0.13384673595428467 0.09793009228176541
3 0.598130178451538 0.8551423814561632 0.03655308485031128 0.041453748279147676
1 0.2489323854446411 0.7503199259440104 0.10591409206390381 0.1561247401767307
13 0.6343899250030518 0.8333707173665365 0.15555388927459718 0.05562831030951606
11 0.3440479040145874 0.6313756306966146 0.07058582305908204 0.16102912690904406
10 0.043292224407196045 0.7283398098415799 0.032079610228538516 0.17394031948513455
3 0.6533105373382568 0.8569636027018229 0.034408476948738095 0.035577103826734756
7 0.8498310089111328 0.8492877536349827 0.2445356845855713 0.0710259755452474