0 0.13955237865447997 0.6731396145290799 0.04873517453670502 0.15828718609280057
1 0.37268991470336915 0.7765086703830295 0.15747922658920288 0.12211906645033095
1 0.17230770587921143 0.7869917975531684 0.17573689222335814 0.12424002753363715
3 0.5980185985565185 0.8561764187282986 0.03887367248535156 0.04001963138580322
3 0.7963327884674072 0.8506274753146701 0.132252836227417 0.10007251103719075
1 0.25219452381134033 0.7460482279459636 0.10400028228759765 0.15563832388983834
11 0.34207801818847655 0.6497982872856988 0.06969234347343445 0.14496259689331054
13 0.6399199962615967 0.8325811598036025 0.14735062122344972 0.0577093760172526
3 0.6547038078308105 0.8580223083496094 0.03345433473587036 0.03464122613271078
7 0.850718879699707 0.8499419318305121 0.23999216556549072 0.06856896082560221
10 0.04387675225734711 0.7283745659722223 0.03250218629837036 0.17130425771077473