0 0.1400100588798523 0.6736996120876736 0.0478707492351532 0.15777884589301217
1 0.3729240417480469 0.7760512457953559 0.1588218092918396 0.12229136361016167
1 0.17259150743484497 0.7869256761338975 0.1768207311630249 0.12347916497124566
3 0.7973767280578613 0.8496604919433594 0.1315260648727417 0.10155572891235351
1 0.25248620510101316 0.7459913465711806 0.10454506874084472 0.15566664801703559
3 0.5981791496276856 0.8567584567599826 0.03933839201927185 0.03634350034925673
13 0.6400870323181153 0.8302157084147136 0.14921877384185792 0.06080716451009115
11 0.3423649787902832 0.650513415866428 0.06834908723831176 0.1380799823337131
3 0.6551942825317383 0.8580322265625 0.033438372611999514 0.03366935518052843
7 0.8505054473876953 0.8487708197699653 0.24433546066284179 0.06971053017510308
10 0.044595497846603396 0.7283135308159723 0.032947713136672975 0.17204632229275174