0 0.13915715217590333 0.6749528249104818 0.04874923825263977 0.15848177803887262
1 0.37365291118621824 0.7747872246636285 0.16007227897644044 0.12336694929334853
1 0.17418807744979858 0.7869189792209201 0.17757409811019897 0.12265831629435221
3 0.7973423004150391 0.8491536458333333 0.13127968311309815 0.10188343260023329
13 0.6403432846069336 0.8273230658637153 0.14985424280166626 0.06110662354363335
3 0.5988549709320068 0.8575308905707465 0.036954665184021 0.03671887185838488
1 0.25272841453552247 0.7473276774088542 0.10445253849029541 0.15258572896321615
11 0.3409525156021118 0.6562525431315104 0.06118688583374023 0.1197195159064399
3 0.6552825927734375 0.8588940938313802 0.033664047718048096 0.03212702009412977
10 0.044535523653030394 0.7276080661349826 0.03241974115371704 0.17233878241644965
7 0.8505066871643067 0.8485005696614584 0.2450554847717285 0.0700410525004069