1 0.3734091281890869 0.7760185241699219 0.1595490097999573 0.12365488476223416
0 0.13980696201324463 0.6763588375515408 0.048046383261680606 0.15962391959296332
1 0.2542487382888794 0.7523161994086371 0.10320724248886108 0.15119390487670897
1 0.17505491971969606 0.7882862514919705 0.17848460674285888 0.12166187498304579
3 0.7983777046203613 0.8499370998806424 0.13169255256652831 0.10179425345526802
13 0.640996265411377 0.8292431301540799 0.15237705707550048 0.06050359937879774
3 0.5995553970336914 0.8591365390353732 0.03581252992153168 0.03648627863989936
3 0.6556797504425049 0.8610354953342014 0.03347693085670471 0.03211277061038547
11 0.34068295955657957 0.657912360297309 0.05964849591255188 0.11950061586168077
7 0.8522247314453125 0.8495956420898437 0.24058218002319337 0.0711987919277615
10 0.04544249475002289 0.7326886494954427 0.02971584498882294 0.180947748819987