1 0.3733816623687744 0.7781235588921441 0.16118316650390624 0.12255758709377712
0 0.14037107229232787 0.6771847618950738 0.0481209397315979 0.15885454813639324
1 0.17540240287780762 0.7889777289496528 0.17892473936080933 0.12253331078423393
1 0.2535857677459717 0.7533170064290364 0.10318810939788818 0.1511178758409288
3 0.7986230850219727 0.8507579379611545 0.13184704780578613 0.10203533172607422
13 0.6407123565673828 0.8297119988335504 0.152624773979187 0.060958464940389
3 0.5995297431945801 0.859912618001302 0.03584251999855041 0.03648610379960802
3 0.656060266494751 0.8619336446126302 0.03375614285469055 0.03213986290825738
11 0.34279134273529055 0.6611401451958551 0.057805347442626956 0.11952479680379231
7 0.8522853851318359 0.8505321926540799 0.24149138927459718 0.07031412654452854
10 0.046010708808898924 0.7328345404730903 0.02922227680683136 0.1796757804022895