1 0.3736483097076416 0.7834896511501737 0.15796889066696168 0.12127611372205946
0 0.14170618057250978 0.6797570122612847 0.047659027576446536 0.1590637418958876
1 0.17686445713043214 0.7910639444986979 0.17944871187210082 0.12417403327094184
1 0.25449438095092775 0.7589070638020833 0.10314501523971557 0.15328329934014215
3 0.7989816665649414 0.854180653889974 0.13330544233322145 0.10139022403293185
13 0.6409358024597168 0.8327458699544271 0.1552043080329895 0.060208792156643334
3 0.5996741771697998 0.8630624559190538 0.03606515824794769 0.03608772489759657
7 0.8537871360778808 0.8540680779351129 0.2327108860015869 0.07037179734971788
10 0.046841400861740115 0.7366985744900174 0.030128023028373717 0.17664710150824653
3 0.656976318359375 0.8643394470214844 0.03408958911895752 0.031553655200534395
11 0.3441505432128906 0.6696697658962674 0.05602908730506897 0.12117853164672851