1 0.37385103702545164 0.784834967719184 0.15710222721099854 0.1204382790459527
0 0.14186750650405883 0.6810426500108507 0.04824510812759399 0.15966437657674154
1 0.177638041973114 0.7918425665961372 0.1799065351486206 0.12384764353434245
1 0.2549140214920044 0.7600919935438368 0.10304414033889771 0.15379047393798828
3 0.79886474609375 0.8548351711697049 0.13313498497009277 0.1012987666659885
13 0.640745210647583 0.8334493849012586 0.15514588356018066 0.060490025414360896
3 0.5996846675872802 0.8635521782769098 0.03585343956947327 0.036164108912150064
7 0.8537110328674317 0.8548632303873698 0.2303018093109131 0.06966598828633626
10 0.04700077176094055 0.7370889451768663 0.0301981121301651 0.1763265291849772
11 0.34797956943511965 0.6740506913926866 0.058922606706619265 0.12514785130818684
3 0.656865406036377 0.8646825154622396 0.03391082584857941 0.031151398022969564