1 0.3741206884384155 0.7851438734266493 0.15849974155426025 0.12011620203653971
0 0.14182014465332032 0.6816307915581598 0.04870557188987732 0.1602359135945638
1 0.1776065230369568 0.7922531127929687 0.1810383677482605 0.12332119411892362
1 0.2549708127975464 0.7603817409939236 0.10229594707489013 0.1532401614718967
3 0.7989981174468994 0.8558130052354601 0.13245397806167603 0.10160434510972764
13 0.6413511753082275 0.8347033182779948 0.1554221987724304 0.06000637478298611
3 0.5995297908782959 0.8640439351399739 0.03494345545768738 0.03574784066942003
7 0.8529434204101562 0.8556951734754774 0.23153023719787597 0.07072294023301866
10 0.04687061309814453 0.7371807522243924 0.02981017529964447 0.17573093838161893
11 0.3486929416656494 0.6738274892171224 0.0598624050617218 0.12348095575968425
3 0.6569008350372314 0.866312747531467 0.03487303853034973 0.03272496859232585