1 0.3748274087905884 0.7862533569335938 0.15940539836883544 0.11890372170342339
0 0.1411596417427063 0.6819085439046224 0.04787221252918243 0.160463195376926
1 0.17740116119384766 0.7931284586588542 0.18064130544662477 0.12404197057088216
1 0.25528297424316404 0.7614732530381945 0.10221750736236572 0.1547405242919922
3 0.7993136405944824 0.8563840230305989 0.1326668977737427 0.10147194332546658
13 0.6414790630340577 0.8348665873209635 0.1551954746246338 0.059284141328599715
7 0.8531671524047851 0.8560690138075087 0.23085057735443115 0.07101462682088217
3 0.5996480941772461 0.8642760382758247 0.03507686853408813 0.0357892804675632
10 0.04694328904151916 0.7377151489257813 0.03013036847114563 0.17649742762247722
11 0.34834856986999513 0.6762571546766493 0.05881316065788269 0.12446082433064778
3 0.6569734573364258 0.8663758171929253 0.03524121642112732 0.033141716321309404