1 0.3747642993927002 0.7861801995171441 0.15713459253311157 0.1199629995557997
0 0.1415030837059021 0.6810782114664714 0.047306832671165464 0.1610353045993381
1 0.17789385318756104 0.79342041015625 0.18134691715240478 0.12450021107991537
3 0.7995021343231201 0.8563896179199219 0.13311671018600463 0.10149485270182292
1 0.2559893369674683 0.7613235473632812 0.10149949789047241 0.15570505989922417
13 0.6418700695037842 0.8349015977647569 0.15634430646896363 0.0601887649959988
7 0.8539608955383301 0.8566646999782986 0.22885115146636964 0.0710638099246555
3 0.599916648864746 0.8643257988823785 0.03504943549633026 0.035973466767205135
10 0.0471157431602478 0.7375548468695746 0.029891589283943178 0.17633496390448677
11 0.3512291431427002 0.6764461941189236 0.058624404668807986 0.1230518658955892
3 0.6572532653808594 0.8666382683648004 0.03526467680931091 0.033329823282029894