3 0.4594886779785156 0.6784969753689236 0.07187449932098389 0.055407550599839955
4 0.9213533401489258 0.6431949191623264 0.07466615438461303 0.06455352041456434
3 0.9241734504699707 0.6644505394829644 0.07652834057807922 0.05796237521701389
1 0.20040576457977294 0.6454198201497395 0.08317793607711792 0.07965121269226075
13 0.3533915996551514 0.6714295705159505 0.08585529923439025 0.045104270511203345
1 0.10043381452560425 0.6613128238254123 0.10390557050704956 0.07152244249979654
15 0.627269172668457 0.6598794301350911 0.02250400334596634 0.06339293585883246
3 0.73175950050354 0.6655518425835504 0.04931369423866272 0.05895733833312988
11 0.10820449590682983 0.4663377973768446 0.039409035444259645 0.16493189069959852
0 0.04709300696849823 0.6121264139811198 0.025858697295188905 0.14379251268174914
7 0.4623250484466553 0.6747676001654731 0.10336492061614991 0.04184054268731011