3 0.4594425201416016 0.6783800760904948 0.07203292250633239 0.05534639358520508
4 0.921336555480957 0.6431880527072482 0.07465901374816894 0.06456842422485351
3 0.9241703987121582 0.6644616868760851 0.07647465467453003 0.057920477125379774
1 0.2002633571624756 0.6456323835584853 0.08223298788070679 0.08213732507493761
1 0.10069088935852051 0.6607317182752821 0.10263495445251465 0.07241353988647461
13 0.35385470390319823 0.671459452311198 0.08551896214485169 0.045996469921535915
15 0.62735013961792 0.6598678165011935 0.022363391518592835 0.06339977052476671
3 0.7316951751708984 0.6656156751844619 0.04927951097488403 0.058939388063218856
0 0.04601225554943085 0.6122053782145183 0.02522188425064087 0.14845654169718425
11 0.09417793154716492 0.46965543958875866 0.03728385269641876 0.17412949668036568
7 0.46231789588928224 0.6747976938883463 0.10381605625152587 0.04180595609876844