3 0.45984616279602053 0.6788561503092448 0.06762067079544068 0.060077163908216685
3 0.9235624313354492 0.6611254374186198 0.06229096055030823 0.05881081157260471
13 0.3547682285308838 0.6705916510687934 0.0804935097694397 0.04793231752183702
3 0.7319205284118653 0.6629708607991537 0.05642107129096985 0.05407621595594618
1 0.19896997213363649 0.643073484632704 0.08192062973976136 0.08099714914957683
1 0.09906120300292968 0.6605867173936631 0.09969985485076904 0.07733987172444662
0 0.04802809655666351 0.6181137508816189 0.031296965479850766 0.14806251525878905
4 0.921917724609375 0.6450601789686415 0.06292117834091186 0.07053197224934896
15 0.6248239517211914 0.660453372531467 0.02394636869430542 0.05400958061218262
7 0.46346335411071776 0.6720447116427951 0.1099586009979248 0.04277177916632758
15 0.8473030090332031 0.6292253706190322 0.027629607915878297 0.06273452440897624