3 0.4598404884338379 0.6789560106065539 0.06733694672584534 0.06003787252638075
3 0.9235903739929199 0.6611164940728081 0.06189190149307251 0.0584715207417806
13 0.35477466583251954 0.6705680423312717 0.0803748369216919 0.04790586365593804
0 0.047953084111213684 0.6187142690022787 0.031628978252410886 0.14893048604329426
3 0.7318702697753906 0.6628383212619358 0.056639617681503295 0.05410877333747016
1 0.09882659912109375 0.6604484981960721 0.09967979788780212 0.07881841129726834
1 0.19897474050521852 0.6427456749810113 0.0827701210975647 0.08087348408169216
4 0.9238561630249024 0.6462433285183377 0.06176484227180481 0.07164995935228136
15 0.6252194404602051 0.6601714664035373 0.025260549783706666 0.05240524609883626
7 0.46358423233032225 0.6720057169596354 0.1108355164527893 0.04263817204369439
15 0.8477953910827637 0.6301152123345269 0.027775725722312926 0.0636456807454427