3 0.4598866939544678 0.6789363013373481 0.06743946671485901 0.05998226271735297
3 0.9235595703125 0.6611938052707248 0.06245531439781189 0.05860634379916721
13 0.35477969646453855 0.6705898708767362 0.08051331043243408 0.04789287779066298
0 0.04770556390285492 0.6187646230061848 0.03162568807601929 0.14751950369940864
3 0.7318887710571289 0.6627419789632162 0.056416386365890504 0.05437953207227919
1 0.09876190423965454 0.6604334089491103 0.10001538991928101 0.07823038631015354
1 0.19905143976211548 0.6425460391574436 0.08250808715820312 0.08089571528964573
15 0.625235652923584 0.6605440775553385 0.025541990995407104 0.054178407457139754
4 0.9238368988037109 0.6463756561279297 0.06200063228607178 0.07145100169711643
7 0.4635644435882568 0.672053951687283 0.11045668125152588 0.04275225798288981
15 0.8479887962341308 0.6307408650716145 0.027904382348060607 0.06437253952026367