3 0.4599006652832031 0.6788570827907986 0.06776744723320008 0.05970943239000109
3 0.9235639572143555 0.6613019307454427 0.062462979555130006 0.05840998225741916
13 0.35472681522369387 0.6705552419026692 0.08044331669807434 0.0478374269273546
1 0.09895898103713989 0.6602172427707248 0.09949449300765992 0.07785323990715874
1 0.19891370534896852 0.6426855723063151 0.08240993022918701 0.08054353396097819
3 0.7318601131439209 0.6625703175862631 0.05640856623649597 0.05475079748365614
15 0.6250941753387451 0.6601565890842014 0.02562183141708374 0.0546242978837755
0 0.0474342942237854 0.6181238810221354 0.030724138021469116 0.1487733840942383
4 0.9238531112670898 0.6463400522867838 0.06186363101005554 0.07163120905558268
7 0.46351118087768556 0.6720994737413194 0.1100841999053955 0.04299409654405382
15 0.8485612869262695 0.6305094824896919 0.02759440243244171 0.06387290954589844