3 0.4597639560699463 0.6789248996310764 0.06800862550735473 0.06026159392462836
3 0.9235849380493164 0.6615232255723741 0.06271958351135254 0.058541621102227104
13 0.3547056674957275 0.6704896714952256 0.08034140467643738 0.047908353805541995
15 0.6255806922912598 0.6600606282552083 0.02618715763092041 0.05662939813401964
1 0.09901353120803832 0.6602783203125 0.09962665438652038 0.07804874844021267
1 0.1986383318901062 0.6424681345621744 0.08230302333831788 0.08092624876234267
0 0.04797970950603485 0.6180191040039062 0.03047561049461365 0.149198849995931
3 0.7319365501403808 0.6627775828043619 0.05569851994514465 0.05481765535142687
4 0.9238153457641601 0.6458009507921006 0.06186257600784302 0.07297353214687771
15 0.8496055603027344 0.6267117818196615 0.027473899722099304 0.06539477242363824
7 0.46338586807250975 0.6720701429578994 0.10958112478256225 0.042900644408331974