3 0.45978407859802245 0.6788962894015842 0.06833842992782593 0.06000341309441461
3 0.9236862182617187 0.6618954128689236 0.06300431489944458 0.05927617284986708
13 0.35469655990600585 0.6705542246500651 0.08035244941711425 0.04801240497165256
15 0.6269748210906982 0.6599028693305121 0.025751012563705444 0.05557432174682617
1 0.09915732145309449 0.6603976355658637 0.09952446818351746 0.07825689845614964
1 0.19879084825515747 0.642384762234158 0.08244549632072448 0.08097635904947917
3 0.732176685333252 0.663050036960178 0.055410134792327884 0.05512830416361491
0 0.04767563343048096 0.6179090287950304 0.03042651116847992 0.14979530970255533
4 0.9237707138061524 0.6460766262478299 0.06252217888832093 0.07252408663431803
7 0.4634744167327881 0.6719433678521051 0.11029626131057739 0.042781665590074326
15 0.8453062057495118 0.62126219007704 0.02968382239341736 0.06656217045254177