3 0.45960192680358886 0.6783055623372396 0.07011201977729797 0.05929968621995714
3 0.9238823890686035 0.6622619205050998 0.06290255784988404 0.05873083538479275
3 0.7321492195129394 0.664287821451823 0.053447282314300536 0.053930075963338216
13 0.3546295642852783 0.6709776984320747 0.08106541633605957 0.04790147145589193
1 0.198789381980896 0.6434116363525391 0.08253331184387207 0.0805639108022054
15 0.6279908180236816 0.6594369252522786 0.025926890969276428 0.057285584343804256
1 0.09878193736076354 0.6603138393825955 0.09981493949890137 0.07774009704589843
0 0.04836231172084808 0.6181932661268447 0.031243658065795897 0.1488590982225206
4 0.9220767974853515 0.6435480753580729 0.06358953714370727 0.07458100318908692
7 0.46307849884033203 0.6723600175645617 0.10933825969696045 0.043381023406982425
15 0.8357408523559571 0.611607911851671 0.03258644938468933 0.053983985053168405