3 0.45959763526916503 0.6784010569254557 0.07032289505004882 0.05928896798027886
1 0.19901766777038574 0.6433617062038846 0.08212974071502685 0.08092542224460178
3 0.9240039825439453 0.6622574276394314 0.062009561061859134 0.058857064776950414
13 0.3546236753463745 0.6710456000434027 0.08115922808647155 0.047938304477267796
3 0.7317967891693116 0.6638224283854167 0.05422947406768799 0.05339006847805447
15 0.6275446891784668 0.6597811381022135 0.02539486885070801 0.057486867904663085
0 0.04852481186389923 0.6181910620795356 0.03156953752040863 0.14885371526082355
1 0.09886431097984313 0.6603359646267362 0.10002577304840088 0.07763967514038086
4 0.9244357109069824 0.6458615197075738 0.06108373999595642 0.07227599885728624
7 0.4630767345428467 0.6723473019070095 0.10915850400924683 0.04337514241536458
15 0.8262142181396485 0.6036704593234592 0.028936168551445006 0.055688873926798506