3 0.4597135543823242 0.6787220848931207 0.06823990345001221 0.05977765719095866
3 0.9239696502685547 0.6615289476182725 0.0657208502292633 0.059434435102674696
13 0.35503742694854734 0.6707655588785807 0.08022226095199585 0.04767175780402289
15 0.6257296562194824 0.6599835713704427 0.026629462838172913 0.06051126586066352
1 0.09910634160041809 0.6600945790608724 0.10016307830810547 0.07769804530673557
1 0.19902461767196655 0.642549811469184 0.08263733983039856 0.08075728946261936
3 0.7314983367919922 0.6640855153401692 0.05365135669708252 0.05517404344346788
0 0.04764780700206757 0.6180228763156467 0.030433785915374757 0.14736412896050347
4 0.9239991188049317 0.6451904720730252 0.06304624676704407 0.0715785609351264
15 0.7686482429504394 0.5544072892930773 0.027257394790649415 0.06112421883477105
7 0.46321744918823243 0.6721319410536024 0.1110001802444458 0.043068218231201175