1 0.11911072731018066 0.8058794657389323 0.17216026782989502 0.1284112082587348
1 0.31292119026184084 0.7975482516818576 0.15973074436187745 0.12373340394761827
7 0.7855339050292969 0.8665736728244358 0.23359146118164062 0.08005121548970541
3 0.7378673076629638 0.8702668084038628 0.13466300964355468 0.10393862194485134
3 0.5409858226776123 0.8784898546006944 0.03574134409427643 0.04395606782701281
15 0.3088486433029175 0.6757592519124349 0.06567726135253907 0.11020709143744575
13 0.5816404819488525 0.8583774142795139 0.15197645425796508 0.05450515747070313
0 0.07559311985969544 0.6899049123128255 0.042995119094848634 0.15317773818969727
1 0.18927955627441406 0.773870849609375 0.09626995921134948 0.15267904069688584
3 0.5953080654144287 0.8793123881022136 0.033776935935020444 0.03630131880442301
11 0.015161281824111939 0.698395495944553 0.028614023327827455 0.24755672878689236