1 0.3155557870864868 0.7981925964355469 0.15819711685180665 0.12576611836751303
7 0.7876275062561036 0.8667344835069445 0.23193745613098143 0.0798209031422933
1 0.12096189260482788 0.8059588114420573 0.1744309186935425 0.1284049563937717
3 0.7395457744598388 0.8704688178168403 0.13346773386001587 0.1041550424363878
3 0.5428157806396484 0.8785904778374566 0.035581424832344055 0.04314588440789117
0 0.07860482335090638 0.6896531422932942 0.044190114736557005 0.14640029271443686
13 0.5844464778900147 0.8576822916666667 0.14889973402023315 0.05373530387878418
3 0.597820234298706 0.8804645114474826 0.03259553015232086 0.03641129334767659
15 0.3093033075332642 0.6635747697618273 0.061335551738739016 0.1155395401848687
11 0.016564153134822845 0.6978291405571831 0.03002324402332306 0.2435248057047526
1 0.19227783679962157 0.7735126071506077 0.09959169626235961 0.1444387329949273