1 0.3175930976867676 0.796848381890191 0.15542762279510497 0.12527359856499565
7 0.7890867710113525 0.8663453843858507 0.23261537551879882 0.08001767794291179
1 0.12322330474853516 0.8052625020345052 0.17497720718383789 0.1273644765218099
3 0.7410154342651367 0.8697382609049479 0.13409513235092163 0.10323278639051649
0 0.0805906355381012 0.6894104427761502 0.042835000157356265 0.14704792234632705
3 0.5443487644195557 0.8775154961480035 0.035010337829589844 0.04405502213372125
13 0.5864162921905518 0.8563223097059461 0.15078102350234984 0.053301027086046004
3 0.6002268314361572 0.879569583468967 0.03221258223056793 0.03607064353095161
15 0.313887882232666 0.6652196248372396 0.060628455877304074 0.11593731774224175
1 0.19525091648101806 0.7728068033854166 0.10259599685668945 0.15055255889892577
11 0.017102760076522828 0.6972591824001736 0.03227535486221313 0.23704975975884332