7 0.7899221420288086 0.866353013780382 0.23270778656005858 0.0793485853407118
1 0.3182462215423584 0.7965410868326823 0.15325751304626464 0.125508541531033
1 0.12426971197128296 0.8053899976942275 0.17661410570144653 0.12658874723646377
3 0.7417143821716309 0.8695237053765191 0.13486945629119873 0.10277797910902235
0 0.08105742335319518 0.6893721262613932 0.04295793473720551 0.14619071748521592
3 0.5448540687561035 0.8775276184082031 0.034237220883369446 0.0440403938293457
13 0.5865490436553955 0.856249745686849 0.15005367994308472 0.053128751118977864
3 0.6006337165832519 0.8794054667154948 0.032184815406799315 0.03627173105875651
15 0.3136577844619751 0.6621763865152995 0.06157740354537964 0.1189393785264757
11 0.019022035598754882 0.6979672749837239 0.03379392325878143 0.23698245154486763
1 0.19470086097717285 0.7725308736165365 0.10218640565872192 0.1480102433098687