7 0.7902274608612061 0.8666086832682292 0.23228306770324708 0.0792388916015625
1 0.319842529296875 0.796903567843967 0.15556731224060058 0.12448225021362305
1 0.1245755672454834 0.8057430691189236 0.17705097198486328 0.1266779899597168
0 0.081736159324646 0.6895609961615669 0.04421500861644745 0.14773676130506727
3 0.7423711776733398 0.869746822781033 0.13563419580459596 0.10294107860989041
3 0.5456030368804932 0.8769483778211805 0.034767284989356995 0.04476014773050944
13 0.5874763011932373 0.856343502468533 0.14925014972686768 0.05334923002454969
3 0.6011251449584961 0.8794369167751737 0.03229032158851623 0.03641978899637858
11 0.019562897086143494 0.6983840518527561 0.03446887135505676 0.2370245827568902
15 0.3138365507125854 0.6620546129014757 0.05999065637588501 0.12094498740302193
1 0.19503958225250245 0.7724468655056423 0.10242693424224854 0.14929574330647785