7 0.7908422946929932 0.8663694593641493 0.23309617042541503 0.0793050554063585
1 0.319179892539978 0.7971015930175781 0.15479272603988647 0.1239203029208713
1 0.12500553131103515 0.8051656087239584 0.17617858648300172 0.1271656036376953
0 0.08190549612045288 0.6891217973497179 0.04330157935619354 0.14871480729844835
3 0.7432460784912109 0.8695544772677951 0.13618342876434325 0.10276122623019748
13 0.5878493785858154 0.8558063083224826 0.1502366304397583 0.053492169910007055
3 0.546116828918457 0.8767793443467882 0.034874850511550905 0.04416234493255615
3 0.6013049602508544 0.8792782253689236 0.03237235844135285 0.03613954650031196
11 0.019550052285194398 0.6976451873779297 0.035129976272583005 0.23466773562961155
15 0.3144339084625244 0.660389879014757 0.05941108465194702 0.1200926038953993
1 0.19498282670974731 0.7724652608235677 0.1028367519378662 0.14894301096598309