7 0.791253662109375 0.8666085984971789 0.2329399824142456 0.07901781929863824
1 0.3196145534515381 0.7963762919108073 0.15467923879623413 0.1249640252855089
1 0.125740385055542 0.8052376641167535 0.1754356861114502 0.12718075646294488
0 0.08355618119239808 0.6894471062554254 0.04300066828727722 0.14819076326158312
3 0.7439374446868896 0.8697109646267361 0.13628702163696288 0.10283215840657552
13 0.5883802890777587 0.855769771999783 0.1514429807662964 0.05345900853474935
3 0.5466472625732421 0.8769632127549913 0.03487032651901245 0.04373897711435954
3 0.6019380569458008 0.879453616672092 0.032581007480621337 0.03566663795047336
15 0.3145317792892456 0.658496602376302 0.060335808992385866 0.11974076165093316
11 0.019773322343826293 0.6975955539279514 0.03626804053783417 0.2292417950100369
1 0.19531046152114867 0.7725880093044705 0.10370843410491944 0.149774964650472