7 0.7917531967163086 0.8663174947102864 0.23266804218292236 0.07894549369812012
1 0.3211694240570068 0.7962150573730469 0.1569456100463867 0.12684665256076388
1 0.1256333827972412 0.8042955186631945 0.17482266426086426 0.12847409778171115
0 0.08412548899650574 0.6885648515489367 0.04384434223175049 0.14442843331231012
3 0.7444384574890137 0.8695943196614583 0.13650343418121338 0.10258354610866971
13 0.5883295059204101 0.8553915235731336 0.1529440999031067 0.05391678810119629
3 0.5472115993499755 0.8768863254123264 0.03472488522529602 0.04309980869293213
3 0.6022388458251953 0.879233635796441 0.03226996958255768 0.03532297611236572
15 0.3122907876968384 0.656162601047092 0.05933810472488403 0.11762163374159071
11 0.019686639308929443 0.6970428890652127 0.03710516691207886 0.22780113220214843
1 0.19535090923309326 0.7723503112792969 0.10202146768569946 0.14830969704522026
10 0.003264232352375984 0.7448953416612413 0.005754968523979187 0.15998624165852865