7 0.7919525623321533 0.8665393405490451 0.2361525058746338 0.08025447527567546
1 0.3180649757385254 0.7979709201388889 0.15383718013763428 0.12705011367797853
0 0.08444973826408386 0.6879403008355035 0.043697893619537354 0.14524966345893012
1 0.12598825693130494 0.8069652133517795 0.17313600778579713 0.1292615254720052
3 0.7446292877197266 0.8699375576443142 0.13670074939727783 0.10348777770996094
13 0.5869009494781494 0.8554449293348524 0.15563359260559081 0.055126094818115236
3 0.5470977306365967 0.8765671624077691 0.035181522369384766 0.04355040921105279
3 0.6021487236022949 0.8793582492404514 0.0323066234588623 0.035239540206061466
1 0.19534785747528077 0.767589823404948 0.1007272720336914 0.16067354414198134
11 0.019566549360752104 0.6966177198621962 0.03698118031024933 0.2322483910454644
15 0.2925220727920532 0.6422979990641277 0.058098447322845456 0.10641540951199002
10 0.0036052655428647994 0.7450313144259982 0.006305406242609024 0.15612499448988174