7 0.795015287399292 0.8685162862141927 0.23291454315185547 0.07950646612379286
0 0.08420466780662536 0.6868588765462239 0.04466208517551422 0.14622315300835503
1 0.12679150104522705 0.8051392449273004 0.17721519470214844 0.12862979041205513
15 0.37674286365509035 0.638748762342665 0.060524356365203855 0.1018936898973253
3 0.6013163566589356 0.8775565253363715 0.03231041431427002 0.038019437260097926
3 0.54726243019104 0.8747003343370225 0.03674321174621582 0.044245974222819014
1 0.3221564769744873 0.8014892578125 0.15871323347091676 0.12430653042263455
13 0.5855025768280029 0.8526301913791232 0.16638553142547607 0.05702695846557617
3 0.7452702999114991 0.869954850938585 0.13600471019744872 0.10266796747843425
1 0.19526695013046264 0.7724108378092448 0.10953567028045655 0.15639479955037436
11 0.019191914796829225 0.6969025929768881 0.03755752742290497 0.23425299326578777
10 0.0034591589123010636 0.7451727973090277 0.0063831120729446415 0.16126244862874348