7 0.7952140808105469 0.8692990620930989 0.231722092628479 0.07828390333387587
0 0.08589878678321838 0.6887929280598958 0.04429822564125061 0.14979830847846137
1 0.12626911401748658 0.8065096537272135 0.17739344835281373 0.1274552345275879
13 0.5838875770568848 0.8522018432617188 0.16856157779693604 0.05861457188924154
1 0.32395646572113035 0.8038116455078125 0.17058490514755248 0.12096732457478841
3 0.6012310028076172 0.8771592034233942 0.032249456644058226 0.0383177465862698
3 0.7451482295989991 0.8697563171386719 0.1354976177215576 0.10225310855441623
3 0.5474084854125977 0.8743198818630642 0.03653814792633057 0.04453573226928711
1 0.19754059314727784 0.7725041707356771 0.11177104711532593 0.15637868245442707
15 0.39987685680389407 0.6552249060736762 0.05611162781715393 0.12296535703870985
11 0.01938810646533966 0.6974111768934462 0.036016857624053954 0.23335208892822265
10 0.0032203610986471175 0.7447614034016927 0.0061461150646209715 0.16144199371337892