7 0.7931275844573975 0.8774918450249566 0.21398611068725587 0.072139925426907
1 0.3058159351348877 0.8044906616210937 0.15935450792312622 0.12584654490152994
3 0.5906445503234863 0.8778349134657119 0.03346541821956635 0.037233993742201064
1 0.1828968644142151 0.7767957051595052 0.10734825134277344 0.15914536582099068
1 0.11593906879425049 0.8171384175618489 0.16785612106323242 0.13230164845784506
13 0.5698890209197998 0.8593537224663629 0.16652072668075563 0.055217213100857206
3 0.7353627681732178 0.8741610209147136 0.1269425630569458 0.09851710001627605
3 0.534671401977539 0.8791405571831598 0.0369663655757904 0.04134024249182807
0 0.07128846645355225 0.693589613172743 0.04211474061012268 0.1431380483839247
11 0.012002647668123246 0.7013006422254774 0.023238998651504517 0.25126463572184243
15 0.48432331085205077 0.8134619818793403 0.04282661974430084 0.11004806094699436