7 0.7915038108825684 0.8774278428819444 0.21360585689544678 0.07242397732204861
3 0.589059591293335 0.8779834323459201 0.03420323431491852 0.03748946984608968
1 0.3056559324264526 0.8036821153428819 0.15723698139190673 0.12433331807454427
1 0.18100231885910034 0.7766100565592448 0.10818841457366943 0.1577162742614746
1 0.11286424398422241 0.8173121982150607 0.1684026837348938 0.13274111217922635
13 0.5669216632843017 0.860882314046224 0.165332567691803 0.05632815890842014
3 0.7338141918182373 0.874416012234158 0.1267093300819397 0.09970001644558377
3 0.5333910942077636 0.8793242560492621 0.03707597255706787 0.041480586263868545
0 0.06952956914901734 0.6936953650580512 0.04104913771152496 0.1425745752122667
11 0.011397431790828704 0.7019882202148438 0.021051174402236937 0.25103431277804905
15 0.484708833694458 0.8144296434190538 0.044432732462883 0.10840681923760308