7 0.7911674976348877 0.8775145636664496 0.2138983726501465 0.07166120211283365
1 0.3052320718765259 0.8035713195800781 0.15330705642700196 0.12339196734958224
3 0.5890515327453614 0.8784255133734808 0.033589217066764834 0.03672059641944037
1 0.18063960075378419 0.776373291015625 0.10758640766143798 0.1576706780327691
1 0.11122750043869019 0.816994137234158 0.16885192394256593 0.13197186787923176
13 0.5683311462402344 0.8617847018771702 0.16421431303024292 0.056055079566107856
3 0.7332287311553956 0.8747180514865451 0.12623839378356932 0.09995617336697049
0 0.06882286667823792 0.6938990275065104 0.039839091897010806 0.1433262719048394
3 0.5330950736999511 0.8798964606391059 0.03781443238258362 0.04163772530025906
11 0.01162380576133728 0.7022561815049914 0.019459350407123564 0.2482667287190755
15 0.48750057220458987 0.8181810167100695 0.0491852343082428 0.11318579779730903