1 0.3053079128265381 0.8030390421549479 0.15432994365692138 0.12502273983425563
7 0.7894544124603271 0.8772376166449652 0.2143706798553467 0.07054980066087511
3 0.5884296417236328 0.8785152859157986 0.03358364701271057 0.03667811022864448
1 0.1812077283859253 0.7764721340603299 0.10928645133972167 0.15995685789320205
1 0.11123756170272828 0.817091793484158 0.166768217086792 0.13204214307996961
13 0.5686535358428955 0.8621768527560764 0.16139763593673706 0.055391947428385414
0 0.0681672751903534 0.6942808787027995 0.04078545868396759 0.1463541136847602
3 0.7297508716583252 0.876061757405599 0.13423423767089843 0.1024661488003201
3 0.5328927993774414 0.880354987250434 0.038431558012962344 0.04194455941518148
11 0.011441368609666824 0.7030431111653646 0.019571256637573243 0.2520827399359809
15 0.48773531913757323 0.8193166097005208 0.04983726739883423 0.11353237364027235