1 0.3052725315093994 0.8035515679253472 0.15411202907562255 0.12541484832763672
7 0.7898287296295166 0.8778978135850695 0.2124469757080078 0.070295074250963
3 0.5885118961334228 0.8785182529025608 0.03345443606376648 0.037326712078518336
1 0.18064506053924562 0.7763426886664496 0.10811475515365601 0.1608160548739963
1 0.11199725866317749 0.8168367173936631 0.1673434257507324 0.1330476866828071
13 0.5691865921020508 0.8626601325141059 0.1607147455215454 0.054871490266588
0 0.06863559484481811 0.6941179063585069 0.040574049949645995 0.14583310021294488
3 0.7297487735748291 0.8761298285590278 0.13359429836273193 0.10231177012125652
3 0.5327813148498535 0.8803471035427517 0.03795409798622131 0.04263580905066596
11 0.011326880753040313 0.7027773115370008 0.019195568561553956 0.25158553653293186
15 0.4888589859008789 0.8195645650227864 0.049413979053497314 0.11466052797105578