3 0.45986013412475585 0.6816577487521701 0.06889735460281372 0.05603457027011448
4 0.9245752334594727 0.6415181901719835 0.06514431238174438 0.05994485749138726
15 0.625044298171997 0.6571386973063151 0.025473150610923766 0.06173968844943577
1 0.10107176303863526 0.6584053039550781 0.10068725347518921 0.0734186225467258
3 0.7330492973327637 0.6669763776991102 0.048045843839645386 0.054370413886176215
1 0.19945738315582276 0.6521328820122613 0.08511602282524108 0.06671400600009494
3 0.9239914894104004 0.6627254486083984 0.06199139952659607 0.04522538714938694
13 0.34931957721710205 0.6725812700059679 0.08891153335571289 0.04195752408769396
15 0.29586517810821533 0.6548189375135633 0.0348703145980835 0.06551294856601292
7 0.4639500617980957 0.6705142127143012 0.11813600063323974 0.04004998207092285
0 0.04729739427566528 0.6168091244167752 0.029566776752471925 0.13460122214423287