3 0.4597776412963867 0.681833012898763 0.06828963160514831 0.05598515404595269
4 0.9245482444763183 0.6414326985677083 0.06538155078887939 0.06000587675306532
15 0.6247735977172851 0.6574448903401693 0.025704142451286317 0.06140552626715766
1 0.10104788541793823 0.6581793891059028 0.1004748821258545 0.07413693004184299
3 0.7329447746276856 0.6670957777235244 0.04817568063735962 0.05359848870171441
15 0.29566752910614014 0.6550960540771484 0.035010069608688354 0.06573768191867405
13 0.35015785694122314 0.6725528293185764 0.08698886632919312 0.04167157808939616
3 0.9239819526672364 0.662727779812283 0.062064075469970705 0.04543637699551052
7 0.4640538215637207 0.6704001956515842 0.1180658221244812 0.04034629927741157
1 0.1994664788246155 0.6525139278835721 0.08533401489257812 0.06518165800306532
0 0.04718580543994903 0.6168501959906684 0.029407042264938354 0.1341764662000868