3 0.4598067283630371 0.6818366580539279 0.06923906803131104 0.056153366300794816
4 0.9245911598205566 0.6411703745524089 0.06552048921585082 0.05973536703321669
15 0.6247923374176025 0.6574280209011502 0.025639596581459045 0.06167087025112576
1 0.1010287880897522 0.6580744425455729 0.10070157051086426 0.07441441218058269
3 0.7328466415405274 0.6671240488688152 0.0481930673122406 0.05381574630737305
13 0.3497783899307251 0.6725786844889323 0.08731318712234497 0.04137909147474501
3 0.9240110397338868 0.662665049235026 0.06210554242134094 0.04538821114434136
15 0.295705509185791 0.6551278432210287 0.0347596287727356 0.064679749806722
7 0.46405792236328125 0.6703718821207683 0.11861000061035157 0.04034313095940484
1 0.199521005153656 0.6524966345893012 0.08468466401100158 0.064998902214898
0 0.04717780947685242 0.6169655270046658 0.029592597484588624 0.1343041631910536