3 0.45970449447631834 0.6813761393229166 0.06966286301612853 0.05638426144917806
4 0.9245980262756348 0.6412431081136067 0.06526160836219788 0.05956663555569119
15 0.624805212020874 0.6573547787136502 0.025743621587753295 0.06145069864061144
1 0.1007988452911377 0.6578813764784072 0.10068801641464234 0.07429232597351074
3 0.7327966213226318 0.667193349202474 0.0479164183139801 0.05386506186591254
15 0.2957317590713501 0.6553463406032987 0.03485743403434753 0.06483999888102214
13 0.3498368501663208 0.6725826263427734 0.08619747161865235 0.041102329889933266
3 0.9240275382995605 0.6625951555040147 0.062028038501739505 0.04515138202243381
1 0.1994695782661438 0.6525491926405165 0.08379749059677125 0.06517426172892253
7 0.46407489776611327 0.6704311370849609 0.11877562999725341 0.0401071654425727
0 0.04727161228656769 0.6168889363606771 0.029510629177093507 0.13331269158257378