3 0.4596702098846436 0.6813253614637587 0.07014971971511841 0.05628357463412815
4 0.924599552154541 0.6410798814561632 0.06530601978302002 0.059618404176500106
15 0.6247435092926026 0.6571759117974175 0.02552279531955719 0.061188268661499026
1 0.10091536045074463 0.6579463534884983 0.10073455572128295 0.07415813869900173
3 0.7328562259674072 0.6672411600748698 0.04796000123023987 0.053795115152994795
13 0.34966816902160647 0.6725199805365668 0.08666453361511231 0.041343130005730526
15 0.29564454555511477 0.6552677578396268 0.03479724824428558 0.06502831776936849
3 0.9240304946899414 0.6626278771294488 0.0621054470539093 0.045195282830132376
1 0.19929265975952148 0.6525902218288846 0.0837428629398346 0.06446970303853353
7 0.4639729499816895 0.6704984452989367 0.11905913352966309 0.04014968077341716
0 0.047424858808517455 0.6168528238932292 0.029451793432235716 0.13324179119533963