3 0.4596860885620117 0.6813039991590711 0.07044324278831482 0.056329769558376735
4 0.9245866775512696 0.6408443450927734 0.06564807295799255 0.05956987804836697
15 0.6246786117553711 0.6576155344645183 0.02546174228191376 0.06139563454522027
1 0.1008531928062439 0.6579410976833767 0.10081909894943238 0.07400222884284126
3 0.7328953266143798 0.6671365525987413 0.04786447286605835 0.05425207879808214
13 0.34959614276885986 0.672507815890842 0.0865333080291748 0.04140559832255045
1 0.19942219257354737 0.6523020850287543 0.08393484950065613 0.06604572931925455
3 0.9240433692932128 0.6625878651936848 0.06218352317810059 0.045308362113104926
15 0.2956286907196045 0.6552260928683811 0.0348910927772522 0.06503318150838217
7 0.46411738395690916 0.6705751207139757 0.1187710165977478 0.04046582910749647
0 0.04741791188716889 0.6168079376220703 0.029651337862014772 0.13314175075954862