3 0.4594676971435547 0.681174808078342 0.0707517385482788 0.05618050363328722
4 0.9245635032653808 0.6412581973605685 0.06502591967582702 0.05980938805474175
15 0.6241235733032227 0.6574576483832465 0.025358521938323976 0.06292160352071126
3 0.7330627918243409 0.6668215857611762 0.04816100597381592 0.053332583109537764
1 0.10091902017593384 0.6576410929361979 0.1013036847114563 0.07477558453877767
13 0.3493853807449341 0.6724501715766059 0.08836752772331238 0.041780911551581486
1 0.19959487915039062 0.6523305257161458 0.08563739061355591 0.06659557024637858
3 0.9240163803100586 0.6627320607503255 0.062205064296722415 0.04506326251559788
15 0.29555938243865965 0.6551587422688802 0.03490380048751831 0.06490090688069662
0 0.04735972881317139 0.6168613009982639 0.02972080707550049 0.1339816729227702
7 0.4638210296630859 0.6708972507052952 0.11931166648864747 0.04059206379784478