3 0.45937247276306153 0.681296878390842 0.07101068496704102 0.05628141297234429
4 0.9245034217834472 0.6417442745632596 0.06469730138778687 0.0602087762620714
15 0.6252763271331787 0.6570504506429037 0.025247299671173097 0.06208928426106771
3 0.7334671974182129 0.6665880839029948 0.04805340170860291 0.05345189836290148
1 0.1012582540512085 0.6578232235378689 0.10042767524719239 0.07419254514906141
13 0.3493812561035156 0.6736956278483073 0.08560943603515625 0.03969501654307048
3 0.9239839553833008 0.6628619299994575 0.06212357878684997 0.04524691899617513
1 0.19948694705963135 0.6525325775146484 0.08527839183807373 0.06575309965345595
15 0.29579484462738037 0.6551147037082248 0.03428570032119751 0.06474700503879123
7 0.46376333236694334 0.6710558573404948 0.11821897029876709 0.04024507469601101
0 0.04722523093223572 0.6167570326063369 0.029480579495429992 0.13479620615641277