3 0.46015496253967286 0.681864759657118 0.06943340301513672 0.05629461606343587
4 0.924460506439209 0.6419460720486111 0.06475991010665894 0.060045480728149414
3 0.7336471080780029 0.6665888892279731 0.04871078729629517 0.05285978317260742
1 0.1012904167175293 0.6578661600748698 0.10326931476593018 0.07549405097961426
15 0.6269845962524414 0.6572516547309027 0.023793625831604003 0.05865997208489312
1 0.19822099208831787 0.65235841539171 0.09063506126403809 0.07313885688781738
13 0.3480923414230347 0.6724425421820747 0.0892055869102478 0.041320678922865124
0 0.04716299176216125 0.617181905110677 0.0314764529466629 0.13889838324652778
7 0.4643397331237793 0.6707205030653212 0.11466330289840698 0.041498698128594295
3 0.9239989280700683 0.6626977708604601 0.06213977932929993 0.045451381471421984
15 0.29598901271820066 0.6553513420952691 0.03476353883743286 0.06605168978373209