3 0.4601298809051514 0.681847169664171 0.06916903853416442 0.056162288453843856
4 0.9244793891906739 0.6417669508192274 0.06476220488548279 0.0599619017706977
3 0.7337459564208985 0.6666802300347222 0.04851020872592926 0.05308489269680447
1 0.19858765602111816 0.6523765987820096 0.08801212906837463 0.07595456971062554
1 0.10140435695648194 0.6591615464952257 0.10357152223587036 0.07316147486368815
15 0.627032995223999 0.6570802900526259 0.023353689908981325 0.058232190873887806
13 0.348881459236145 0.6724501291910807 0.0904180109500885 0.04090234968397352
7 0.46478047370910647 0.6706574757893881 0.11462432146072388 0.04120588302612305
3 0.9240182876586914 0.6626762813991971 0.06212824583053589 0.045447593265109595
15 0.29576892852783204 0.655838139851888 0.03503976762294769 0.06415255334642199
0 0.04679782688617706 0.6161993662516276 0.03232276737689972 0.1380651897854275