3 0.4601478576660156 0.6819349924723307 0.06716001033782959 0.056488821241590714
1 0.2005845785140991 0.6510776943630643 0.08631254434585571 0.07598906622992621
4 0.9245553970336914 0.6416890038384332 0.0649321973323822 0.06001349025302463
3 0.7338912010192871 0.6668036142985027 0.04841130375862122 0.052417988247341576
1 0.1020882248878479 0.658621088663737 0.1000852108001709 0.0754698117574056
15 0.6263967037200928 0.656804445054796 0.02302454560995102 0.05818990601433648
13 0.3488889217376709 0.6736651102701823 0.08930758237838746 0.04119516478644477
3 0.9240830421447754 0.6626020219590929 0.06224168539047241 0.04556597603691949
7 0.4651660919189453 0.6702933841281467 0.11480607986450195 0.040961384773254395
15 0.2948584794998169 0.6549076504177518 0.034003669023513795 0.0682875951131185
0 0.044851505756378175 0.6164455413818359 0.029525962471961976 0.13516512976752387