3 0.46007766723632815 0.6821836259629991 0.06746275424957275 0.05642336739434136
1 0.2010033130645752 0.6503696865505643 0.08688977360725403 0.07649113867017958
4 0.924528694152832 0.6418696509467231 0.06473788022994995 0.060178523593478736
3 0.7337961196899414 0.666884019639757 0.04839870035648346 0.052958382500542536
1 0.10247206687927246 0.6591208140055339 0.10047017335891724 0.07488497098286946
15 0.6253007888793946 0.657318115234375 0.024270817637443542 0.060024298561943905
13 0.3490131378173828 0.6736336178249783 0.08842596411705017 0.04121026727888319
7 0.4652064800262451 0.6701586405436198 0.11458024978637696 0.0414370854695638
3 0.9240531921386719 0.6626450856526692 0.06213952898979187 0.04555418226453993
15 0.2953415155410767 0.6530848609076606 0.03254700899124145 0.06792227427164714
0 0.04517070651054382 0.6165215810139973 0.029705095291137695 0.1319853252834744