3 0.46022543907165525 0.6818300035264757 0.06703919172286987 0.05700301064385308
1 0.10125552415847779 0.6592486911349826 0.10134266614913941 0.07342466778225369
1 0.20011482238769532 0.6506261189778646 0.08789625167846679 0.07723298072814941
4 0.9244434356689453 0.6416090647379558 0.06466175317764282 0.059756602181328666
15 0.6259359836578369 0.6576243506537544 0.0249868243932724 0.06101463105943468
3 0.7340322494506836 0.6673799726698134 0.04775394201278686 0.053035730785793725
13 0.3494181394577026 0.6739132351345486 0.08966270089149475 0.040968712170918783
7 0.4658082962036133 0.6689929962158203 0.11214652061462402 0.04165132310655382
3 0.9239444732666016 0.662601810031467 0.06224614977836609 0.04573248757256402
15 0.2942553758621216 0.6546891954210069 0.034984737634658813 0.06991972923278808
0 0.046769139170646665 0.6144240061442058 0.029413288831710814 0.12626908620198568