3 0.4601325035095215 0.6815155877007378 0.06525217294692993 0.05689005321926541
1 0.10102521181106568 0.6586730533175998 0.10223808288574218 0.07186897065904406
1 0.2000882863998413 0.6510897742377387 0.08738429546356201 0.07788267665439182
4 0.9245659828186035 0.6405207316080729 0.06567195057868958 0.05856899685329861
15 0.6255814552307128 0.6585343678792318 0.026316916942596434 0.0612454096476237
3 0.7330513954162597 0.6674069298638238 0.04820573329925537 0.05423670874701606
13 0.34945030212402345 0.6738711463080512 0.0883975088596344 0.040573533376057944
3 0.9240849494934082 0.6623709784613715 0.062418168783187865 0.04578618473476834
7 0.4659598350524902 0.6682606167263455 0.111822509765625 0.040284228324890134
15 0.2941911697387695 0.6547318776448567 0.03545715808868408 0.06892182562086317
0 0.0469889372587204 0.6115181393093533 0.03232605457305908 0.1486171086629232