3 0.46016769409179686 0.6816202799479166 0.0651969075202942 0.056972773869832356
1 0.10125396251678467 0.6586780548095703 0.10212697982788085 0.07342471016777886
1 0.2007199764251709 0.6514475928412543 0.08860281705856324 0.07730792363484701
4 0.9245742797851563 0.6410781012641059 0.06557050347328186 0.05904616249932183
15 0.6250943183898926 0.6574646843804254 0.02659779191017151 0.0598305967119005
3 0.7331390857696534 0.6674176534016927 0.04771044850349426 0.05485033459133572
13 0.3495222568511963 0.6738752153184678 0.08833051323890687 0.0405281040403578
3 0.9240352630615234 0.6623996310763889 0.0623169481754303 0.04588099055820041
7 0.46623659133911133 0.6680858188205295 0.11227954626083374 0.040521568722195096
15 0.29421296119689944 0.6547682444254558 0.03511317372322083 0.0685371610853407
0 0.046204403042793274 0.6170008341471355 0.032224717736244204 0.13169420030381945
9 0.10261653661727906 0.5112108018663194 0.06259937286376953 0.05041021241082085