3 0.46010594367980956 0.6814687093098958 0.06532138586044312 0.056683360205756296
15 0.6243390560150146 0.6575948079427083 0.02418566942214966 0.05887443754408095
4 0.9246417045593261 0.6416760762532552 0.06553277969360352 0.05942272610134548
9 0.1692004084587097 0.5889955732557509 0.05985710620880127 0.10451904932657878
1 0.10553145408630371 0.657585186428494 0.10590083599090576 0.07254912588331434
1 0.20105485916137694 0.653129153781467 0.08773303627967835 0.06668654017978244
3 0.7329323768615723 0.6678754170735677 0.047423362731933594 0.05437575446234809
13 0.349504280090332 0.6741266038682726 0.08978298902511597 0.041177709897359215
3 0.9241026878356934 0.6624305301242405 0.06267943382263183 0.045872767766316734
7 0.4663731575012207 0.6679624769422743 0.11143370866775512 0.0407445404264662
15 0.29408864974975585 0.6546468946668836 0.03453156352043152 0.06871542400783963
0 0.04564995169639587 0.6167945437961154 0.029605501890182497 0.14015204111735027