3 0.46004862785339357 0.6813198513454861 0.06522083282470703 0.05678331057230632
15 0.6242323875427246 0.6568213144938151 0.024317221343517305 0.05897599326239692
4 0.9246030807495117 0.641648186577691 0.06564274430274963 0.05963188277350532
9 0.17117637395858765 0.5876205444335938 0.058570826053619386 0.10504782994588216
1 0.20121757984161376 0.6530219184027778 0.0878581702709198 0.06774583392673068
1 0.10535709857940674 0.6577293819851345 0.10617400407791137 0.07300233840942383
3 0.7329545974731445 0.6678450690375434 0.04777827858924866 0.054165384504530165
13 0.34951398372650144 0.6740617116292318 0.08950263261795044 0.041184960471259226
3 0.9241004943847656 0.6624212476942274 0.06270493268966675 0.04619752036200629
7 0.46616501808166505 0.6680843777126736 0.11171406507492065 0.040789940622117785
0 0.045786207914352416 0.6168849521213108 0.029411581158638 0.1391770362854004
15 0.2941137790679932 0.6546195560031467 0.03435257077217102 0.06899618572658962