3 0.4598587989807129 0.6818507724338108 0.06539767384529113 0.05610382292005751
1 0.19890570640563965 0.6515181223551433 0.08790314793586732 0.0678653875986735
4 0.9246052742004395 0.6421737670898438 0.06556088328361512 0.06004286342196995
1 0.10310654640197754 0.6564165327284072 0.10373432636260986 0.07477926678127712
3 0.7330296516418457 0.667488521999783 0.04850960373878479 0.05244652960035536
15 0.6272156238555908 0.6558384365505643 0.023788362741470337 0.05630353291829427
13 0.3495363712310791 0.6737626393636068 0.08782449960708619 0.042192533281114365
0 0.04805839657783508 0.6171086629231771 0.03068898320198059 0.1364736557006836
3 0.9240966796875 0.6627342647976345 0.06286036372184753 0.04641767077975803
7 0.4662157535552979 0.667725329928928 0.11388281583786011 0.040702652931213376
15 0.29491708278656004 0.6550775316026476 0.03429749608039856 0.06671182844373914
9 0.19462265968322753 0.5754879845513238 0.03614749908447266 0.12138579686482748