3 0.45996270179748533 0.6818484836154514 0.06549754738807678 0.05615247620476617
1 0.198954176902771 0.6511993832058377 0.08780025839805602 0.0681902567545573
4 0.9245463371276855 0.6424146864149306 0.06528705358505249 0.06023925675286187
15 0.6269639015197754 0.656008783976237 0.024442705512046813 0.057658778296576604
1 0.10322247743606568 0.6563433329264323 0.10474915504455566 0.07396810319688585
3 0.7329826354980469 0.6677782694498698 0.04799235463142395 0.052474996778700086
13 0.34950571060180663 0.6737734052870009 0.08835220932960511 0.042671974500020346
0 0.04795600771903992 0.6171706729465061 0.030476683378219606 0.135247008005778
3 0.9240132331848144 0.6627746158175998 0.06279885172843933 0.046593120363023544
7 0.465988826751709 0.667825444539388 0.11322282552719116 0.040832302305433485
15 0.2955324172973633 0.6548328399658203 0.034337118268013 0.06932676103379991
9 0.19970380067825316 0.5762365976969401 0.02757290005683899 0.1133501476711697