3 0.4599949836730957 0.6819544474283854 0.06512360572814942 0.05642312897576226
1 0.1996080160140991 0.6513636695014106 0.08818665742874146 0.0695127699110243
15 0.6272095680236817 0.655824703640408 0.024927085638046263 0.05855626000298394
4 0.9245770454406739 0.6425587548149957 0.06570862531661988 0.060814550187852645
1 0.10285646915435791 0.6566835191514757 0.10400872230529785 0.07372586992051866
3 0.732682466506958 0.6671798282199436 0.04875206649303436 0.053796042336357965
13 0.34960284233093264 0.6737498813205295 0.0877857267856598 0.042728368441263834
9 0.20515890121459962 0.5803106943766276 0.024342134594917297 0.10922792222764757
0 0.04804783761501312 0.6171289655897353 0.03071642220020294 0.13621748818291557
3 0.92403564453125 0.6629273308648004 0.06306766867637634 0.047368627124362524
7 0.4658830642700195 0.6678301069471572 0.11320040225982667 0.04095714622073703
15 0.29537391662597656 0.654838138156467 0.034485194087028506 0.07054268519083659