3 0.46012063026428224 0.6824312845865885 0.06591373085975646 0.05674537022908529
1 0.19908136129379272 0.6518185085720486 0.08567389249801635 0.06763621966044107
15 0.6253920555114746 0.6575384775797526 0.024353420734405516 0.05920334392123752
4 0.9244012832641602 0.6428356594509549 0.06573143005371093 0.06127124362521701
1 0.10276390314102173 0.6568098704020182 0.10329445600509643 0.07507513364156088
3 0.7334977149963379 0.6671282026502822 0.04854446053504944 0.054323302374945745
13 0.34937822818756104 0.6737484402126737 0.0886368989944458 0.042900453673468696
0 0.048070722818374635 0.6169637891981337 0.03054471015930176 0.14047359890407987
9 0.2097317695617676 0.5792533026801215 0.027897211909294128 0.10624193615383572
3 0.9240132331848144 0.6630291408962674 0.06334035396575928 0.047347466150919594
7 0.4653626918792725 0.66783201429579 0.11468231678009033 0.04144033326043023
15 0.2950527429580688 0.6548375447591146 0.03420287370681763 0.0683932834201389