3 0.460175895690918 0.6823488447401259 0.06637800931930542 0.05652662913004557
1 0.19893335103988646 0.6518650054931641 0.08582672476768494 0.06756176948547363
15 0.6250409603118896 0.6580191718207465 0.024796976149082182 0.05927089055379232
4 0.9243866920471191 0.6429872300889757 0.06572272777557372 0.0612556086646186
1 0.10285766124725342 0.6568823496500651 0.10339560508728027 0.07481140030754937
3 0.7335588932037354 0.6670642428927951 0.04837678074836731 0.05426275465223524
13 0.3493122816085815 0.6737811618381077 0.08846864700317383 0.042830824851989746
0 0.04824996590614319 0.6169063991970486 0.030608287453651427 0.13978612687852648
3 0.9240039825439453 0.6630191802978516 0.06321808695793152 0.047280110253228085
7 0.46533999443054197 0.6678302341037327 0.1149867057800293 0.041543632083468965
9 0.20976660251617432 0.5796929677327474 0.028371018171310425 0.10346030129326714
15 0.2950513124465942 0.6548281775580512 0.03419661223888397 0.06830011473761664