3 0.46021327972412107 0.6821592966715495 0.06623152494430543 0.05650192366706001
1 0.19971578121185302 0.6512496524386936 0.0861392617225647 0.06914054022894965
15 0.62473464012146 0.6578337351481119 0.024766099452972413 0.05806461970011393
4 0.9244884490966797 0.6426331414116754 0.0654851257801056 0.06062040858798557
1 0.10295830965042115 0.6568792978922526 0.10467602014541626 0.07471233473883734
3 0.7334712982177735 0.6668668958875869 0.04799954891204834 0.054529825846354164
13 0.34939324855804443 0.6738029056125217 0.08837327957153321 0.04278791745503743
0 0.04818105697631836 0.6168953365749783 0.030695179104804994 0.13935067918565539
3 0.9240530014038086 0.6626813252766927 0.06270742416381836 0.046532164679633246
7 0.46552095413208006 0.6679695977105035 0.11486499309539795 0.04110778172810872
15 0.2951285600662231 0.6548457675509982 0.03414837121963501 0.06869319809807671
9 0.2078859567642212 0.5742913564046224 0.02984621524810791 0.11336602105034722