7 0.7978724479675293 0.8616742451985677 0.23299643993377686 0.0787334124247233
3 0.7491805553436279 0.8671265496148004 0.1364745855331421 0.10047434700859917
0 0.08739059567451476 0.6840566847059462 0.04357050061225891 0.14541619618733723
15 0.5020917892456055 0.8173224555121528 0.046268612146377563 0.1008552763197157
1 0.33078205585479736 0.801202392578125 0.14910452365875243 0.12308675977918837
1 0.12948232889175415 0.804671139187283 0.17676730155944825 0.13023687998453776
3 0.550417709350586 0.8731813218858507 0.03653386533260346 0.04039040671454536
9 0.3341829299926758 0.6737561967637804 0.03060597777366638 0.17478433185153538
3 0.6060890674591064 0.8725072224934896 0.03463468551635742 0.0367652522193061
13 0.59407639503479 0.8537298414442275 0.1563639760017395 0.05052327579922146
1 0.20221304893493652 0.7677444458007813 0.10717319250106812 0.1760399924384223
11 0.021432727575302124 0.6973866356743706 0.04067847728729248 0.2268423080444336
10 0.004391000419855118 0.7458544413248698 0.008507802337408065 0.1603878445095486