9 0.3182366847991943 0.6867721133761936 0.06322108507156372 0.13216191397772895
7 0.797606372833252 0.8616326226128472 0.23210365772247316 0.07830751207139756
3 0.749495553970337 0.8673187255859375 0.1365937113761902 0.10027766757541233
0 0.0887483835220337 0.6858357747395833 0.04320218563079834 0.14523686303032768
15 0.5021466732025146 0.8174870808919271 0.04652771651744843 0.10081443786621094
3 0.6061892032623291 0.872520022922092 0.03473502099514007 0.036627504560682506
3 0.5503047943115235 0.8731931898328993 0.03601711392402649 0.0397392299440172
1 0.13161518573760986 0.8063631693522135 0.17876830101013183 0.12659436331854926
1 0.32930593490600585 0.8044060601128472 0.15175719261169435 0.11357107162475585
13 0.5925390720367432 0.8534711201985677 0.15790261030197145 0.050180906719631616
1 0.2059389114379883 0.7730913798014323 0.11207584142684937 0.1562949710422092
11 0.02128412127494812 0.6977139790852864 0.03840760886669159 0.21820481618245444
10 0.004006329551339149 0.7446822272406683 0.007352224737405777 0.15621764924791123