7 0.7970828533172607 0.8613962809244792 0.23343663215637206 0.07865432633293999
3 0.7492862224578858 0.8674034118652344 0.13660898208618164 0.10013118320041232
3 0.5501857280731202 0.872784169514974 0.036431515216827394 0.03987292183770074
1 0.3280038595199585 0.8033654106987848 0.15251445770263672 0.11471744113498264
0 0.08887587785720825 0.6855841318766276 0.04185079038143158 0.14504371219211154
3 0.6059749126434326 0.8718058268229166 0.03472798466682434 0.03728134897020128
15 0.5021744251251221 0.8175529479980469 0.04568098783493042 0.10029347737630208
1 0.13088380098342894 0.8059405008951823 0.17408313751220703 0.12706033918592666
1 0.20572199821472167 0.773860592312283 0.1044079303741455 0.15729701783921984
13 0.5939093112945557 0.8532963222927518 0.15513004064559938 0.0508447806040446
9 0.2986981630325317 0.6521448347303602 0.05768498182296753 0.06410972277323405
11 0.02155308723449707 0.6972688462999131 0.0374815434217453 0.21755074395073784
10 0.004021920636296273 0.7449462042914496 0.007347016036510468 0.1509919590420193