7 0.7969570636749268 0.8615046183268229 0.23312644958496093 0.0786117712656657
3 0.7493144035339355 0.8672196282280816 0.1362118601799011 0.10017131169637045
0 0.08851354718208312 0.685981199476454 0.04287176132202149 0.14407696194118924
3 0.550164794921875 0.8727928161621094 0.03649830222129822 0.040146827697753906
1 0.3286045789718628 0.8030302259657118 0.15132300853729247 0.11691246032714844
15 0.5019795894622803 0.8176250881618924 0.04587458968162537 0.10050212012396918
1 0.13050730228424073 0.8063558790418837 0.17433513402938844 0.12704777187771268
3 0.6060076236724854 0.8715797424316406 0.034625443816185 0.03748396502600776
13 0.5943829536437988 0.8532034132215712 0.154988694190979 0.05043951670328776
1 0.20595154762268067 0.7730528089735244 0.10632597208023072 0.16187256707085504
11 0.02189878821372986 0.6974443647596571 0.039249610900878903 0.2151083204481337
10 0.003982710838317871 0.7452323065863715 0.0076852917671203615 0.1557416280110677
9 0.28863236904144285 0.6410843319363064 0.052704572677612305 0.06787027253044976