0 0.08894672989845276 0.6857089572482639 0.04533630311489105 0.14492690828111437
7 0.7980485439300538 0.8616113450792101 0.23254079818725587 0.0779692702823215
3 0.7490836143493652 0.8671519809299045 0.1376192808151245 0.09954573313395182
1 0.3266348600387573 0.8022137959798177 0.15212078094482423 0.12180204391479492
15 0.5028478622436523 0.8162333170572916 0.04704625606536865 0.10303362740410699
1 0.12990496158599854 0.8074962192111546 0.1770801067352295 0.1264286888970269
3 0.5503111839294433 0.8720965067545573 0.037255826592445376 0.03982486989763048
1 0.20647211074829103 0.7732719421386719 0.10731476545333862 0.16665124893188477
3 0.6059089183807373 0.8710339016384548 0.03460038006305695 0.03760526710086399
13 0.5954409599304199 0.8535267300075955 0.1574721097946167 0.050187073813544376
11 0.020691725611686706 0.6960278828938802 0.04085997939109802 0.22237269083658853
9 0.23591716289520265 0.6258967505560981 0.07895684838294983 0.08541223208109537
10 0.004256602376699448 0.7444514804416232 0.008051490783691407 0.1590187496609158