0 0.08934772610664368 0.686736339992947 0.04356951117515564 0.15117697185940213
7 0.7983465194702148 0.8614930894639757 0.2321176052093506 0.07842105759514703
3 0.7491590976715088 0.8668857998318142 0.1367422103881836 0.10017037921481663
1 0.13173483610153197 0.8051143222384982 0.17981581687927245 0.12575941085815429
15 0.5022435665130616 0.8154328240288629 0.047226861119270325 0.10237020916408962
1 0.32857675552368165 0.8018116421169705 0.15111589431762695 0.12530137168036568
3 0.5498368740081787 0.871696048312717 0.03695259988307953 0.038874268531799316
1 0.20483474731445311 0.7730270385742187 0.10586069822311402 0.1670696152581109
3 0.6065964221954345 0.8705257839626737 0.035061699151992795 0.037086232503255205
13 0.5962107181549072 0.8536374409993489 0.1561266303062439 0.05026991102430556
11 0.021040597558021547 0.6957255045572917 0.0415970504283905 0.21891695658365887
10 0.004659311845898628 0.7436695522732205 0.009343515336513519 0.16231851577758788
12 0.1888107180595398 0.6743994818793403 0.09723092317581176 0.15310928556654188