7 0.7980522155761719 0.8622693379720052 0.23633315563201904 0.07753852208455404
3 0.7496963500976562 0.8665537516276042 0.13755323886871337 0.09988925721910265
0 0.08935555815696716 0.6878610399034288 0.04656559824943542 0.15272958543565537
1 0.3294481039047241 0.8002430386013455 0.15159558057785033 0.1231583383348253
1 0.1330317497253418 0.8039811028374566 0.18109939098358155 0.1275265375773112
3 0.5502825736999511 0.8720124138726129 0.036496219038963315 0.03996013005574544
15 0.5032211303710937 0.8140948825412326 0.048218327760696414 0.1028582255045573
1 0.20400896072387695 0.7729059007432726 0.10462654829025268 0.14854168362087675
13 0.5952778339385987 0.8536150614420573 0.15729647874832153 0.04867607222663032
3 0.6076343059539795 0.8704300774468317 0.035224521160125734 0.036990282270643444
11 0.021188107132911683 0.6969454871283637 0.04153683483600616 0.22208120557996963
10 0.005407357960939408 0.7457257588704427 0.009761747717857362 0.17078400717841255