7 0.800383472442627 0.8649181789822049 0.2348156213760376 0.07077880965338813
0 0.09089356064796447 0.68403566148546 0.045231717824935916 0.14120878643459744
3 0.7509844779968262 0.8661883884006076 0.13481444120407104 0.09913325839572483
1 0.20800743103027344 0.776363033718533 0.10495326519012452 0.14621192084418402
1 0.13239853382110595 0.8109648810492621 0.17360217571258546 0.12345687018500434
1 0.33359274864196775 0.795707278781467 0.14851160049438478 0.12541799545288085
15 0.503424882888794 0.815636952718099 0.05037335157394409 0.10415099461873373
3 0.5510892391204834 0.8714065551757812 0.03602171242237091 0.04028225739796956
13 0.5955880165100098 0.8542629665798611 0.1557643175125122 0.05029240714179145
11 0.021633027493953703 0.6967883639865451 0.04216000437736511 0.22506663004557292
3 0.6086596488952637 0.8690770467122396 0.034193724393844604 0.03667306105295817
10 0.005453387647867203 0.7471114264594184 0.009913983941078185 0.1676526705423991