7 0.8075419425964355 0.8654101901584201 0.23531970977783204 0.06743682755364312
0 0.09627206325531006 0.6843369801839193 0.04443025290966034 0.14087296591864693
3 0.7574065208435059 0.8656453450520833 0.13536357879638672 0.09874673419528537
1 0.33748066425323486 0.7942853291829427 0.15009201765060426 0.1265875498453776
1 0.1360858201980591 0.8082450866699219 0.1701616644859314 0.12451840506659614
15 0.5102304458618164 0.8151480780707465 0.05285823345184326 0.11033986409505209
13 0.6001412391662597 0.854770745171441 0.15776270627975464 0.05016816986931695
1 0.21796395778656005 0.768058353000217 0.10431368350982666 0.16446381674872504
11 0.024644382297992706 0.695148213704427 0.044199186563491824 0.22731566958957247
3 0.5570175170898437 0.8720690409342448 0.037672567367553714 0.04237920708126492
3 0.6146673679351806 0.8709317525227864 0.03333832621574402 0.03651887575785319
10 0.0071656137704849245 0.7454255845811631 0.013737516105175018 0.18722784254286023