0 0.10245968103408813 0.6836624145507812 0.042993202805519104 0.14120648701985677
3 0.7638317108154297 0.8661173502604167 0.13588112592697144 0.09893479877048068
7 0.8142436981201172 0.8662086486816406 0.23505656719207763 0.06459379196166992
1 0.14139574766159058 0.8095714992947048 0.16885567903518678 0.12229682074652778
1 0.3445242643356323 0.7935857984754774 0.1464361548423767 0.1279288821750217
15 0.5159138679504395 0.8144985622829861 0.05423163175582886 0.11481142044067383
13 0.6058187007904052 0.8541732788085937 0.15869803428649903 0.05191956626044379
3 0.5635376930236816 0.8717051188151042 0.03682310879230499 0.043744015693664554
1 0.2228074312210083 0.7676010979546442 0.10688970088958741 0.1655750274658203
3 0.6208591938018799 0.8710816277398004 0.033529990911483766 0.036719679832458496
11 0.029200422763824462 0.6909580654568143 0.045211929082870486 0.23609917958577473
10 0.013763496279716491 0.7470061408148871 0.02524048984050751 0.1662361568874783