0 0.118500018119812 0.6838374667697482 0.04194142818450928 0.15025362438625758
3 0.7795240879058838 0.8672104729546442 0.1356836438179016 0.09954803254869249
15 0.5303653717041016 0.8156144883897569 0.053727352619171144 0.11998504002888997
7 0.8325671195983887 0.8656764560275607 0.24077324867248534 0.06522245936923557
1 0.15939687490463256 0.8039562649197048 0.16803994178771972 0.1246644655863444
1 0.23681702613830566 0.7668605380588107 0.10718712806701661 0.1575420061747233
1 0.35667948722839354 0.7922122531467014 0.14572510719299317 0.12494726181030273
3 0.579006576538086 0.8724440680609808 0.037886890769004825 0.04304097493489583
13 0.6207088947296142 0.8553931342230903 0.15986908674240113 0.048873689439561635
10 0.021250507235527037 0.7422214931911892 0.03617952764034271 0.1750655174255371
11 0.04519468545913696 0.6892591688368056 0.04383558630943298 0.2525559319390191
3 0.6362762451171875 0.8729203118218316 0.03220531940460205 0.0375899526807997