0 0.1197632908821106 0.6837205674913195 0.04220097959041595 0.15262299643622504
3 0.7806171894073486 0.8672606574164496 0.13756413459777833 0.099233521355523
15 0.5313238143920899 0.8156382242838541 0.054262411594390866 0.1197681744893392
7 0.8345857620239258 0.8650664435492621 0.2419729709625244 0.06575583881802029
1 0.16043030023574828 0.8040128072102865 0.1725925922393799 0.12453978856404622
1 0.23785040378570557 0.7663883633083768 0.10879921913146973 0.15730818642510308
1 0.3582606315612793 0.7915534125434027 0.14613616466522217 0.12515736685858833
3 0.5803450584411621 0.8715976291232639 0.037468618154525755 0.04423043992784288
13 0.6220168113708496 0.8548032972547743 0.15891944169998168 0.048410521613226995
10 0.022348403930664062 0.741965569390191 0.036945128440856935 0.17353365156385633
11 0.046154561638832095 0.6889915890163846 0.044614005088806155 0.2474588394165039
3 0.6384152412414551 0.8723422580295139 0.03358958661556244 0.03839208549923367