0 0.12628648281097413 0.6858934614393446 0.04431424736976623 0.1486908064948188
15 0.5405240535736084 0.8156526353624132 0.05312173366546631 0.11381542417738173
3 0.7880169868469238 0.8684349060058594 0.1393548846244812 0.10024439493815104
1 0.36571807861328126 0.7917199876573351 0.14128004312515258 0.12215163972642687
1 0.1656543493270874 0.8100448608398437 0.17121489048004152 0.11577427122328017
7 0.8408210754394532 0.8660457187228733 0.24838042259216309 0.06789676878187391
1 0.24536046981811524 0.7676986694335938 0.1017989158630371 0.1532798237270779
10 0.027864161133766174 0.7432941012912326 0.03829300403594971 0.17447844611273872
13 0.6312192916870117 0.8553137037489149 0.15654109716415404 0.04910854233635797
3 0.5880701541900635 0.871726565890842 0.03700152039527893 0.04641436470879449
11 0.058546042442321776 0.6955782148573134 0.04750582873821259 0.23728724585639105
3 0.6458405971527099 0.872843509250217 0.0358351469039917 0.037008992830912274