0 0.12637922763824463 0.6850484212239584 0.04550861716270447 0.14957827462090387
15 0.5414755821228028 0.8152796427408854 0.05253627300262451 0.11213719050089518
3 0.7891307830810547 0.868123287624783 0.1388363242149353 0.10067648357815212
1 0.3672573328018188 0.7922747294108073 0.1381039023399353 0.12116790347629124
1 0.16737349033355714 0.8098744710286458 0.16864194869995117 0.11678140428331163
7 0.841403579711914 0.8663466559516059 0.24698455333709718 0.06762018733554416
1 0.2455204963684082 0.7677510579427084 0.10158854722976685 0.15431769688924155
10 0.02885372340679169 0.7431500752766927 0.03832736611366272 0.17755138609144422
3 0.5885841846466064 0.8713916354709201 0.03622165620326996 0.04561835394965278
13 0.6320100784301758 0.8554535759819879 0.1544913649559021 0.04953136973910861
11 0.05902402997016907 0.6952027214898003 0.05152580142021179 0.24977597130669488
3 0.6469654083251953 0.8724867078993056 0.035995081067085266 0.03750071790483263