0 0.12711650133132935 0.6855042775472006 0.051501667499542235 0.14427811304728191
15 0.5429335594177246 0.8154475741916233 0.05220962166786194 0.1122984250386556
3 0.7903980731964111 0.8682094997829861 0.1390834331512451 0.10061844719780816
1 0.36822464466094973 0.7936954074435764 0.14054499864578246 0.12235478295220269
1 0.16932774782180787 0.8113124423556858 0.1705558180809021 0.11708825429280599
1 0.2459082841873169 0.7674709743923611 0.10253283977508545 0.15531286663479274
11 0.06329060792922973 0.6939709133572048 0.05396007895469666 0.24831354353162977
10 0.03250815868377686 0.7439014010959202 0.03889647126197815 0.17302218543158637
7 0.8420557022094727 0.8667925516764323 0.24759259223937988 0.06753725475735134
3 0.5894606113433838 0.871618906656901 0.036486470699310304 0.04753035439385308
13 0.6329098701477051 0.8558522542317708 0.15457874536514282 0.049642488691541885
3 0.6482529163360595 0.8723743862575954 0.03511564731597901 0.037939924663967554