0 0.12804958820343018 0.6852432674831814 0.05267322063446045 0.14547097947862414
15 0.5436351299285889 0.815122307671441 0.05173747539520264 0.11148862838745117
3 0.7908027172088623 0.8680887858072917 0.13910633325576782 0.1006495475769043
1 0.369028115272522 0.7936382717556424 0.14107828140258788 0.12336509492662218
11 0.06171225905418396 0.6946374257405599 0.054312342405319215 0.2527006361219618
1 0.16988552808761598 0.8107013278537326 0.17033061981201172 0.11739754146999783
1 0.2463550329208374 0.7674081590440538 0.10245932340621948 0.15668198267618816
10 0.03360235095024109 0.7444098578559027 0.03913185596466064 0.17197881274753146
7 0.84219970703125 0.866713121202257 0.24732592105865478 0.06819106737772623
3 0.5900347709655762 0.8714859856499566 0.03701121211051941 0.046644073062472875
13 0.6331295013427735 0.8558320787217882 0.15303568840026854 0.0496034304300944
3 0.649057674407959 0.8721670362684462 0.034933000802993774 0.03821174833509657