0 0.12941761016845704 0.6857374827067058 0.05230277180671692 0.14747865464952256
15 0.5438995361328125 0.815199703640408 0.051289874315261844 0.11133626302083334
3 0.7910670280456543 0.8680174085828993 0.13923559188842774 0.10067470338609484
1 0.36929879188537595 0.7944775051540799 0.1397552013397217 0.12308967378404405
11 0.06123265027999878 0.6951021406385633 0.05387811660766602 0.25176446702745225
1 0.16991767883300782 0.8113025241427951 0.16974867582321168 0.11680953767564561
1 0.24755730628967285 0.7708538479275173 0.10132859945297241 0.15439041985405816
10 0.03385302126407623 0.7447585211859808 0.039458942413330075 0.17105220158894857
3 0.5902909755706787 0.8716284857855903 0.03662822842597961 0.0466157595316569
7 0.8423203468322754 0.8662726508246528 0.2478407859802246 0.0683050897386339
13 0.6334710597991944 0.8560412936740451 0.15259408950805664 0.04978372785780165
3 0.6493391513824462 0.8723501417371962 0.03459691703319549 0.03771967093149821