0 0.12938190698623658 0.6845778147379558 0.0515785276889801 0.14951983557807075
15 0.5442227840423584 0.8150082058376736 0.051072871685028075 0.11104579501681858
3 0.7913348197937011 0.8680065578884548 0.13939446210861206 0.10082839330037435
1 0.36912522315979 0.7944288465711805 0.14020078182220458 0.1231919288635254
1 0.1695937395095825 0.8110550774468316 0.16930605173110963 0.11640348434448242
1 0.24789881706237793 0.7674349466959636 0.100055730342865 0.15671959982977973
10 0.03420787751674652 0.7450063069661458 0.03991881310939789 0.17152622010972765
11 0.061840152740478514 0.6941952175564237 0.05417059659957886 0.2528782526652018
3 0.5903101921081543 0.8716598510742187 0.03668103218078613 0.046814685397677955
7 0.8424099922180176 0.8662354363335504 0.24756259918212892 0.06850927140977647
13 0.6339654445648193 0.8559165954589844 0.1524806022644043 0.04996498425801595
3 0.6492715358734131 0.8725171407063802 0.03469533920288086 0.03770811557769775