0 0.1290775418281555 0.6866168975830078 0.051724350452423094 0.1443826993306478
15 0.5447429656982422 0.81466064453125 0.05101723074913025 0.11108311547173394
11 0.05990815758705139 0.6964312659369575 0.05605628490447998 0.23777542114257813
3 0.7915363311767578 0.8682569715711805 0.13863145112991332 0.10094153086344401
1 0.36969790458679197 0.7946695963541667 0.14101026058197022 0.12316208945380316
1 0.17032248973846437 0.8107580396864149 0.16879910230636597 0.11671217812432183
1 0.24910352230072022 0.7675343831380208 0.1002657175064087 0.15574386384752062
3 0.5905613899230957 0.8717044406467014 0.036044245958328246 0.04672505060831706
7 0.8424979209899902 0.8662579854329427 0.24654207229614258 0.06921360757615831
10 0.03478778004646301 0.7454891628689236 0.04083801805973053 0.17124930487738715
13 0.6345863342285156 0.855912102593316 0.1519125819206238 0.049898089302910696
3 0.6497587203979492 0.8720226711697049 0.03470231890678406 0.03803434636857775