0 0.12920242547988892 0.68621826171875 0.05168570280075073 0.14411793814765084
15 0.5446382522583008 0.8146998087565104 0.05111843943595886 0.11102992163764105
3 0.7915149211883545 0.8682328118218317 0.13860137462615968 0.10090014139811197
11 0.059878450632095334 0.6963296678331163 0.055851060152053836 0.2380817413330078
1 0.36987688541412356 0.7945015801323785 0.14161790609359742 0.12323284149169922
1 0.1704098105430603 0.811045667860243 0.1692767858505249 0.11705126232571073
1 0.2486198902130127 0.7675609164767795 0.10073233842849731 0.15614149305555555
3 0.5905567169189453 0.8716920640733506 0.0360430657863617 0.0466205014122857
7 0.8425528526306152 0.8663285149468316 0.24698188304901122 0.06891416973537869
10 0.03484987914562225 0.7449497646755643 0.04065239429473877 0.17147083282470704
13 0.6343974113464356 0.8557567172580295 0.15172502994537354 0.04974832534790039
3 0.6497698307037354 0.8720457288953993 0.03468841314315796 0.0379843791325887