0 0.1288871169090271 0.6862026638454861 0.05185760855674744 0.14219180213080512
15 0.5440217971801757 0.8150365193684895 0.050766932964324954 0.11098021401299371
3 0.7919890403747558 0.8684044731987848 0.13814419507980347 0.10129106309678819
11 0.06092684864997864 0.6960540347629123 0.05452283024787903 0.23765335083007813
1 0.36981515884399413 0.7947024875217014 0.14138443470001222 0.12285097969902886
1 0.17069437503814697 0.8114328172471789 0.16891589164733886 0.11671702067057292
1 0.24856164455413818 0.7710781521267361 0.10164099931716919 0.1512701776292589
10 0.03454915881156921 0.7454991658528646 0.040478330850601194 0.17127194934421117
3 0.5903648853302002 0.8721189710828993 0.03641790747642517 0.04705256356133355
7 0.8426843643188476 0.8664293077256945 0.24700398445129396 0.06913505660163032
13 0.6346059322357178 0.8560905456542969 0.1524079918861389 0.04969456990559896
3 0.6498267650604248 0.8728064643012152 0.034570157527923584 0.03752531210581462