0 0.12663353681564332 0.6866655985514323 0.050104939937591554 0.141665342119005
15 0.5439437866210938 0.814424811469184 0.050455689430236816 0.11016499201456706
3 0.7914494514465332 0.8686192830403646 0.13776077032089235 0.10141648186577691
1 0.3690156936645508 0.7948668585883246 0.14053338766098022 0.12202234268188476
1 0.17034428119659423 0.8116221110026042 0.16616874933242798 0.11731838650173611
11 0.06290217638015747 0.6944949679904514 0.05248323678970337 0.23560140397813584
1 0.24857690334320068 0.7710775587293837 0.1019787073135376 0.15198163986206054
3 0.590452003479004 0.8720194498697916 0.03721906244754791 0.04592835108439128
10 0.035036489367485046 0.744490475124783 0.040051594376564026 0.1667345470852322
7 0.8426671981811523 0.8678238762749566 0.24683167934417724 0.06868832376268175
13 0.6341679573059082 0.8565588209364149 0.151836097240448 0.04909886254204644
3 0.6496932506561279 0.8729499816894531 0.034419119358062744 0.03731209437052409