0 0.12668185234069823 0.6868196699354384 0.048853245377540586 0.14275917477077907
15 0.5436362266540528 0.814981672498915 0.0506246030330658 0.11025151146782769
3 0.7914984703063965 0.8688450283474393 0.1370229721069336 0.1013209342956543
1 0.3687048196792603 0.7946690877278646 0.1398956298828125 0.12203855514526367
1 0.17077745199203492 0.8114837646484375 0.16516901254653932 0.11687470542060005
1 0.24816718101501464 0.7711399502224392 0.10201754570007324 0.15188283920288087
11 0.06267375349998475 0.6946785396999783 0.05263447165489197 0.23749273088243272
3 0.5904053688049317 0.8723939683702256 0.03688981831073761 0.04631325933668348
7 0.8425966262817383 0.8680759006076388 0.24702033996582032 0.06856513023376465
10 0.03452697992324829 0.7441997951931424 0.04005208611488342 0.1675118234422472
13 0.6344568729400635 0.8570960998535156 0.1523752450942993 0.04931031862894694
3 0.6495876312255859 0.8734001159667969 0.03451380133628845 0.036990168359544544