0 0.1269057273864746 0.6865171220567491 0.04855164587497711 0.14522166781955295
15 0.5435165882110595 0.8146241082085504 0.05078564882278443 0.10973616706000434
3 0.7915074348449707 0.868780771891276 0.13759794235229492 0.10128681394788953
1 0.17070438861846923 0.8113240559895833 0.16347283124923706 0.11827246348063152
1 0.3682152986526489 0.7935612996419271 0.1392892599105835 0.12226479848225912
1 0.24754796028137208 0.7711740281846788 0.10171678066253662 0.15195383495754666
3 0.5903795242309571 0.872308349609375 0.03669203817844391 0.04607301288180881
7 0.8424095153808594 0.8676506042480469 0.2479616165161133 0.06851488219367133
13 0.6338583946228027 0.8565656026204427 0.15227102041244506 0.0491022162967258
11 0.0627853274345398 0.6944104512532552 0.0494483470916748 0.23151033189561632
3 0.6494451522827148 0.8732577006022135 0.03477924764156341 0.0368682066599528
10 0.03336130082607269 0.7403645833333333 0.037054824829101565 0.16347150802612304