0 0.12882602214813232 0.6869052039252387 0.045169079303741456 0.1526846037970649
15 0.5436381340026856 0.8143964979383681 0.050979846715927125 0.1105547375149197
3 0.7914566040039063 0.8686541239420573 0.13761065006256104 0.10167522430419922
1 0.1697990655899048 0.8102769639756945 0.16658530235290528 0.12076146867540148
1 0.368395471572876 0.7924454583062066 0.13978700637817382 0.12198450300428602
1 0.24691386222839357 0.7709774441189237 0.10128544569015503 0.15266120698716906
3 0.5904105186462403 0.8718432956271701 0.037002190947532654 0.04546772109137641
7 0.8426704406738281 0.8676309373643664 0.24874160289764405 0.06823508474561903
13 0.6335386753082275 0.856197272406684 0.15143051147460937 0.04942099253336588
10 0.03271476924419403 0.7396331787109375 0.03281847834587097 0.1738501336839464
3 0.6496753692626953 0.8728333367241754 0.034353071451187135 0.037118432256910534
11 0.058931612968444826 0.6904957241482205 0.04578961133956909 0.24371371799045138