0 0.13090802431106568 0.6864262051052518 0.045063847303390504 0.14368100696139866
15 0.5434062480926514 0.8144835578070746 0.05103486776351929 0.10979909896850586
3 0.7913619041442871 0.8685367160373264 0.13750542402267457 0.10161323547363281
1 0.16961508989334106 0.8120395236545139 0.16941537857055664 0.1182234870062934
1 0.3687264442443848 0.7921581692165799 0.14141417741775514 0.12121850119696723
1 0.24719300270080566 0.7710259331597222 0.10064563751220704 0.151606994205051
3 0.5903646945953369 0.8720649719238281 0.03663924932479858 0.044670915603637694
7 0.8427251815795899 0.8674604627821181 0.25009396076202395 0.06866348054673936
10 0.0306969553232193 0.744875250922309 0.03621638119220734 0.17848434448242187
13 0.6332353591918946 0.8557923210991754 0.15290517807006837 0.04983210033840603
3 0.6497467994689942 0.8728307088216146 0.0343161791563034 0.03704314231872559
11 0.06110621094703674 0.6952145046657986 0.04948328137397766 0.23911588456895616