0 0.12986189126968384 0.6863755967881945 0.045603811740875244 0.1432111104329427
15 0.5432472705841065 0.8144859313964844 0.05107872486114502 0.10909157858954535
3 0.7914005279541015 0.868453386094835 0.13739013671875 0.10144779417249891
1 0.16845637559890747 0.8117803785536024 0.17025234699249267 0.1181542608473036
1 0.36878969669342043 0.7916698031955295 0.14225523471832274 0.12062442567613389
1 0.24763138294219972 0.7709030151367188 0.10060217380523681 0.1537782351175944
3 0.5903728008270264 0.871840328640408 0.03660564124584198 0.044182236989339194
10 0.033526480197906494 0.744321780734592 0.03707953691482544 0.17465487586127387
7 0.8426934242248535 0.8673620435926649 0.2504615545272827 0.06845005353291829
13 0.632892370223999 0.8556050618489583 0.1544896364212036 0.05011453098720974
11 0.061676406860351564 0.6944446987575955 0.04919777512550354 0.23608097500271266
3 0.6497538089752197 0.8726153055826823 0.03434634208679199 0.036926537089877656