0 0.1264229893684387 0.6834557851155599 0.045299530029296875 0.1467076195610894
15 0.5428121089935303 0.8143631829155816 0.05091061592102051 0.10751241048177083
3 0.7914216041564941 0.8678493923611111 0.13631527423858641 0.1008100085788303
1 0.3698506593704224 0.7927680969238281 0.14421186447143555 0.12403750949435764
1 0.1680859923362732 0.8099937438964844 0.1677020311355591 0.11880142423841689
10 0.03498646914958954 0.7451481289333768 0.03658353090286255 0.18187876807318792
1 0.24537370204925538 0.7679869757758246 0.09853165149688721 0.1543686548868815
11 0.058379745483398436 0.6903445773654514 0.04678208231925964 0.2414630889892578
3 0.5903787612915039 0.871246337890625 0.036024895310401914 0.04153868622250027
7 0.8426951408386231 0.8673426310221354 0.2521742582321167 0.06906317075093588
13 0.6329694271087647 0.8549441019694011 0.15642606019973754 0.05045135815938314
3 0.6496214389801025 0.870918952094184 0.034275442361831665 0.03556298944685194