3 0.7915096759796143 0.8663142734103733 0.13495450019836425 0.09897775650024414
0 0.1294503092765808 0.6838400522867839 0.0448167085647583 0.1405393918355306
15 0.5436973571777344 0.8137055291069879 0.04963881075382233 0.10110186470879448
1 0.16818541288375854 0.811993662516276 0.16304630041122437 0.11914595497979058
1 0.37145659923553465 0.7949529859754775 0.14349761009216308 0.13176577885945637
11 0.05948973298072815 0.6902671390109592 0.04557432532310486 0.23717466990152994
10 0.034656557440757754 0.74292967054579 0.03563612699508667 0.1783471425374349
1 0.24899933338165284 0.7716858757866754 0.10089292526245117 0.15340856975979275
3 0.590203046798706 0.8706033494737413 0.03602300584316254 0.039775300025939944
7 0.8425625801086426 0.8663942972819011 0.2576595306396484 0.06980473730299208
13 0.6342275142669678 0.8547084384494358 0.1476008653640747 0.05287423133850098
3 0.6488446712493896 0.8682028028700087 0.03436270356178284 0.03492521180046929