0 0.12836918830871583 0.6840899149576823 0.04527273178100586 0.14241069157918293
3 0.7902803897857666 0.8669910854763455 0.13604066371917725 0.10125012927585178
15 0.5428471088409423 0.813250478108724 0.049395310878753665 0.10086016125149197
1 0.3698244571685791 0.7970208909776476 0.14742554426193238 0.12754118177625867
1 0.24690253734588624 0.7666038513183594 0.09863883256912231 0.15806681315104168
1 0.16831738948822023 0.8088346693250869 0.16754186153411865 0.12377521726820204
3 0.5894155979156495 0.8712100558810764 0.035798415541648865 0.0406704134411282
7 0.8421412467956543 0.8633794148763021 0.2593512773513794 0.07646359337700738
10 0.03467333614826203 0.7420406765407986 0.03719225227832794 0.1758371141221788
13 0.6342337131500244 0.8554150051540799 0.15030238628387452 0.051270707448323564
11 0.05787361860275268 0.6911555396185981 0.0493133932352066 0.2409889645046658
3 0.648273515701294 0.8697706434461806 0.03436017632484436 0.034936393631829155