3 0.7900504112243653 0.8666075812445746 0.13571101427078247 0.10078505410088433
0 0.12896716594696045 0.6855850643581815 0.044810688495635985 0.1427782482571072
15 0.5417724132537842 0.8127478705512152 0.04781578481197357 0.09974803924560546
1 0.37108075618743896 0.798463863796658 0.15003453493118285 0.12577170266045465
3 0.5896562576293946 0.870778062608507 0.03663050830364227 0.04120898511674669
1 0.16812374591827392 0.8080794440375434 0.16708863973617555 0.12049683464898003
7 0.8417597770690918 0.8623708936903212 0.25860931873321535 0.07615997526380751
1 0.24460365772247314 0.7668902926974827 0.09307331442832947 0.15147261089748806
10 0.03412915468215942 0.7427819146050347 0.03842926323413849 0.1757237116495768
13 0.6339005947113037 0.8545519510904948 0.14723093509674073 0.05206433931986491
11 0.05913641452789307 0.6939103444417317 0.05037460923194885 0.24226839277479384
3 0.6483268737792969 0.8698611789279513 0.034362572431564334 0.0347889953189426