3 0.7900609016418457 0.8665924919976129 0.1354171633720398 0.10074541303846571
0 0.12943129539489745 0.6857122633192274 0.04498042464256287 0.1451941596137153
15 0.5416710376739502 0.8126196119520399 0.047312420606613156 0.10010615454779731
1 0.37124898433685305 0.7979287889268664 0.148759663105011 0.12617207633124458
3 0.589678955078125 0.8707603454589844 0.036672288179397584 0.04140214655134413
1 0.16815860271453859 0.807971700032552 0.16685640811920166 0.1207198248969184
7 0.8417723655700684 0.8622116088867188 0.2575277090072632 0.0760167015923394
1 0.24465997219085694 0.7669657389322917 0.09242290258407593 0.1528053707546658
10 0.03414120674133301 0.7426617940266927 0.03833388984203338 0.17499972449408638
13 0.6338361740112305 0.8546234130859375 0.14732474088668823 0.052120076285468206
11 0.05880535244941711 0.6939390818277995 0.05074471831321716 0.2446068657769097
3 0.6483128070831299 0.8698848300509983 0.0343593031167984 0.03476289908091227