3 0.7901461124420166 0.8666166517469618 0.13639211654663086 0.10133495330810546
0 0.12883836030960083 0.6853088802761502 0.044512894749641416 0.1431380695766873
1 0.37164185047149656 0.7974319458007812 0.1504915475845337 0.1258143530951606
15 0.541390323638916 0.8126211378309461 0.047873809933662415 0.10209426879882813
3 0.5896713256835937 0.8709091186523438 0.03676551282405853 0.04148078759511312
1 0.16791421175003052 0.8069276597764757 0.1667177200317383 0.12030712763468425
1 0.24385390281677247 0.7670555962456598 0.09068412780761718 0.15295472674899632
7 0.8418447494506835 0.8622929043240017 0.25714616775512694 0.0766143004099528
10 0.03417596518993378 0.7424626668294271 0.037835657596588135 0.17366322411431206
13 0.6336352348327636 0.8543430752224392 0.14741175174713134 0.052035390006171335
11 0.05863455533981323 0.6938988579644098 0.05069117546081543 0.24439601898193358
3 0.6478456497192383 0.870328860812717 0.03456754088401794 0.034744758076137965