3 0.7901350975036621 0.8666399637858073 0.13641310930252076 0.10153059429592556
0 0.1280910015106201 0.6854002634684245 0.044183045625686646 0.14145597881740993
1 0.3715829849243164 0.7968962775336371 0.15030401945114136 0.1258429103427463
15 0.5413546562194824 0.812351311577691 0.047718769311904906 0.1018830935160319
3 0.5896671295166016 0.8709017435709635 0.03703484535217285 0.04165241983201769
1 0.16806012392044067 0.8070139567057292 0.16748807430267335 0.11990476184421116
1 0.24405386447906494 0.7671168857150608 0.090802663564682 0.15217230055067274
7 0.841887092590332 0.8621933831108941 0.25624804496765136 0.0767563607957628
10 0.03425812125205994 0.742663319905599 0.03812320530414581 0.17347595426771376
13 0.6334485054016114 0.8541907416449652 0.14744478464126587 0.05188291337754991
11 0.05877925753593445 0.6938848707411024 0.05124345421791077 0.24494700961642796
3 0.6478154182434082 0.8702999538845486 0.03452241718769074 0.03489831818474664