3 0.7899208545684815 0.8670249938964844 0.13628265857696534 0.10191937552558052
0 0.12832376956939698 0.6848093668619791 0.04496065080165863 0.1412681049770779
15 0.5415268421173096 0.8122701856825086 0.04763062596321106 0.10043591393364801
3 0.5897984981536866 0.8710311889648438 0.03681209087371826 0.04150051275889079
1 0.37078258991241453 0.7987069023980035 0.14727104902267457 0.12457406785753038
1 0.16952778100967408 0.808803219265408 0.1670999526977539 0.11946609285142687
7 0.8419369697570801 0.8623640272352431 0.2576296806335449 0.07660262849595811
1 0.24663784503936767 0.7672866821289063 0.0948067307472229 0.1537443690829807
10 0.03434877991676331 0.7431443108452691 0.03829440772533417 0.1741687986585829
13 0.6336260318756104 0.8545321994357639 0.14773668050765992 0.05156810548570421
3 0.6478207111358643 0.8703653971354167 0.03451383113861084 0.035219550132751465
11 0.05879143476486206 0.693624750773112 0.05201082229614258 0.2485229280259874