3 0.7898694038391113 0.8670345730251736 0.13630337715148927 0.10212006039089627
0 0.12755260467529297 0.6844806671142578 0.044421684741973874 0.14069126976860893
15 0.5414713859558106 0.8122895134819879 0.047652214765548706 0.10062759187486436
3 0.5897859573364258 0.871006096733941 0.03689271807670593 0.04179463651445177
1 0.37112090587615965 0.7968345642089844 0.14755046367645264 0.1272817505730523
1 0.16963289976119994 0.8092495388454861 0.16641662120819092 0.11991237004597982
7 0.8419929504394531 0.8623905605740018 0.25831568241119385 0.07684912681579589
1 0.2468858003616333 0.7673221164279513 0.09511845111846924 0.1555452028910319
10 0.03423494398593903 0.7429186503092448 0.03813600242137909 0.17391281127929686
13 0.6337379932403564 0.8546735127766927 0.1477355718612671 0.051595671971638994
3 0.6478363990783691 0.8703893873426649 0.03453415036201477 0.03538202444712321
11 0.058661860227584836 0.693663067287869 0.051361626386642455 0.24736141628689237