3 0.7898612976074219 0.8667334662543402 0.13595175743103027 0.1021890534294976
0 0.127508282661438 0.6838870578342013 0.044074660539627074 0.14292771021525066
15 0.5414687156677246 0.8123079935709635 0.04750158190727234 0.09927856657240126
3 0.5898368835449219 0.8710765414767795 0.03684157133102417 0.041715661684672035
1 0.17038862705230712 0.8100084940592448 0.1661189913749695 0.12145150502522786
1 0.37023890018463135 0.8001152886284723 0.14894192218780516 0.1265588124593099
7 0.8417767524719239 0.8625714619954427 0.256804084777832 0.07673266728719076
1 0.24743764400482177 0.7669710795084635 0.09517676830291748 0.15496558083428277
10 0.033964359760284425 0.7425054762098524 0.037631449103355405 0.17423518498738608
13 0.6332108974456787 0.8544969346788195 0.14865658283233643 0.05203924708896213
3 0.6476587295532227 0.8703214857313368 0.034595176577568054 0.03537931707170275
11 0.05831035375595093 0.6935672760009766 0.05046597719192505 0.2474400202433268