0 0.1283888816833496 0.6839347415500217 0.04613027274608612 0.14464645385742186
3 0.7897417545318604 0.866849856906467 0.13648431301116942 0.10173344082302517
15 0.5418993949890136 0.8125767178005643 0.048875874280929564 0.10075397491455078
3 0.589771842956543 0.87113037109375 0.03671997785568237 0.04155975182851156
1 0.36972804069519044 0.7969945271809896 0.1527090549468994 0.13111722734239367
1 0.1693779706954956 0.8088534884982639 0.16894831657409667 0.12255795796712239
1 0.2462991714477539 0.7676788330078125 0.09706327319145203 0.15594038433498805
7 0.8420103073120118 0.863053470187717 0.25922675132751466 0.07673610581292047
10 0.03408787250518799 0.7426394144694011 0.037771937251091 0.17705635494656033
13 0.6344350814819336 0.8548711988661024 0.14829730987548828 0.052398432625664605
3 0.6477507591247559 0.8699234856499566 0.03459586203098297 0.035384013917711045
11 0.056680166721343996 0.6911847008599176 0.04899910390377045 0.24311262766520184