3 0.7902427673339844 0.8673123677571615 0.13639074563980103 0.10146926244099935
0 0.12866437435150146 0.6849035474989149 0.04588375985622406 0.14046913782755535
15 0.542366886138916 0.8130953470865886 0.04929596483707428 0.10125648710462783
3 0.5899394035339356 0.8714040968153212 0.03710088133811951 0.041705097092522514
1 0.369783353805542 0.7970876905653211 0.15185528993606567 0.13009474012586805
1 0.16909382343292237 0.8106437683105469 0.16788959503173828 0.11942081451416016
7 0.841981029510498 0.8635119120279948 0.2591091156005859 0.07663134998745388
10 0.03387471437454224 0.7435267130533855 0.03822535276412964 0.17502158482869465
1 0.24715056419372558 0.7678851657443576 0.09736760854721069 0.1549701584710015
13 0.6347714424133301 0.8557090759277344 0.14896090030670167 0.051659350925021705
3 0.6479679107666015 0.869773186577691 0.034637197852134705 0.03581158320109049
11 0.05929454565048218 0.6934153238932291 0.049759629368782046 0.24817879994710287