3 0.7904984474182128 0.8672882927788629 0.13645278215408324 0.10124916500515407
0 0.1288307785987854 0.6847225613064236 0.0468533456325531 0.14129210578070747
15 0.5425586700439453 0.8126430935329861 0.048835039138793945 0.10102935367160373
3 0.5899123191833496 0.8714555528428819 0.03670834302902222 0.04129342238108317
1 0.16868081092834472 0.8090821160210504 0.16655564308166504 0.11969869401719835
1 0.36911609172821047 0.7980562845865885 0.1469355821609497 0.12886901431613498
1 0.24780771732330323 0.7676333957248264 0.09963822364807129 0.1595238579644097
7 0.8419254302978516 0.8636923048231336 0.2584699630737305 0.07619877921210395
10 0.03355867266654968 0.7434340582953559 0.03775291442871094 0.1752439710828993
13 0.634959602355957 0.8553834703233507 0.1489442467689514 0.052168189154730905
3 0.6480756759643554 0.8697649637858073 0.03484697639942169 0.03575743304358588
11 0.05664507150650024 0.6912357754177517 0.04799201488494873 0.24081779056125216