3 0.790344524383545 0.8673878139919705 0.13606350421905516 0.10071659088134766
0 0.12783384323120117 0.6817359500461154 0.04847195744514465 0.15186162524753147
15 0.542786979675293 0.8128982543945312 0.048418575525283815 0.10055071512858073
3 0.5898328304290772 0.8713834126790364 0.03565549552440643 0.04010214010874431
1 0.16813056468963622 0.8095649719238281 0.17040908336639404 0.11804335912068685
1 0.36838512420654296 0.798915778266059 0.1459483027458191 0.12221319410536025
1 0.2476264715194702 0.7677097744411893 0.10826208591461181 0.15867849985758464
7 0.8423214912414551 0.8640390184190538 0.2594869613647461 0.07613176239861383
10 0.033231353759765624 0.7428764343261719 0.038604524731636045 0.17409390343560113
13 0.6352685928344727 0.8552242702907986 0.14875059127807616 0.05169721179538303
11 0.0573746919631958 0.6911541408962674 0.04951665997505188 0.2422669940524631
3 0.6477613925933838 0.8693265279134115 0.03502591848373413 0.03590701950920953