3 0.9241215705871582 0.6601731194390191 0.06636483073234559 0.05696463584899902
1 0.20715005397796632 0.6452397664388021 0.10253221988677978 0.0836351129743788
1 0.11188790798187256 0.6502368503146702 0.11143461465835572 0.09099210103352864
4 0.9220052719116211 0.6427339765760633 0.07049100995063781 0.06702053281995986
13 0.22407102584838867 0.5148887210422092 0.08702784776687622 0.035055653254191084
15 0.6296908378601074 0.6587670644124349 0.025932279229164124 0.05742063522338867
7 0.4636125087738037 0.6737521277533637 0.10653589963912964 0.03713055451711019
12 0.1956641435623169 0.6142339070638021 0.020725202560424805 0.03551335599687364
0 0.04720093309879303 0.6166960398356119 0.030190789699554445 0.14007556703355578
3 0.7318045616149902 0.6641353183322483 0.03650897741317749 0.03710225158267551
9 0.09773289561271667 0.6066946241590712 0.019972166419029234 0.022832377751668295