3 0.9241278648376465 0.6601375155978733 0.06643890738487243 0.05686853726704915
1 0.20715048313140869 0.6453961690266927 0.10239129066467285 0.08364439540439182
1 0.11162103414535522 0.6499029371473525 0.11171221733093262 0.09131858613755968
4 0.9220170021057129 0.6426607767740885 0.07054678201675416 0.06697536044650608
15 0.6298412322998047 0.6587588840060764 0.02596140205860138 0.057905991872151695
13 0.21781497001647948 0.5131918165418837 0.08816745281219482 0.035116651323106554
7 0.46361737251281737 0.6737414042154948 0.10658570528030395 0.037069932619730635
12 0.1956725835800171 0.6143310123019748 0.020597606897354126 0.03562747637430827
0 0.04723738133907318 0.6167036268446181 0.030584308505058288 0.14096780353122287
3 0.7317682266235351 0.6640983157687717 0.036616957187652587 0.037199256155225964
9 0.09816069602966308 0.6069088406032986 0.01889568269252777 0.02217883931265937