3 0.9241390228271484 0.6601936764187283 0.06682929992675782 0.0565003236134847
1 0.20758531093597413 0.646067386203342 0.10079431533813477 0.0847629017300076
1 0.11199508905410767 0.6503147549099393 0.11208517551422119 0.09128953086005318
15 0.6297488689422608 0.6589679718017578 0.025901484489440917 0.058358420266045465
4 0.9220691680908203 0.6426843007405599 0.07030799984931946 0.0663523726993137
13 0.20368673801422119 0.5136543697781033 0.0902802050113678 0.03670683172014025
12 0.19592868089675902 0.6136773427327474 0.019975435733795167 0.0360939343770345
7 0.4637784481048584 0.6737442440456815 0.10654877424240113 0.03725976414150662
0 0.0479347437620163 0.6166864607069228 0.0314577043056488 0.13918885125054253
3 0.7317832946777344 0.6640394846598308 0.036729609966278075 0.037490842077467175
9 0.0986894428730011 0.6083601633707683 0.018425145745277406 0.02137944433424208