3 0.9241482734680175 0.6603063795301649 0.06657829284667968 0.056817123625013566
1 0.2085883855819702 0.646278805202908 0.10158090591430664 0.08468213081359863
1 0.1119027853012085 0.6503882937961154 0.11064425706863404 0.09197085698445638
4 0.9220392227172851 0.6428334554036458 0.07050101757049561 0.06683286031087239
15 0.6300184726715088 0.6591000027126737 0.026222994923591612 0.058864556418524845
7 0.46402435302734374 0.6737442440456815 0.10701172351837158 0.03677176634470622
12 0.1957537055015564 0.6138941446940104 0.02107313871383667 0.03767269187503391
13 0.1901139497756958 0.5181824154324002 0.08310095071792603 0.04254209730360243
0 0.047841551899909976 0.6166983710394965 0.03190848529338837 0.13936666912502713
3 0.7317853927612304 0.6640616522894965 0.03675159215927124 0.037342071533203125
9 0.09777121543884278 0.6079327053493924 0.01800292432308197 0.02096689542134603