3 0.9241300582885742 0.6602877298990886 0.06670325994491577 0.05671195983886719
1 0.20874805450439454 0.6464840783013238 0.10274226665496826 0.08356851471794977
1 0.11186809539794922 0.6503679911295573 0.10944976806640624 0.09251443015204536
15 0.6301360607147217 0.6589520772298177 0.025856968760490418 0.05916788313123915
4 0.9220193862915039 0.6428031497531467 0.07024025321006774 0.06663100454542371
13 0.18620258569717407 0.5208794911702473 0.07971572279930114 0.04498350885179308
7 0.4639423847198486 0.6736782921685113 0.10644994974136353 0.03675353791978624
12 0.1956287145614624 0.6140235053168402 0.021493947505950926 0.038177922036912705
0 0.04856228232383728 0.6166948530409071 0.03216521739959717 0.1394418610466851
3 0.7317572593688965 0.6642131805419922 0.03672398924827576 0.03724774254692925
9 0.09735125899314881 0.6087647755940755 0.018985873460769652 0.020636789004007974