3 0.9241472244262695 0.6601966434054904 0.06682285070419311 0.056621180640326604
1 0.20845332145690917 0.6467769198947483 0.10354645252227783 0.08299975925021702
1 0.11177480220794678 0.6506299336751302 0.10945717096328736 0.09299495485093859
15 0.6303290367126465 0.6593528323703342 0.02587258815765381 0.059013250139024524
4 0.9220306396484375 0.6426922268337674 0.07033734321594239 0.06645403967963324
7 0.46390199661254883 0.6736990186903212 0.10666956901550292 0.03698471122317844
13 0.1837671399116516 0.5266308254665799 0.0805886447429657 0.0516754150390625
12 0.19565043449401856 0.6144669002956814 0.022465509176254273 0.03701528973049588
0 0.04901377856731415 0.6166823069254558 0.03210921287536621 0.1378541416592068
3 0.7317437648773193 0.6642960442437066 0.03682887256145477 0.03717736403147379
9 0.09558889269828796 0.6100596957736545 0.026120299100875856 0.026506283548143175