3 0.9241376876831054 0.6602185991075303 0.06681958436965943 0.05675308969285753
1 0.20804355144500733 0.6468961079915364 0.1039003849029541 0.08248415523105197
1 0.11174384355545045 0.6505200703938802 0.1091760516166687 0.09365854263305665
4 0.9219943046569824 0.642642084757487 0.07040808200836182 0.06662064128451878
15 0.6301608562469483 0.6592634836832683 0.025507786870002748 0.05846165551079644
7 0.4638234615325928 0.6736993577745226 0.10672812461853028 0.036893852551778156
13 0.18229382038116454 0.5288252936469184 0.07892045378684998 0.0514840284983317
12 0.19559086561203004 0.614483896891276 0.022938331961631774 0.03680413564046224
3 0.7317704200744629 0.664247555202908 0.036696749925613406 0.03705224461025662
0 0.04933270215988159 0.6166785346137152 0.032237154245376584 0.13767002953423393
9 0.09542647004127502 0.610064697265625 0.026627856492996215 0.026314756605360243