3 0.9241501808166503 0.6601595136854383 0.06702355146408082 0.05669535001118978
1 0.20738000869750978 0.646987787882487 0.10450484752655029 0.08247895770602756
1 0.1114338755607605 0.650225575764974 0.10767805576324463 0.09497319327460395
4 0.9220381736755371 0.6424506293402777 0.07021088004112244 0.06618229548136394
15 0.630125617980957 0.6591409047444662 0.025191861391067504 0.058701409233940974
7 0.46374735832214353 0.6736891852484809 0.10659552812576294 0.03700367079840766
9 0.09337245225906372 0.6100208282470703 0.028319218754768373 0.026538337601555717
13 0.18135303258895874 0.5368611653645833 0.07337863445281982 0.062457635667588975
3 0.7317548274993897 0.664336437649197 0.03691812157630921 0.03717281288570828
0 0.0495887815952301 0.6171652052137587 0.032723233103752136 0.1383466296725803
12 0.1948924779891968 0.6148501502143012 0.022370898723602296 0.03366403314802382