3 0.9241281509399414 0.6601772732204861 0.06696416139602661 0.056716208987765845
1 0.20713212490081787 0.646453136867947 0.1047512412071228 0.08261924319797093
1 0.11124775409698487 0.65000974867079 0.10683462619781495 0.09511868158976237
4 0.9220253944396972 0.6424840291341146 0.07032573223114014 0.06623203489515517
15 0.6298121929168701 0.6587849934895833 0.0253312349319458 0.059385458628336586
7 0.46390910148620607 0.673685794406467 0.10608396530151368 0.0373000701268514
3 0.7317766189575196 0.6642865075005425 0.03702088892459869 0.03722134696112739
0 0.04986076056957245 0.6171324835883246 0.03301280736923218 0.13967003292507596
12 0.19500327110290527 0.6148779975043402 0.021438202261924742 0.033325317170884876
9 0.09199790954589844 0.6102312723795573 0.02566295862197876 0.026000441445244684
13 0.18032079935073853 0.5379757351345487 0.07076236605644226 0.07063025898403591