3 0.924131965637207 0.6600713941786024 0.0668297529220581 0.056494649251302084
1 0.2069694995880127 0.6459732055664062 0.10432616472244263 0.08240483072068956
1 0.11134697198867798 0.6503019544813368 0.10534557104110717 0.09471007453070747
4 0.9220327377319336 0.6424249013264974 0.07023943662643432 0.06598065694173177
15 0.6297541618347168 0.6588637881808811 0.02532423138618469 0.05887200037638347
7 0.46402626037597655 0.6736682044135199 0.10593137741088868 0.037372223536173504
3 0.7317733287811279 0.664294179280599 0.03698014914989471 0.03722596433427599
0 0.04957343637943268 0.6183442857530382 0.03301633894443512 0.13761986626519096
12 0.19489028453826904 0.6149798499213325 0.020599500834941865 0.03207752969529894
9 0.09008010625839233 0.6081542544894748 0.027570870518684388 0.030618193414476184
13 0.18015278577804567 0.5443897247314453 0.06611125469207764 0.06988345781962077