1 0.17372263669967652 0.6577676561143663 0.09994720220565796 0.08842092620001898
4 0.9600869178771972 0.6489083184136285 0.07222890853881836 0.06530985302395291
1 0.07301359176635742 0.6656767103407119 0.12250216007232666 0.10548984739515517
9 0.045141303539276124 0.6184154086642795 0.0324212372303009 0.04098546769883898
13 0.28619325160980225 0.5297516716851128 0.08549449443817139 0.039683583047654895
3 0.7530696392059326 0.6793889363606771 0.061874181032180786 0.054270670149061416
9 0.6806752681732178 0.6503387027316623 0.024021996557712554 0.10546570883856879
3 0.9607439994812011 0.6772596995035808 0.07440025210380555 0.058229393429226346
12 0.16553709506988526 0.6264457278781467 0.013206478953361512 0.03473764260609945
0 0.010773690044879913 0.629518551296658 0.01870770752429962 0.15209151373969185
5 0.7047226905822754 0.6556695726182725 0.014796453714370727 0.10354461669921874
9 0.6559714794158935 0.6550579494900174 0.017922568321228027 0.10863112343682182
8 0.6360062599182129 0.6511880238850911 0.01987202763557434 0.11761764950222439