1 0.17406286001205445 0.6564924875895183 0.09984198808670045 0.09195404052734375
4 0.9600871086120606 0.6489497290717231 0.0722249448299408 0.06524949603610569
1 0.07307299375534057 0.6658121744791666 0.12255427837371827 0.10680410597059461
13 0.2941428661346436 0.5288138919406467 0.08907761573791503 0.04004599253336589
9 0.0453317791223526 0.61825074089898 0.03268013000488281 0.04155506822797987
3 0.7529399394989014 0.679448954264323 0.061768776178359984 0.05432159635755751
9 0.6807184219360352 0.6503963470458984 0.023997876048088073 0.1054953998989529
12 0.16562896966934204 0.6264835781521267 0.018172550201416015 0.036782108412848576
3 0.9607438087463379 0.6773172590467665 0.07440423965454102 0.05812045733133952
0 0.010885734856128693 0.6293605380588108 0.018753467500209807 0.15174246893988716
5 0.7047637939453125 0.6557114071316189 0.014844098687171936 0.10353260040283203
9 0.6560046672821045 0.6550771077473958 0.01790083050727844 0.1085878160264757
8 0.636033296585083 0.6512263827853733 0.01975647807121277 0.11762403912014431