1 0.17511425018310547 0.658988528781467 0.10493464469909668 0.08519083129035102
4 0.9601102828979492 0.6489605373806424 0.0723712146282196 0.06530368593004014
1 0.07303701639175415 0.6661568111843533 0.12204793691635132 0.10627824995252821
9 0.04559876918792725 0.6185686747233073 0.032600849866867065 0.041465629471672906
13 0.3293301105499268 0.5210491604275174 0.09144035577774048 0.04096794393327501
12 0.16604918241500854 0.627143817477756 0.02039134204387665 0.04093733098771837
3 0.7529421806335449 0.6794449700249566 0.0616437017917633 0.054285282558865014
9 0.6805095672607422 0.6502994961208768 0.024193012714385988 0.10506258010864258
3 0.9607611656188965 0.677249018351237 0.07448515295982361 0.05796622700161404
5 0.7047583580017089 0.6556250254313151 0.014901635050773621 0.10370376374986437
0 0.01080503612756729 0.6297912173800998 0.018703830242156983 0.1501380072699653
9 0.6560420036315918 0.6550242953830295 0.017925271391868593 0.10803594589233398
8 0.6360571384429932 0.6511857350667317 0.02024303376674652 0.1167657216389974