1 0.17436164617538452 0.6597809261745877 0.10318828821182251 0.08384618759155274
4 0.9600978851318359 0.6489615970187717 0.0723281443119049 0.06526877085367838
1 0.07293838858604432 0.6662789662679036 0.12183150053024291 0.10560344060262045
9 0.045910775661468506 0.6186881595187717 0.03257697522640228 0.0416941934161716
3 0.7528896808624268 0.679416995578342 0.061648893356323245 0.05444690916273329
12 0.1667436957359314 0.6272891574435764 0.020664550364017487 0.04199865129258898
9 0.6804956436157227 0.650334718492296 0.02415069043636322 0.10519214206271701
13 0.3413527488708496 0.5185794406467014 0.09037380814552307 0.04338340759277344
3 0.9607579231262207 0.6772850884331597 0.07445937991142274 0.05802080366346571
5 0.704766845703125 0.6555696275499132 0.01489579975605011 0.10398459964328342
0 0.010644923150539397 0.6300844404432508 0.018619947135448456 0.14907973607381184
8 0.6361937046051025 0.6511360592312283 0.02024724930524826 0.11658555136786566
9 0.6560230731964112 0.6550117068820529 0.01778898388147354 0.1079660521613227