4 0.9601229667663574 0.6492077297634549 0.07248287796974182 0.06488976478576661
1 0.17344729900360106 0.6599338107638889 0.10388470888137817 0.08311159345838759
1 0.07288975715637207 0.6663233439127604 0.12143292427062988 0.10603774388631185
13 0.39824533462524414 0.529839113023546 0.08650810718536377 0.04572614034016927
9 0.045904481410980226 0.6186209360758463 0.03227126598358154 0.04138047960069444
3 0.7529393196105957 0.679424540201823 0.06163300275802612 0.05420414076911079
9 0.6805784702301025 0.6504539913601346 0.024224118888378145 0.10640517340766059
3 0.9607282638549804 0.6772921668158637 0.07464547157287597 0.05809721416897244
12 0.16748536825180055 0.6269798278808594 0.022233644127845766 0.041824955410427515
0 0.010630010068416596 0.6294002532958984 0.018424196541309355 0.15329921510484484
5 0.7048879623413086 0.6555653042263455 0.014935402572154999 0.10474747551812066
9 0.6559592247009277 0.6550279405381945 0.018003098666667938 0.10892746183607313
8 0.6359808444976807 0.6510066562228732 0.019920143485069274 0.11760230594211155