4 0.9601380348205566 0.6492703755696615 0.07229319214820862 0.06490000089009602
1 0.07281551361083985 0.6660907321506077 0.12159664630889892 0.10626843770345053
1 0.17289230823516846 0.6575279235839844 0.10207393169403076 0.08579496277703179
13 0.41538114547729493 0.5491330040825738 0.09309200048446656 0.04095339775085449
9 0.04541668891906738 0.6184626261393229 0.03196547031402588 0.04177606370713976
3 0.7530885696411133 0.6794962141248915 0.061638885736465455 0.054142162534925674
12 0.16701529026031495 0.626477305094401 0.02143937200307846 0.04079582161373562
9 0.6805473327636719 0.6504963768853081 0.024495595693588258 0.1058198610941569
3 0.9607418060302735 0.6774337344699436 0.07451895475387574 0.05811618698967828
0 0.010625109821558 0.6291294097900391 0.018568603694438933 0.154925537109375
5 0.7049961090087891 0.6555018954806857 0.014971570670604705 0.10456115934583876
9 0.6559749126434327 0.6550524817572699 0.01828712075948715 0.10698252783881293
8 0.6360060691833496 0.6512060377332899 0.020407906174659728 0.11573609246148003