4 0.9601436614990234 0.6492606268988715 0.07236987948417664 0.06484813160366482
1 0.0727695107460022 0.6661800808376737 0.12098842859268188 0.10609028074476454
1 0.17315032482147216 0.6571832444932726 0.10109684467315674 0.08646517329745823
9 0.045619630813598634 0.6185409969753689 0.031924965977668765 0.041706487867567275
3 0.7529774188995362 0.6795981089274089 0.06182222962379456 0.054208898544311525
9 0.6806267738342285 0.6505724165174697 0.024390213191509247 0.1065061993069119
3 0.9607559204101562 0.6774049970838759 0.07454221844673156 0.058142905765109595
12 0.16670114994049073 0.6264203389485677 0.020900848507881164 0.04047168890635173
0 0.010629650205373764 0.6294743008083767 0.018449606001377107 0.15392915937635634
5 0.7050265312194824 0.6554720984564887 0.014968030154705048 0.10474871529473198
9 0.6558953285217285 0.6550707075330946 0.018178278207778932 0.10818799336751302
8 0.6359987735748291 0.6512994554307726 0.020317183434963228 0.11647878222995334
13 0.4239338874816895 0.5558779822455512 0.08676111102104186 0.039580583572387695