4 0.9600997924804687 0.649124272664388 0.07224160432815552 0.06480631828308106
1 0.07295287251472474 0.6653009202745226 0.12237504720687867 0.10735241572062175
1 0.17212605476379395 0.6553191714816623 0.09686171412467956 0.09050301445855034
9 0.044923332333564756 0.6182955423990886 0.03201864361763 0.04327640268537733
3 0.7532923221588135 0.679570558336046 0.061637067794799806 0.05433339012993706
12 0.16524170637130736 0.6252165900336372 0.020919114351272583 0.03991296026441786
3 0.960718822479248 0.6773448520236545 0.07446186542510987 0.05814231236775716
9 0.6805595874786377 0.6504338582356771 0.02421693354845047 0.10614263746473525
0 0.010633397847414017 0.6284659067789714 0.018396645784378052 0.16018441518147786
5 0.7050379753112793 0.6554826524522569 0.014864590764045716 0.10443866517808702
9 0.6559126853942872 0.6550106472439237 0.018272781372070314 0.10909339057074653
8 0.635670280456543 0.6513130611843533 0.020113465189933778 0.11589330037434896
13 0.4508662223815918 0.5924679650200738 0.07790027856826783 0.040739011764526364