4 0.9600660324096679 0.6490414089626736 0.07228778600692749 0.06534371376037598
1 0.07270313501358032 0.6648685879177517 0.12076103687286377 0.10773656633165148
1 0.1710444450378418 0.6523952060275607 0.1016733169555664 0.09015065299140082
12 0.16466186046600342 0.6249059465196397 0.020321874320507048 0.03917958206600613
9 0.044869336485862735 0.6181674533420138 0.032033059000968936 0.043525605731540254
3 0.7533636569976807 0.6796376122368707 0.061669456958770755 0.054753091600206166
3 0.9607221603393554 0.677211422390408 0.07432419061660767 0.058196740680270725
9 0.680517578125 0.6502525753445095 0.023782536387443542 0.10617561340332031
13 0.47118501663208007 0.6192541334364149 0.08129158616065979 0.03797894318898519
0 0.010622542351484299 0.6281442430284289 0.018240207433700563 0.16337047153049045
5 0.7048136711120605 0.655377451578776 0.014757184684276581 0.10431897905137803
9 0.6558360576629638 0.6548805236816406 0.01781029850244522 0.10933489269680446
8 0.6358837604522705 0.6511606004503038 0.019552423059940337 0.1155865987141927