4 0.9600500106811524 0.6490796830919053 0.0723949134349823 0.06525647905137803
1 0.07283273935317994 0.6644433339436849 0.12149513959884643 0.10874340269300672
1 0.17101444005966188 0.6522121853298611 0.1011989951133728 0.0912071016099718
12 0.16440401077270508 0.6247364891899957 0.020309418439865112 0.03885813554128011
3 0.7534374713897705 0.6795956081814236 0.06130654215812683 0.054977904425726996
9 0.04492968916893005 0.6180104573567708 0.03309967517852783 0.04386923842959934
9 0.6804605484008789 0.6502160390218099 0.02377181351184845 0.105558533138699
3 0.9607284545898438 0.6772246890597873 0.07432240843772889 0.05818966759575738
0 0.01058594211935997 0.6277383592393663 0.018052099645137785 0.16702198452419706
5 0.7047293186187744 0.6554410298665364 0.014729541540145875 0.10405314763387044
8 0.6361091136932373 0.6508077833387587 0.01946270763874054 0.11535793940226237
9 0.6559202671051025 0.6547892676459418 0.017535226047039033 0.10965650346544054
13 0.4788834571838379 0.6292223188612196 0.08432987332344055 0.045568455590142144