4 0.9600574493408203 0.6490655687120226 0.07237954139709472 0.06538918813069662
1 0.0731507658958435 0.6644270579020183 0.12211055755615234 0.10925259060329862
1 0.17110886573791503 0.6519032796223958 0.10112673044204712 0.09060037400987413
12 0.1644331693649292 0.6251315646701389 0.020265299081802367 0.03903655211130778
3 0.7523431301116943 0.6783393012152777 0.05426057577133179 0.04832857979668511
9 0.6805300235748291 0.6499586317274305 0.02314288020133972 0.10659224192301432
3 0.9607251167297364 0.6773306104871962 0.0739605188369751 0.05836009449428982
9 0.045048987865448 0.6178045908610026 0.0334358274936676 0.04383259879218208
13 0.4900196075439453 0.6514625973171658 0.08634546399116516 0.04898848533630371
0 0.010595397651195526 0.627631590101454 0.01801416426897049 0.1665581809149848
5 0.7045608043670655 0.6554158952501085 0.014532905817031861 0.10303021536933052
8 0.6362695693969727 0.6508850521511502 0.019066466391086577 0.11459324094984266
9 0.6556911468505859 0.6547272152370877 0.01724984645843506 0.10994686550564237