4 0.9600126266479492 0.6490220387776693 0.07264572978019715 0.06580639415317112
1 0.07325439453125 0.6645670572916667 0.12245211601257325 0.10925728480021159
1 0.17104411125183105 0.6518118964301215 0.09966374635696411 0.09236894183688693
12 0.16413798332214355 0.6249860551622178 0.020380453765392305 0.03832302888234456
3 0.7523393154144287 0.6782292683919271 0.05425668358802795 0.0483452320098877
9 0.6805491924285889 0.6499224344889323 0.023065513372421263 0.10654128392537435
3 0.9607266426086426 0.6773665110270183 0.07405824661254883 0.05836706161499024
9 0.04497575759887695 0.6177638583713108 0.033530277013778684 0.04381720225016276
13 0.4951494216918945 0.658291753133138 0.0948963224887848 0.04911831219991048
0 0.010602336376905441 0.627659183078342 0.017981863021850585 0.16676385667588975
5 0.7044396877288819 0.6553831312391493 0.014587917923927307 0.1029362678527832
8 0.6361227035522461 0.6506463368733724 0.01925130784511566 0.11327488157484267
9 0.6557255268096924 0.6546630859375 0.017166683077812196 0.10972702238294814