13 0.5137224674224854 0.6886594136555989 0.09905272126197814 0.0497292783525255
4 0.9600350379943847 0.6491038004557291 0.07227306365966797 0.06558614836798773
1 0.07350850105285645 0.6645845625135633 0.1237447738647461 0.10949921078152126
1 0.17092007398605347 0.6513928731282552 0.09887128472328185 0.09405707253350151
12 0.16337608098983764 0.6240944332546658 0.02131488025188446 0.038925072881910536
3 0.9607178688049316 0.6774168650309245 0.07345391511917114 0.05858871142069499
9 0.6803101539611817 0.6493033938937717 0.02300281673669815 0.10684150060017904
3 0.7524144172668457 0.6771685282389323 0.05446550250053406 0.04822392993503147
9 0.04482997953891754 0.6176373799641927 0.0347930759191513 0.04412462976243761
0 0.01045631691813469 0.627542241414388 0.017854610085487367 0.16831823984781902
8 0.6363214969635009 0.6497159745958117 0.019797977805137635 0.11259694629245334
5 0.7045653343200684 0.6552193959554037 0.014857381582260132 0.10202107959323459
9 0.6555824756622315 0.6544975704616971 0.016915567219257355 0.10835631688435872