1 0.0733330249786377 0.6647366417778863 0.12451207637786865 0.10984981324937608
4 0.9600592613220215 0.6490793016221789 0.07212197780609131 0.06470496919420031
13 0.5117732048034668 0.6897182888454861 0.09536598920822144 0.049972931543986
1 0.17076294422149657 0.6515282948811849 0.09916853904724121 0.09433237711588542
12 0.163069748878479 0.6241360982259114 0.021115987002849577 0.03783584435780843
3 0.960748291015625 0.6773760901557074 0.07385259866714478 0.05847788386874729
9 0.6797538757324219 0.6491803487141927 0.023034867644309998 0.10628930197821723
3 0.7524477958679199 0.6772735171847873 0.05434592962265015 0.04828537835015191
9 0.044967904686927795 0.6176656511094835 0.03514283299446106 0.04456754790412055
8 0.6367244243621826 0.6495118882921007 0.019657449424266817 0.11078883277045357
0 0.010540178418159485 0.6275733100043402 0.017790848016738893 0.16900197135077583
5 0.7048346519470214 0.6551676856146919 0.01476319134235382 0.10129610697428386
9 0.6557029724121094 0.6544227176242404 0.01659320294857025 0.10858284632364909