13 0.5123342990875244 0.6904337565104167 0.09939431548118591 0.04954764578077528
4 0.9600555419921875 0.6490230984157986 0.072306227684021 0.06497742335001627
1 0.07336313724517822 0.6648439619276258 0.12448254823684693 0.10985937118530273
1 0.17085106372833253 0.6517750210232205 0.09983141422271728 0.09452052646213108
12 0.16298117637634277 0.6241778055826823 0.021283060312271118 0.0383565452363756
3 0.7538628101348877 0.6788971371120877 0.06189244389533997 0.05608235465155707
3 0.9607470512390137 0.6769812689887152 0.07379822731018067 0.05767313109503852
9 0.679987907409668 0.6491135915120443 0.023289623856544494 0.10625496970282661
9 0.04494413137435913 0.6177409278021918 0.03493649363517761 0.04451362291971842
8 0.6361501216888428 0.6493151770697699 0.02026471495628357 0.11062804328070747
0 0.010563471168279649 0.6276153988308377 0.0177845299243927 0.16962015363905164
5 0.7048120975494385 0.6551758660210504 0.015055344998836517 0.1007724232143826
9 0.6555707454681396 0.6544629414876302 0.017086075246334077 0.10809347364637586