13 0.5118602752685547 0.6902520497639973 0.09899035692214966 0.05022066964043511
1 0.0733670711517334 0.664884524875217 0.12420146465301514 0.10985538694593641
4 0.9600969314575195 0.6490806155734592 0.07185682654380798 0.06495309405856663
1 0.17093703746795655 0.6517696380615234 0.10004805326461792 0.09413866466946072
12 0.16280680894851685 0.6241872151692708 0.021152284741401673 0.03826580577426487
3 0.7538601875305175 0.6785121493869357 0.0627604067325592 0.05593734847174751
3 0.9607414245605469 0.6767520904541016 0.07335910797119141 0.05794012281629774
9 0.6798261642456055 0.6490780300564236 0.02352367341518402 0.10577886369493272
9 0.0449960470199585 0.6177458021375868 0.03485962152481079 0.04443743758731418
8 0.6359142780303955 0.6492449018690322 0.020316393673419954 0.11300711101955838
0 0.010553817451000213 0.6276573605007596 0.01778212934732437 0.16989756690131294
5 0.7047366142272949 0.6550451914469401 0.014922966063022614 0.10104284286499024
9 0.6553473949432373 0.654485109117296 0.017817091941833497 0.10539432101779514