4 0.9600326538085937 0.6490744272867839 0.07248994708061218 0.06614824930826822
13 0.5107225894927978 0.6903928968641493 0.1010602593421936 0.05099017355177138
1 0.07332513332366944 0.6649367862277561 0.1243329644203186 0.10986866421169705
1 0.1709834575653076 0.6517428080240886 0.09993512630462646 0.0938373671637641
12 0.16268649101257324 0.6242003970675998 0.0209684282541275 0.038054548369513615
3 0.7525244235992432 0.6776476542154948 0.06220043301582336 0.05628167258368598
3 0.9606918334960938 0.6765425788031684 0.07305660247802734 0.05774189101325141
9 0.6801558017730713 0.6487579345703125 0.023617036640644073 0.1047960917154948
9 0.04493704736232758 0.6177777184380425 0.035012158751487735 0.04462905459933811
8 0.6365582466125488 0.6487556881374783 0.02059408724308014 0.10600367652045356
0 0.010487139970064164 0.6277215321858723 0.017775923013687134 0.17011181513468424
5 0.7045066356658936 0.6550603654649523 0.015253609418869019 0.10169544219970703
9 0.6553610801696778 0.6543265448676215 0.018314972519874573 0.10412927203708225