4 0.9598941802978516 0.6495390150282118 0.07348002195358276 0.06778712802463108
1 0.07329234480857849 0.6648910098605686 0.12425159215927124 0.1095693588256836
13 0.5117946147918702 0.6906363169352213 0.10384297370910645 0.05006875991821289
1 0.1711351156234741 0.6516587151421441 0.09947549104690552 0.09335238138834635
12 0.16299836635589598 0.6240943484836154 0.021173879504203796 0.038283189137776695
3 0.7520283699035645 0.676669184366862 0.05683278441429138 0.04784308009677463
3 0.9605022430419922 0.675994873046875 0.07275227308273316 0.057673438390096025
9 0.0449752151966095 0.6177793290879992 0.03477506041526794 0.04457432428995768
8 0.6361310005187988 0.6495894114176433 0.01914188116788864 0.10844605763753255
0 0.010433103144168853 0.6277386135525174 0.01769777834415436 0.17081976996527778
9 0.6811147689819336 0.6471573299831814 0.02278234213590622 0.10283873875935873
5 0.7049306869506836 0.655233637491862 0.014285823702812195 0.09490069283379449
9 0.6549605846405029 0.6543163723415799 0.018367546796798705 0.09987601174248589