4 0.9595094680786133 0.6511440277099609 0.07800176739692688 0.07152841356065538
1 0.07311639189720154 0.6648820665147569 0.1234355092048645 0.10931628545125326
1 0.17107138633728028 0.6512784322102865 0.0995320975780487 0.09111718071831597
13 0.5150560855865478 0.6930157131618924 0.09443529844284057 0.044759342405531144
12 0.16335302591323853 0.6243062761094835 0.020899781584739686 0.03755387730068631
3 0.751972770690918 0.677070066663954 0.059319567680358884 0.056279865900675456
9 0.04499889016151428 0.6178401099310981 0.034569448232650755 0.04452308019002279
3 0.9598417282104492 0.6750183529324002 0.07433581352233887 0.05784788131713867
0 0.010351381450891494 0.6277186075846354 0.01769115626811981 0.17085884941948784
8 0.6358643054962159 0.6502399020724826 0.016024065017700196 0.11583579381306966
5 0.6811233043670655 0.6464780595567491 0.020382894575595854 0.10146857367621528
9 0.6548567771911621 0.6543873680962456 0.01729830801486969 0.09890658060709635
9 0.6811233043670655 0.6464780595567491 0.020382894575595854 0.10146857367621528