4 0.9587477684020996 0.6526145511203342 0.08311898708343506 0.07813578181796604
1 0.07309727668762207 0.6647819095187717 0.12266459465026855 0.10941044489542644
1 0.17119548320770264 0.6506146325005425 0.09831969738006592 0.091310363345676
13 0.5157668590545654 0.6934273189968533 0.09441595673561096 0.04271914694044325
5 0.6789025783538818 0.6414992862277561 0.015964321792125702 0.10006118350558811
12 0.1626925587654114 0.6238639407687717 0.020653264224529268 0.03772266970740424
3 0.7516936302185059 0.6761419932047527 0.058674460649490355 0.055424070358276366
9 0.04498389959335327 0.6175046708848742 0.035034584999084475 0.044355564647250705
9 0.6559776306152344 0.6497980329725478 0.019761234521865845 0.08579258388943142
0 0.010189041495323181 0.6280344645182292 0.01782812029123306 0.16927117241753473
8 0.6400938987731933 0.6475622812906902 0.00974644124507904 0.09810337490505643
3 0.9591816902160645 0.6703539530436198 0.07553504705429077 0.05901577207777235