4 0.958736515045166 0.6526018778483073 0.08292256593704224 0.07779297828674317
1 0.07312819361686707 0.6647764841715494 0.12250559329986573 0.10938194062974718
1 0.1710490584373474 0.6506707085503473 0.09844500422477723 0.0911484612358941
13 0.5160583972930908 0.6935437520345052 0.09524677991867066 0.04243821567959256
5 0.6793553352355957 0.6417372385660808 0.016513288021087646 0.09697370529174805
12 0.16282892227172852 0.624018563164605 0.02074379473924637 0.03780306975046794
3 0.7513304233551026 0.6762583838568793 0.057740360498428345 0.05588622093200683
9 0.044956862926483154 0.617515606350369 0.03505251407623291 0.0443648894627889
9 0.6560234546661377 0.6500901540120443 0.018184982240200043 0.0865034368303087
0 0.01019444242119789 0.6280798170301649 0.01782895028591156 0.16939936743842232
3 0.9591897964477539 0.6706734127468533 0.07550143599510192 0.05894099341498481
8 0.6465725421905517 0.6482618967692058 0.009619247168302536 0.09661755032009549