4 0.9587396621704102 0.6525674608018663 0.0826815903186798 0.07749312188890245
1 0.07310211062431335 0.6647143893771701 0.12264448404312134 0.10927095413208007
1 0.17095040082931517 0.6507111019558377 0.09835966825485229 0.09124942355685764
13 0.5157021522521973 0.6934827592637803 0.09539051055908203 0.04223611884646945
12 0.1631397485733032 0.6239308251274956 0.021266457438468934 0.038275276290045845
5 0.679296875 0.6417421129014756 0.01615533381700516 0.09588026470608181
9 0.6557384014129639 0.6489388359917535 0.018436507880687715 0.08840014139811198
9 0.04488739967346191 0.6175463782416449 0.03504812717437744 0.04446188608805338
3 0.7517753601074219 0.6766624450683594 0.05731360912322998 0.04667224354214138
0 0.01019618958234787 0.6280342525906033 0.017806264758110046 0.169762388865153
3 0.9592464447021485 0.6708862728542752 0.07517933249473571 0.05904421806335449
8 0.6501707553863525 0.6473648495144314 0.010045488178730012 0.09786308076646592