1 0.07308309078216553 0.6645892673068576 0.12256110906600952 0.10902360280354818
1 0.17107055187225342 0.6508778889973958 0.09886612892150878 0.09049979315863715
4 0.9588226318359375 0.6531870524088542 0.0813493013381958 0.08245090378655327
13 0.5149611473083496 0.6931449042426215 0.09469174146652222 0.0460446039835612
3 0.7525845527648926 0.6773172166612413 0.056412672996520995 0.0554948541853163
12 0.1627119541168213 0.6239754994710286 0.020481021702289583 0.03832277721828885
5 0.6809940338134766 0.6416252983940972 0.012185224890708923 0.09737940894232856
9 0.6557958126068115 0.6491479661729601 0.019316744804382325 0.08316183620029026
5 0.7048556327819824 0.6511053297254774 0.012321768701076508 0.08407510121663411
9 0.04491725862026215 0.6175746917724609 0.03495530486106872 0.04443369706471761
8 0.6369565963745117 0.6458067152235243 0.01233416423201561 0.10253141191270616
0 0.010114282369613647 0.628067143758138 0.01775260120630264 0.1703952153523763
3 0.9594646453857422 0.6657581329345703 0.07530345916748046 0.06513836118910048