4 0.9585030555725098 0.6529101053873698 0.08415154218673707 0.08019311692979601
1 0.0732446014881134 0.6647237989637587 0.12261048555374146 0.10925651126437717
1 0.17110143899917601 0.6511043124728733 0.09899430274963379 0.09098603990342882
3 0.7532281875610352 0.6768780178493924 0.05927953720092773 0.054448609881930884
13 0.5159553527832031 0.693334452311198 0.09544973373413086 0.04658608436584473
5 0.6809778213500977 0.6405429840087891 0.013718891143798827 0.10470554563734266
12 0.16317099332809448 0.6241881052652994 0.02082713693380356 0.03858900335099962
5 0.7044723033905029 0.6503073374430338 0.014928872883319854 0.08711588117811415
9 0.6556308269500732 0.6483653174506293 0.02080395519733429 0.08672325876024034
9 0.044849815964698794 0.6175537533230252 0.03511306047439575 0.04431575669182671
0 0.010240677744150162 0.6280463324652777 0.017861106991767885 0.16967733171251084
8 0.636396837234497 0.6434872097439236 0.013424420356750488 0.10775172975328233
3 0.9593810081481934 0.6669396718343099 0.07636716365814208 0.06134639845954047