4 0.9586762428283692 0.6525755140516493 0.08383477926254272 0.0778309875064426
1 0.0731484591960907 0.6646194458007812 0.12271023988723755 0.10928635067409939
1 0.17110878229141235 0.6509654574924045 0.09718278050422668 0.0930921236673991
3 0.7531842708587646 0.6766322241889106 0.05695766806602478 0.05442730055914985
9 0.6557932376861573 0.6491351657443576 0.022135429084300995 0.08238761689927843
13 0.514977216720581 0.6911602444118924 0.09594019651412963 0.048232979244656034
5 0.6794305801391601 0.640013927883572 0.013619928061962128 0.10479027430216471
12 0.1634979009628296 0.6239412943522136 0.02066958099603653 0.03937754101223416
5 0.7027842998504639 0.6509609646267361 0.013880702853202819 0.08618522220187717
8 0.6377658367156982 0.6442554050021702 0.014578159153461456 0.09777611626519098
9 0.044915801286697386 0.6178031497531467 0.03431873023509979 0.044291416803995766
0 0.010205185413360596 0.628021240234375 0.017889244854450224 0.16724926630655926
3 0.9622220039367676 0.6737311045328777 0.07590903043746948 0.06209482087029351