4 0.9587425231933594 0.6525964101155599 0.08380364179611206 0.07826475567287869
1 0.07313640117645263 0.6647080739339193 0.12251018285751343 0.10909557342529297
1 0.17103903293609618 0.6511386447482639 0.09793778657913207 0.09369520611233181
3 0.7532229900360108 0.6765460968017578 0.057353371381759645 0.05425286293029785
9 0.6554749011993408 0.6491473303900824 0.022378399968147278 0.08105835384792752
13 0.514669942855835 0.6916033003065322 0.09573096036911011 0.047577089733547635
5 0.6792690753936768 0.6400909847683377 0.013441517949104309 0.10474078920152452
12 0.1638844132423401 0.6239864773220486 0.020069302618503572 0.04011659622192383
9 0.044896441698074344 0.6179007212320964 0.033802497386932376 0.04424950811598036
8 0.6368741989135742 0.6446898566351996 0.014852003753185272 0.09622820748223199
5 0.7025399684906006 0.6510716756184896 0.013585837185382843 0.0859660890367296
0 0.010184932500123978 0.6282217661539714 0.017951472103595732 0.16648039287990993
3 0.9622339248657227 0.6735922495524088 0.07595155239105225 0.06237640380859375