4 0.9588445663452149 0.6525085025363498 0.08403411507606506 0.07765421337551541
1 0.07308441996574402 0.6646243201361762 0.12216565608978272 0.10890873803032769
1 0.1709834098815918 0.6512633429633247 0.09860026836395264 0.09292977650960287
13 0.5144609451293946 0.691220940483941 0.09425210952758789 0.04767016304863824
3 0.7534253597259521 0.6764231363932292 0.05712264180183411 0.054312610626220705
5 0.6792418479919433 0.6401894887288412 0.013364356756210328 0.10544807646009657
9 0.6549832820892334 0.6492948744032118 0.022507825493812562 0.07972027990553114
12 0.1641471266746521 0.6241381327311198 0.019864799082279207 0.04035334322187636
9 0.044895654916763304 0.6179624769422744 0.033441364765167236 0.044216704368591306
5 0.7026519298553466 0.6511153750949435 0.013724859058856963 0.08771613968743218
8 0.6362583637237549 0.645698504977756 0.015079614520072938 0.09552583694458008
0 0.010171736776828765 0.6282778845893012 0.017978505790233613 0.16590790218777127
3 0.9622450828552246 0.6737811618381077 0.07596608996391296 0.061965359581841364