4 0.958836555480957 0.6524962107340495 0.08409296870231628 0.07747677697075737
1 0.07311810255050659 0.6645888010660808 0.12244176864624023 0.10898769166734483
1 0.1715816378593445 0.6513773600260416 0.09840971231460571 0.09247810575697157
13 0.5144745826721191 0.6914551205105252 0.09336206316947937 0.04671027925279406
3 0.7535070419311524 0.6764507717556424 0.05673724412918091 0.05429432657029894
12 0.16397335529327392 0.6240065256754558 0.02012946456670761 0.039913890096876355
5 0.6795161247253418 0.6399892171223959 0.01298009157180786 0.10384515126546225
9 0.6555249214172363 0.6491013844807942 0.021418869495391846 0.07947802543640137
8 0.6371025562286377 0.6452309078640408 0.01463667005300522 0.09481519063313802
9 0.04497002959251404 0.6178732130262586 0.034133538603782654 0.04383757379319933
5 0.7026703834533692 0.6509453667534723 0.013300842046737671 0.08720718489752875
0 0.010196416825056075 0.6280755360921224 0.01775393486022949 0.16675967110527887
3 0.9622452735900879 0.6737641228569878 0.0760023534297943 0.06170781453450521