4 0.9588953018188476 0.6524466196695964 0.08452420234680176 0.07704019016689724
1 0.07302599549293518 0.6646130032009548 0.12240829467773437 0.10897929933336047
1 0.17142798900604247 0.6513930002848307 0.09783483743667602 0.09332688649495442
13 0.5138312339782715 0.6916850195990668 0.09801384806632996 0.04436251057518853
3 0.7537431716918945 0.6763547685411241 0.0572321355342865 0.054693386289808486
9 0.6552833557128906 0.6483514149983723 0.02187248170375824 0.08010417090521918
12 0.16408442258834838 0.6242577022976346 0.02020234763622284 0.0396993186738756
5 0.6794510841369629 0.6397461361355252 0.013146424293518066 0.10123447842068142
9 0.044991451501846316 0.6178214603000217 0.034018602967262265 0.043932822015550405
5 0.7024746894836426 0.6509209103054471 0.01342201828956604 0.08725021680196127
8 0.6362407207489014 0.6449369218614366 0.01412331759929657 0.09673790401882595
0 0.010226969420909882 0.628082995944553 0.017686901986598967 0.16676083670722114
3 0.9622716903686523 0.6738809373643663 0.0760654330253601 0.061647489335801865