4 0.9589718818664551 0.6523551940917969 0.08407065272331238 0.0763718393113878
1 0.07296153306961059 0.6662871890597873 0.12420867681503296 0.10689992904663086
3 0.7532996654510498 0.6756417168511285 0.06244462728500366 0.05354964998033312
5 0.7033208847045899 0.6482531229654948 0.016421584784984587 0.09003592597113716
5 0.6806325912475586 0.6401879628499348 0.015720844268798828 0.10644624498155382
9 0.655345344543457 0.648923577202691 0.0243626207113266 0.08305628564622668
9 0.04399963915348053 0.6185191260443793 0.03368364572525025 0.04431083732181125
1 0.17792115211486817 0.6468854692247179 0.10088613033294677 0.1284842809041341
13 0.513520622253418 0.6912392934163412 0.0935897946357727 0.0456881046295166
8 0.6354827404022216 0.6445560879177518 0.017708051204681396 0.09457119835747613
0 0.010399235785007477 0.6298621707492404 0.018576987087726593 0.16025958591037326
3 0.9622859001159668 0.6738850911458333 0.07608895301818848 0.06151959631178114