4 0.9590343475341797 0.6523476918538411 0.08414781093597412 0.07666802406311035
1 0.17297576665878295 0.6462561289469401 0.09449050426483155 0.11302735010782877
1 0.07283682823181152 0.6657503763834636 0.12279198169708253 0.1069583257039388
3 0.7533366203308105 0.675699954562717 0.06254909038543702 0.05356838438245985
9 0.044645768404006955 0.6183546702067058 0.033911728858947755 0.043047030766805015
5 0.7032003402709961 0.6476350572374132 0.016734367609024046 0.09017508824666341
5 0.6807650566101074 0.6401624043782552 0.016155047714710234 0.10684812333848741
9 0.6554539680480957 0.6488126966688368 0.024703940749168395 0.08308876355489095
13 0.5136027812957764 0.6914883931477864 0.0948835551738739 0.04553428755866157
8 0.635525131225586 0.6445764753553602 0.018263715505599975 0.09519678751627604
0 0.010467954725027085 0.6298595004611545 0.01869893670082092 0.15525853898790148
3 0.9622901916503906 0.6737754397922092 0.07613725066184998 0.06163383589850532