4 0.9591220855712891 0.6523462507459853 0.08404945731163024 0.0766067451900906
1 0.072574782371521 0.665766610039605 0.12278335094451905 0.10629553265041775
3 0.753231430053711 0.6762184566921658 0.06043848991394043 0.05418531629774306
1 0.17523162364959716 0.648024156358507 0.09551149606704712 0.10577732721964518
9 0.04457745552062988 0.6182949490017361 0.033878660202026366 0.04297062026129828
5 0.7033514022827149 0.6481399536132812 0.01580522358417511 0.08917919794718425
5 0.6804427623748779 0.6401771969265408 0.01538962423801422 0.10456137127346463
13 0.5137047290802002 0.6915067036946615 0.09582343697547913 0.0456336498260498
9 0.655523681640625 0.6490739610460069 0.023902671039104463 0.08268811437818739
8 0.6356678962707519 0.6449189927842882 0.017307280004024504 0.0969373385111491
0 0.010547303408384324 0.6294478098551433 0.018904682993888856 0.15382653342352973
3 0.9622856140136719 0.6738272772894965 0.07596064805984497 0.06167140007019043