4 0.9590521812438965 0.6523510826958551 0.08408427834510804 0.07646543714735243
1 0.07237746715545654 0.6656842973497179 0.1218735933303833 0.10563170115152995
1 0.17532891035079956 0.6479758792453342 0.09711834788322449 0.10389955308702258
3 0.7532246112823486 0.6761150783962674 0.06021548509597778 0.054206636216905385
13 0.5134782314300537 0.6915792253282335 0.09575143456459045 0.04601501358879937
9 0.04430130422115326 0.6184649997287326 0.033190634846687314 0.04260141319698758
5 0.703411340713501 0.6483604855007595 0.015632949769496918 0.08888841205173069
5 0.6803591251373291 0.6402624766031901 0.015178893506526948 0.10410302480061849
9 0.6555815696716308 0.6489905887179904 0.023486077785491943 0.0826255480448405
8 0.6357116222381591 0.6449565887451172 0.017139033973217012 0.09663113488091363
0 0.010608826577663422 0.6297598520914713 0.018970413506031035 0.1541677580939399
3 0.9622774124145508 0.6737940894232856 0.07605303525924682 0.06164340972900391