4 0.9591580390930176 0.6523626963297526 0.08399164080619811 0.07619970109727647
1 0.07274518013000489 0.6654981825086805 0.12138736248016357 0.10537616941663953
3 0.7536084175109863 0.6760721842447917 0.06026996374130249 0.05423793792724609
1 0.17493870258331298 0.6467059241400824 0.09809398651123047 0.10901974572075737
13 0.5136926174163818 0.6916909959581163 0.09530608654022217 0.046089919408162434
5 0.7035575866699219 0.6485629611545138 0.015376004576683044 0.08689515855577257
9 0.044283744692802426 0.6185058169894748 0.033883202075958255 0.04338288572099474
5 0.6800989151000977 0.6403150770399305 0.014956067502498626 0.10320238537258572
9 0.6556768417358398 0.6489845699734158 0.023194290697574615 0.08259846369425455
8 0.6360168933868409 0.644590801662869 0.016533756256103517 0.0983517434861925
0 0.010430188477039337 0.6299835628933377 0.01901383399963379 0.15572102864583334
3 0.9622954368591309 0.6736682467990451 0.07584181427955627 0.06150194803873698