4 0.9591256141662597 0.6523607889811198 0.08407062888145447 0.07612986034817165
1 0.17727588415145873 0.6491212632921007 0.09907689094543456 0.10384803348117405
1 0.0724688470363617 0.6657752566867404 0.12132142782211304 0.10547187593248156
3 0.7535618782043457 0.6760960049099393 0.060114574432373044 0.05442273881700304
9 0.04468924105167389 0.6185653262668186 0.03315999507904053 0.04342027770148383
5 0.7035682201385498 0.6486005147298177 0.015529727935791016 0.08787679672241211
5 0.6801292896270752 0.6403328789605035 0.014934712648391723 0.10400040944417317
13 0.5137787342071534 0.6917895846896701 0.09506871700286865 0.04568014144897461
9 0.6556419849395752 0.6488771226671007 0.023262707889080046 0.08260418574015299
8 0.6360538005828857 0.6445965237087674 0.016677552461624147 0.0975303226047092
0 0.01054413616657257 0.6298592885335287 0.018739469349384308 0.15337064531114367
3 0.9622743606567383 0.6736711714002821 0.07584325075149537 0.061433569590250654