4 0.9591287612915039 0.6523594326443143 0.0839167594909668 0.07618331379360622
1 0.1755235195159912 0.6495125240749783 0.09758666157722473 0.104384888543023
3 0.7533410072326661 0.6761082543267144 0.060399597883224486 0.05440154075622559
1 0.07233697772026063 0.6659822252061632 0.1213413119316101 0.10589186350504558
9 0.04479859471321106 0.6186596764458551 0.03292990922927856 0.04345636102888319
5 0.7035569190979004 0.6483135223388672 0.015715233981609344 0.08854988416035971
5 0.6803610801696778 0.6401440514458551 0.01518116295337677 0.10476373036702474
9 0.6556195735931396 0.648761494954427 0.023708397150039674 0.08254507382710775
13 0.5138515949249267 0.6917768690321181 0.09535613059997558 0.04524784088134766
8 0.6360854148864746 0.6443860371907552 0.017063337564468383 0.09695631663004557
0 0.010467448085546494 0.6300016191270617 0.018637865781784058 0.1522473653157552
3 0.9596181869506836 0.6704598744710286 0.0764607310295105 0.05834636688232422