4 0.9591095924377442 0.6523811764187283 0.08379933834075928 0.07615034845140245
1 0.17600576877593993 0.6493924458821615 0.0973379909992218 0.104461669921875
3 0.7530777931213379 0.676091300116645 0.06090652346611023 0.05397169325086806
1 0.07230491042137147 0.6660680982801649 0.1200792670249939 0.10539982053968641
5 0.7034454345703125 0.6481457180447049 0.01580735296010971 0.0882274415757921
9 0.044785305857658386 0.6188028971354167 0.033008274435997007 0.04322587649027507
5 0.6803109169006347 0.6400452931722005 0.015227891504764557 0.10464985105726454
13 0.5139650821685791 0.6917618645562066 0.09592068791389466 0.04503421783447266
9 0.6555840969085693 0.6486868116590712 0.02385033369064331 0.08218695322672526
8 0.635984468460083 0.6442178090413412 0.017140254378318787 0.0965425067477756
0 0.010525673627853394 0.6300132327609592 0.018791061639785767 0.15273800955878364
3 0.9595760345458985 0.6702991061740451 0.07645400762557983 0.058349058363172744