4 0.9591432571411133 0.6523962232801649 0.08372640609741211 0.07616853713989258
1 0.17764467000961304 0.6490420023600261 0.09772601127624511 0.10400156444973416
1 0.07245608568191528 0.6662798563639323 0.12047417163848877 0.10518860287136501
3 0.7535720825195312 0.675960201687283 0.05999218821525574 0.05443176163567437
9 0.04452017545700073 0.6186619228786893 0.03310234844684601 0.04345769087473551
5 0.7037238121032715 0.6488069746229383 0.01554320901632309 0.0880052990383572
9 0.6556999683380127 0.6487525516086154 0.02288514971733093 0.08241420851813422
5 0.6799980163574219 0.6402178870307075 0.014733271300792694 0.10367293887668186
13 0.5137596607208252 0.6918561299641927 0.0961527943611145 0.04573319223192003
8 0.6361593246459961 0.6444075690375434 0.01620863676071167 0.0975897471110026
0 0.010640010982751847 0.6297367943657769 0.018767198920249938 0.15300020641750758
3 0.9595843315124511 0.6702055189344618 0.0764351725578308 0.058360486560397676