4 0.9591473579406739 0.6523852878146701 0.08384636044502258 0.07623131540086535
1 0.17832337617874144 0.6489490085177951 0.10011301040649415 0.10503021876017253
1 0.07236523628234863 0.6662776523166233 0.12015411853790284 0.10502551396687826
3 0.7538341522216797 0.6761065165201823 0.05935577154159546 0.05486134952969021
9 0.04446768760681152 0.6184293111165364 0.03278414011001587 0.04330248302883572
9 0.6558156967163086 0.6488073984781901 0.022452445328235628 0.08302057054307725
13 0.5139617919921875 0.6918089972601996 0.09596684575080872 0.04657647874620226
5 0.7037423133850098 0.6491419050428603 0.015293878316879273 0.08831508954366048
5 0.6799867153167725 0.6403718736436632 0.01448037326335907 0.10365324020385742
8 0.6363255977630615 0.644342761569553 0.015900053083896637 0.09805138905843098
0 0.010640113055706025 0.629374525282118 0.018760763108730316 0.15431410471598309
3 0.9595855712890625 0.670194329155816 0.07640025615692139 0.058445877499050565