4 0.9591211318969727 0.6523559146457248 0.08378801345825196 0.0761089113023546
1 0.17612864971160888 0.6499385409884982 0.09739665985107422 0.10457946989271376
1 0.07255972027778626 0.6658102247450087 0.12083444595336915 0.10573009914822049
3 0.7537322521209717 0.6761589050292969 0.05932608246803284 0.05478825039333767
9 0.044508084654808044 0.6183529324001736 0.03316463828086853 0.043015517128838436
9 0.6559358596801758 0.6488171895345052 0.02239663004875183 0.08349888589647081
13 0.5140811920166015 0.6917086283365885 0.0942148208618164 0.04659445020887587
5 0.7036689758300781 0.6491986592610677 0.015447591245174409 0.08755929205152724
5 0.6796392440795899 0.6403550889756945 0.01440594494342804 0.103242736392551
8 0.6364088535308838 0.6443245357937283 0.01581738144159317 0.0972132788764106
0 0.01058407723903656 0.6294351789686415 0.01879209280014038 0.15534977383083767
3 0.9622688293457031 0.6736880408393012 0.07578075528144837 0.06140615675184462