4 0.9590092658996582 0.6523122999403211 0.08412526845932007 0.07641427781846788
1 0.07230523824691773 0.6661401536729601 0.11913121938705444 0.10520286560058593
3 0.7535334587097168 0.6760854085286458 0.05916100740432739 0.05493996408250597
1 0.17663893699645997 0.6507970174153646 0.09873164892196655 0.10440076192220052
9 0.04499959647655487 0.6186520470513238 0.03271124064922333 0.042749132050408256
9 0.6559247016906739 0.648834228515625 0.022556596994400026 0.08329105377197266
5 0.6798423767089844 0.6403166453043619 0.014506535232067108 0.10378946728176541
5 0.7039213180541992 0.6492029825846354 0.015509894490242005 0.0883140034145779
13 0.513978099822998 0.691834216647678 0.09460789561271668 0.04541306495666504
8 0.6362354755401611 0.6443665822347006 0.016184741258621217 0.09662701288859049
0 0.010378590226173401 0.6300484975179036 0.018549877405166625 0.15246151818169487
3 0.9622703552246094 0.6738895840115018 0.07594510912895203 0.06137031979031033