4 0.9590056419372559 0.6522923787434896 0.08416910171508789 0.07630191908942328
3 0.7536017417907714 0.6762320200602213 0.05984619855880737 0.05433764457702637
1 0.07240204811096192 0.6662296719021268 0.12074105739593506 0.10558876461452908
1 0.17547259330749512 0.6512093014187283 0.09511380791664123 0.1034043100145128
9 0.6557522296905518 0.649127705891927 0.02279494106769562 0.08326253361172146
5 0.679864501953125 0.640431382921007 0.014883323013782502 0.10458722644382053
5 0.7037264823913574 0.6492545657687717 0.01560882031917572 0.08882982465955946
13 0.5144049644470214 0.6918610466851128 0.09462521076202393 0.04482630093892415
9 0.044512465596199036 0.6184359232584635 0.033055180311203004 0.044352314207288954
8 0.6359622478485107 0.6448048485649956 0.01637357771396637 0.09766344494289822
0 0.010407371819019318 0.6293636745876736 0.018403740227222444 0.15916915469699436
3 0.9622708320617676 0.673936292860243 0.0760266661643982 0.061243004269070096