4 0.9590505599975586 0.6523278554280599 0.08406695127487182 0.07629097832573785
3 0.7537357807159424 0.676076168484158 0.05985460877418518 0.05452890396118164
1 0.07239901423454284 0.6659503512912326 0.12108050584793091 0.10637885199652777
1 0.1734668493270874 0.6549949645996094 0.09518504738807679 0.10341617796156141
13 0.5145210742950439 0.691726811726888 0.09417262673377991 0.045787620544433597
9 0.6556453227996826 0.6490588717990451 0.022838875651359558 0.08340369860331218
5 0.7036745548248291 0.6491061316596137 0.015427990257740021 0.0880385504828559
5 0.6800617694854736 0.6404084947374132 0.014839744567871094 0.10388094584147135
9 0.04446814954280853 0.6183888753255208 0.03289573192596436 0.04416257540384928
8 0.6358041286468505 0.6449056413438585 0.01626848578453064 0.09673352771335178
0 0.010531847178936005 0.6291087680392795 0.018513472378253938 0.159211794535319
3 0.9622742652893066 0.673944812350803 0.07590328454971314 0.06128212081061469