4 0.9590261459350586 0.6523309919569228 0.08407819867134095 0.07631092601352268
1 0.17459768056869507 0.6506887647840712 0.09169986248016357 0.10195781919691298
1 0.07217292785644532 0.6655765957302517 0.11771788597106933 0.10609969033135308
3 0.7537311553955078 0.6762202792697483 0.05977729558944702 0.05422687530517578
9 0.6556854724884034 0.6487936231825087 0.022928802669048308 0.08257532649570042
5 0.7036751747131348 0.6489304860432943 0.015548282861709594 0.08909614351060656
13 0.5146227359771729 0.691849602593316 0.09531009793281556 0.04422832594977485
5 0.6803162097930908 0.6403594546847873 0.014936433732509613 0.10360946655273437
9 0.04482409656047821 0.6184149000379774 0.032585126161575315 0.04434423181745741
8 0.6359166145324707 0.6446336534288194 0.0161447137594223 0.09725353452894422
0 0.010477280616760254 0.6290001339382596 0.018348678946495056 0.15912903679741752
3 0.962261962890625 0.6738759358723958 0.0759167194366455 0.06116648250155979