4 0.9590538024902344 0.6523707919650608 0.08402642011642455 0.076323578092787
1 0.17497365474700927 0.6505671183268229 0.0924348533153534 0.10067954593234592
1 0.0718461036682129 0.6654454549153646 0.11479946374893188 0.10624354680379232
3 0.753724193572998 0.6764261881510417 0.059763604402542116 0.054257710774739586
13 0.5129704952239991 0.6918343438042535 0.09642151594161988 0.043987841076321074
9 0.6556162357330322 0.6492071363661024 0.02297137677669525 0.08142282168070475
9 0.044786489009857176 0.6185169219970703 0.03250018060207367 0.044336234198676217
5 0.6801185607910156 0.6408523135715061 0.014521820843219757 0.10393119388156467
5 0.7033907890319824 0.6499447292751737 0.015072637796401977 0.08776386049058703
8 0.6362891674041748 0.645134014553494 0.0162953644990921 0.09563961029052734
0 0.010408803820610046 0.6291173299153646 0.018220534920692442 0.15870050854153103
3 0.9595385551452636 0.670212639702691 0.0762811541557312 0.05827437506781684