4 0.9590312004089355 0.6524222056070964 0.08392190933227539 0.07598974439832899
1 0.17433112859725952 0.6505676693386502 0.09193390011787414 0.10098140504625108
1 0.0714033842086792 0.6652840932210287 0.11598680019378663 0.10645830366346572
3 0.7542367458343506 0.6762479994032118 0.05838667154312134 0.0544801394144694
9 0.6559544086456299 0.6490084330240885 0.022488853335380553 0.08356992933485242
13 0.5132121562957763 0.6914873758951823 0.09721627235412597 0.046156348122490774
5 0.6800577640533447 0.6405128902859158 0.01441742479801178 0.10302055146959092
9 0.04475385546684265 0.6184686872694227 0.03265206813812256 0.044678576787312824
5 0.7040233612060547 0.6504544152153863 0.01507168561220169 0.08962287902832031
0 0.010464929789304734 0.6288704342312283 0.01819274127483368 0.1604789310031467
8 0.6358613967895508 0.6440909491644965 0.0162471666932106 0.10119668112860786
3 0.9622849464416504 0.6736583709716797 0.07585186958312988 0.06124765078226725