4 0.9589702606201171 0.6524483998616536 0.08404293060302734 0.07622202237447102
1 0.17405469417572023 0.6505282084147136 0.09141994118690491 0.10086016125149197
1 0.07146227955818177 0.665226321750217 0.11507953405380249 0.10611226823594835
3 0.7540324211120606 0.6765073564317491 0.05843597650527954 0.05418983565436469
13 0.5125302314758301 0.6912266625298394 0.09537848234176635 0.04518821504380968
9 0.6558850288391114 0.6489351908365886 0.021927185356616974 0.08442737261454264
5 0.6802518367767334 0.6404774136013455 0.014301055669784546 0.10473488701714409
9 0.04491264224052429 0.6185894012451172 0.032667890191078186 0.04475613170199924
5 0.7043628215789794 0.6509895324707031 0.014841553568840028 0.0894386715359158
8 0.6372113704681397 0.641924794514974 0.014597049355506897 0.10141700108846029
0 0.010491186380386352 0.6288990444607205 0.018220432102680206 0.16032676696777343
3 0.9594882965087891 0.6694456736246744 0.07638410329818726 0.05825757450527615