4 0.9587619781494141 0.6527277204725478 0.08115769624710083 0.07911802927652994
13 0.5128649711608887 0.6911513858371311 0.09419452548027038 0.04740335676405165
1 0.07239857316017151 0.6654951731363933 0.12260137796401978 0.10707384745279948
1 0.17416383028030397 0.6501146528455947 0.09216607213020325 0.10208186043633355
3 0.7534552097320557 0.6771239810519748 0.05688658356666565 0.055081346299913195
5 0.6801233291625977 0.6410450405544705 0.013954968750476837 0.10387419594658745
9 0.044330134987831116 0.6181973351372613 0.032643485069274905 0.044656398561265735
9 0.6551394939422608 0.6491819593641494 0.021402984857559204 0.08764864603678385
5 0.7048180580139161 0.6513900756835938 0.015219049155712127 0.08978257709079318
8 0.6369469642639161 0.6440325842963325 0.012007486820220948 0.09840976927015517
0 0.010236580669879914 0.6285496181911893 0.017991816997528075 0.16387081146240234
3 0.9622262001037598 0.6738420698377822 0.07432855367660522 0.0625844054751926