4 0.9587973594665528 0.652776590983073 0.08083374500274658 0.07918828858269586
1 0.07244576215744018 0.6655700259738498 0.12333241701126099 0.10738206439548069
1 0.17404818534851074 0.6503156450059678 0.09263375997543336 0.10238167444864908
13 0.5121535301208496 0.6909520467122395 0.09271641969680786 0.0476198779212104
3 0.7536617279052734 0.6772013770209419 0.05663585066795349 0.05505728191799587
5 0.6803455829620362 0.6411402384440105 0.013981488347053529 0.10358297559950087
9 0.04430174231529236 0.6181724124484592 0.032759106159210204 0.04465160369873047
9 0.6553024768829345 0.6492382473415799 0.021440967917442322 0.0863418526119656
5 0.7047506332397461 0.6513833363850912 0.015004847943782807 0.08966328303019205
8 0.6370831489562988 0.6442757076687283 0.011990539729595184 0.09713690016004774
0 0.010236411541700362 0.628535885281033 0.018001915514469148 0.16385086907280816
3 0.9622318267822265 0.6737791273328994 0.07403569817543029 0.06265245543585883