4 0.958689022064209 0.6526958889431423 0.08258571624755859 0.07833628124660916
13 0.5107268333435059 0.6912321302625868 0.09162583947181702 0.048586093054877384
1 0.07286080718040466 0.6657456292046441 0.12460777759552003 0.10756252076890734
1 0.17380906343460084 0.6503772735595703 0.09333617091178895 0.10260867012871636
3 0.7538352966308594 0.6775030348036024 0.05639156699180603 0.05516664187113444
5 0.6799440860748291 0.6404985215928819 0.013633506000041961 0.10106946097479927
9 0.044300231337547305 0.6182069142659505 0.03277555406093598 0.04424096213446723
5 0.7053174018859864 0.6510925716824002 0.014835162460803986 0.0867809878455268
9 0.6554898738861084 0.648991945054796 0.02151121348142624 0.08551973766750759
8 0.6365590572357178 0.6436148325602213 0.012148840725421906 0.09707793129814996
0 0.010384350270032882 0.6284472147623698 0.01800684779882431 0.16388500001695422
3 0.9594012260437011 0.6683270348442926 0.07540541887283325 0.05945527818467882