4 0.9586940765380859 0.652656979031033 0.08278206586837769 0.0781971984439426
13 0.5106007575988769 0.6914214664035373 0.0922010064125061 0.047875600390964085
1 0.07280403971672059 0.6657384236653646 0.12426526546478271 0.10748656590779622
1 0.17371273040771484 0.6504335191514757 0.09386727213859558 0.10264193216959636
3 0.753965950012207 0.6776136186387803 0.055465638637542725 0.05536431206597222
5 0.6795021057128906 0.6405216640896267 0.013605937361717224 0.09952605565388997
9 0.044240432977676394 0.6181790245903863 0.0329421728849411 0.04421389102935791
8 0.6367708206176758 0.644224124484592 0.011630012094974518 0.09858729044596354
5 0.7056139945983887 0.651272710164388 0.01484431028366089 0.08571017583211263
9 0.6554542064666748 0.6491674211290147 0.021089914441108703 0.08328724437289768
0 0.01036258190870285 0.6284574296739366 0.017981824278831483 0.16380595101250542
3 0.9594047546386719 0.6686130099826388 0.07550004720687867 0.05945246484544542