4 0.9589580535888672 0.6523892720540364 0.08341860175132751 0.0767493036058214
13 0.5100192546844482 0.6916154225667318 0.09697961807250977 0.048062864939371744
1 0.0729234278202057 0.6657508002387152 0.12517433166503905 0.1081478754679362
3 0.7540274143218995 0.6762591467963325 0.0563399076461792 0.05576665136549208
1 0.17248069047927855 0.6550682915581597 0.09635684490203858 0.10207104153103298
5 0.6805067539215088 0.6411670260959201 0.014395770430564881 0.1011395984225803
9 0.04412536323070526 0.6181187099880643 0.03334592282772064 0.04449559847513835
5 0.7047768115997315 0.6511532253689236 0.015288351476192475 0.08750003708733453
9 0.6554173469543457 0.6498422410753039 0.020834453403949738 0.08086760309007433
8 0.6368108749389648 0.6458276112874349 0.014063984155654907 0.09704946941799587
0 0.010378590226173401 0.6283858405219184 0.017989930510520936 0.16413633558485244
3 0.9622716903686523 0.6738101111518012 0.0756003737449646 0.06150366995069716