4 0.9591225624084473 0.6523164961073133 0.08317811489105224 0.07554710176255967
13 0.5095514774322509 0.6915623982747395 0.09643679857254028 0.04838124910990397
1 0.07289237976074218 0.665595457288954 0.12523059844970702 0.10795443852742513
3 0.7539835929870605 0.6765098147922092 0.056383317708969115 0.05464912520514594
1 0.1738167881965637 0.6504383511013455 0.09599068760871887 0.10323166317409939
5 0.6798558712005616 0.6417163425021701 0.014547669887542724 0.10454081429375542
9 0.6557082176208496 0.6502071804470486 0.022874531149864197 0.08213240835401747
9 0.044267892837524414 0.6179308149549696 0.0332489013671875 0.044745614793565536
8 0.6363127708435059 0.6466595119900174 0.015418055653572082 0.09934783511691624
5 0.70408034324646 0.651941426595052 0.014338313043117524 0.09071773952907985
0 0.010409227013587952 0.6280409495035807 0.01804320365190506 0.16353732215033637
3 0.9622593879699707 0.673975584242079 0.07552927136421203 0.06101070510016547