4 0.959103012084961 0.6523672739664713 0.08343892097473145 0.0758569081624349
13 0.5094632148742676 0.69148195054796 0.0959697961807251 0.048197168774074976
1 0.07287728190422058 0.665557140774197 0.12499232292175293 0.10793813069661458
3 0.7538779258728028 0.6765092213948568 0.05732797384262085 0.05420670509338379
1 0.17376971244812012 0.6504271189371745 0.09576454758644104 0.1030658933851454
9 0.6561049461364746 0.6499734666612413 0.022882381081581117 0.08168192969428169
5 0.6798726081848144 0.6416040632459853 0.014714127779006958 0.10500052769978842
9 0.04432266354560852 0.6179207695855035 0.03316235542297363 0.04473529921637641
8 0.6366726875305175 0.6465628729926215 0.01589758098125458 0.09869043562147352
5 0.7041926860809327 0.6517136891682943 0.014749348163604736 0.0911913341946072
0 0.01041744276881218 0.6279900868733724 0.018016999959945677 0.16362740198771158
3 0.9622609138488769 0.6738035837809245 0.07568547725677491 0.061145650015936956