4 0.9590672492980957 0.6524270375569662 0.08371677994728088 0.07636503643459744
13 0.5101953029632569 0.6916945139567058 0.09824042916297912 0.046940347883436415
1 0.07292056083679199 0.6655597686767578 0.12453852891921997 0.10821072260538737
3 0.7537289142608643 0.6765245649549696 0.05700327157974243 0.05449340608384874
1 0.17376246452331542 0.6502311282687717 0.09445616006851196 0.10267362594604493
5 0.6792628765106201 0.6408160315619574 0.01338978111743927 0.10292248196072049
9 0.6553270816802979 0.6498835669623481 0.02214941382408142 0.08012131055196127
9 0.04429541230201721 0.6181439293755425 0.0334904819726944 0.044646633995903864
8 0.6366669654846191 0.6461721632215712 0.01577839404344559 0.09628367953830295
5 0.7040692329406738 0.651822747124566 0.014731182157993317 0.08939781188964843
0 0.010368467122316361 0.628117667304145 0.018082234263420104 0.16476996739705405
3 0.9595921516418457 0.6699086507161458 0.07599374055862426 0.05863420698377821