4 0.959066104888916 0.6524066925048828 0.08368527889251709 0.07637539439731174
13 0.5100531101226806 0.6917215559217665 0.09824934005737304 0.04708339373270671
1 0.07285166978836059 0.6655094570583767 0.12477682828903199 0.10818253623114692
3 0.7536439895629883 0.67660035027398 0.05683103799819946 0.054533730612860785
1 0.17379093170166016 0.6502559238009983 0.09445142149925231 0.10298042297363282
5 0.6790102958679199 0.6409058041042752 0.013495421409606934 0.1024738523695204
9 0.6553398132324219 0.6497713300916884 0.021697701513767244 0.07983005841573079
8 0.6368172645568848 0.6458360036214192 0.015401051938533783 0.09597334331936307
9 0.04432162046432495 0.6181305779351128 0.033618387579917905 0.044627247916327585
5 0.7038601875305176 0.6517627292209202 0.014864194393157958 0.08878813849555121
0 0.01039571240544319 0.6280403561062283 0.018103688955307007 0.16465520858764648
3 0.959567642211914 0.6698947482638888 0.0760418176651001 0.058486186133490665