4 0.9590492248535156 0.6524693806966145 0.08404847383499145 0.0766230583190918
13 0.5102606773376465 0.6915896945529514 0.09688987731933593 0.04700006379021539
1 0.07274918556213379 0.6654287550184462 0.12420859336853027 0.1081991089714898
3 0.7537616729736328 0.676553471883138 0.057192379236221315 0.05433802604675293
1 0.17385257482528688 0.6502367231580947 0.09469416141510009 0.10356768502129449
9 0.6552813053131104 0.6495948367648654 0.02271519899368286 0.0809385617574056
5 0.6791152954101562 0.6402170817057292 0.014309217035770417 0.10209256278143988
5 0.7038759708404541 0.6509608798556857 0.015830458700656892 0.08759346008300781
9 0.04455006718635559 0.6181193457709419 0.03324909806251526 0.044588470458984376
8 0.6356182098388672 0.6454289754231771 0.015002921223640442 0.09748475816514757
0 0.010457985848188401 0.6283220503065321 0.018086719512939452 0.16481380462646483
3 0.9622832298278808 0.6738693661159939 0.07586479783058167 0.061674849192301436