4 0.9589637756347656 0.6525701734754774 0.083891099691391 0.07722153663635253
13 0.5100934982299805 0.6916504330105252 0.09778138399124145 0.04606565899319119
1 0.0727428913116455 0.6653476291232638 0.12452126741409301 0.10858449935913086
1 0.1736493706703186 0.6501880221896701 0.09530373811721801 0.10388811959160699
9 0.655968427658081 0.6499493069118923 0.021481502056121825 0.08168733384874131
3 0.7529463291168212 0.6769142150878906 0.05583956837654114 0.054127242830064565
5 0.6817409992218018 0.6408252292209201 0.013983426988124848 0.10423256556193033
8 0.6364005088806153 0.6440039740668403 0.014631731808185578 0.09637820985582139
9 0.04462135136127472 0.6181162516276042 0.0331019937992096 0.04438872602250841
5 0.7052030086517334 0.6507159339057075 0.013987591862678528 0.0878509521484375
0 0.010404124110937118 0.628126695421007 0.018052908778190612 0.16474517186482748
3 0.9622689247131347 0.6736771477593316 0.07601413130760193 0.06222434573703342