4 0.9589510917663574 0.6524871402316623 0.08397237062454224 0.07704920238918728
13 0.5097345829010009 0.6912988026936849 0.09585827589035034 0.047435665130615236
1 0.072910475730896 0.6653028700086806 0.1243591547012329 0.10882058673434787
1 0.17368507385253906 0.6501285976833767 0.0958884596824646 0.10391812854342991
3 0.753510856628418 0.6765962812635634 0.05677399635314941 0.05385944578382704
5 0.6802022457122803 0.641103023952908 0.013984712958335876 0.09971067640516493
9 0.044423621892929074 0.6180458492702908 0.033402150869369505 0.044810507032606334
9 0.655709171295166 0.6507672627766927 0.02148747593164444 0.08136303159925673
5 0.7057012557983399 0.6497320387098524 0.01319461464881897 0.0858408080206977
8 0.6366428852081298 0.6448402404785156 0.015074692666530609 0.09933112462361654
0 0.010474134236574173 0.6283158196343316 0.018150918185710907 0.16556732389662002
3 0.9594164848327636 0.6697572496202256 0.07626025676727295 0.05894030994839138