4 0.9588981628417969 0.6525015089246962 0.08384752869606019 0.07681079970465766
13 0.5087587356567382 0.6912693447536893 0.09576600790023804 0.04749812020195855
1 0.07301385402679443 0.6652553134494358 0.12462245225906372 0.10884968439737956
3 0.7532898902893066 0.6765585581461588 0.056749409437179564 0.05382632149590386
1 0.17355711460113527 0.6499733395046658 0.09664068222045899 0.10342094633314344
5 0.6802916049957275 0.6410510592990452 0.013871239125728607 0.0992288695441352
9 0.044585520029067995 0.6179438273111979 0.033086416125297544 0.04443679385715061
9 0.6556180000305176 0.6506636725531684 0.021687865257263184 0.0812484688229031
5 0.7056646347045898 0.6498008304172092 0.013166716694831848 0.08496279186672634
8 0.6364704132080078 0.6447469075520833 0.014987371861934662 0.09870644675360786
0 0.010650188475847245 0.6279465145534939 0.018192186951637268 0.16440406375461156
3 0.9594290733337403 0.669505140516493 0.076292884349823 0.05885294278462728