4 0.9589141845703125 0.6524748060438368 0.083841872215271 0.0766987058851454
1 0.07292563319206238 0.665304438273112 0.12497626543045044 0.10899557537502713
13 0.5088800907135009 0.6917488521999783 0.09931180477142335 0.044694137573242185
3 0.7535495758056641 0.6765030754937066 0.056772279739379886 0.05384068489074707
1 0.17346086502075195 0.650061289469401 0.09746818542480469 0.10358047485351562
5 0.6800215244293213 0.6408748626708984 0.014027154445648194 0.09959715737236871
9 0.04459024965763092 0.6180384318033855 0.03326371014118194 0.04424714777204725
5 0.7057332992553711 0.6493226369222005 0.013203762471675873 0.08542748027377658
9 0.6555404663085938 0.6507675594753689 0.021943739056587218 0.08124510447184245
8 0.6364360332489014 0.6449114057752822 0.015105652809143066 0.09785002602471246
0 0.010604774951934815 0.6280454423692491 0.01818999499082565 0.16422161526150172
3 0.959473991394043 0.6695550706651475 0.07626516819000244 0.058858299255371095