4 0.9588785171508789 0.6524543762207031 0.08380376100540161 0.07680966059366862
13 0.5088057041168212 0.6916907416449652 0.09997059106826782 0.044206635157267256
1 0.0728786826133728 0.6653750949435764 0.12481787204742431 0.10882483588324653
3 0.7534437656402588 0.6764930301242404 0.05677325129508972 0.05382451481289334
1 0.1735134720802307 0.6502591451009114 0.09747216701507569 0.10371172163221572
5 0.6800042152404785 0.6410121917724609 0.014156432449817657 0.09968747033013238
9 0.04473608136177063 0.6180342356363933 0.03330551385879517 0.04410715368058946
5 0.7057357788085937 0.649286863538954 0.013117703795433044 0.08590150409274631
8 0.6366881847381591 0.6450108846028646 0.015307953953742981 0.09928085539076063
9 0.6555378437042236 0.6509031507703993 0.02203540802001953 0.0815440124935574
0 0.010641638934612275 0.6281344095865885 0.018283981084823608 0.16356835895114474
3 0.9622542381286621 0.6737251705593533 0.07587621212005616 0.061840189827813044