4 0.958891487121582 0.6524649302164713 0.08379275798797607 0.07659111022949219
1 0.0729266107082367 0.6653904385036893 0.1248810887336731 0.10895393159654405
13 0.5099198818206787 0.6917322794596354 0.10077959299087524 0.04468186166551378
3 0.7534900665283203 0.6765633900960286 0.05682236552238464 0.05397503640916612
1 0.1735737919807434 0.6503181881374783 0.09751579165458679 0.10392935011121962
5 0.6802168846130371 0.6409120347764757 0.014196601510047913 0.09819451438056098
5 0.7056917667388916 0.6489341311984592 0.012894657254219056 0.08589941130744086
9 0.04471375048160553 0.6180681440565321 0.03339904844760895 0.044059202406141494
8 0.637017011642456 0.6450353410508898 0.015527617931365967 0.10041039784749349
9 0.6558531761169434 0.6509383731418186 0.021908503770828248 0.08157098558213975
0 0.010632585734128952 0.6281712849934896 0.018226367235183717 0.16395356920030382
3 0.9594850540161133 0.6695665147569444 0.07628031969070434 0.0587527592976888