4 0.9589227676391602 0.6524655236138238 0.08348745107650757 0.07657746209038628
13 0.511773157119751 0.6932393391927083 0.10272461175918579 0.047591479619344075
1 0.07281582951545715 0.665471691555447 0.12482728958129882 0.10901354683770073
3 0.7531908988952637 0.676691182454427 0.058258891105651855 0.05365969340006511
1 0.1726365089416504 0.6551800198025174 0.09851802587509155 0.10312332577175565
5 0.6806382179260254 0.6410721672905816 0.014600615203380584 0.09835515552096896
5 0.705631160736084 0.6489835527208117 0.012999056279659272 0.08417076004876031
9 0.044527357816696166 0.6180848863389757 0.033445775508880615 0.04440610143873427
9 0.655885124206543 0.6508684794108073 0.023540708422660827 0.0798833900027805
8 0.6364465236663819 0.6449765099419488 0.016059070825576782 0.10027894973754883
0 0.010622452199459075 0.627976820203993 0.018289774656295776 0.16458858913845487
3 0.9622797012329102 0.6736643473307292 0.07578061819076538 0.06172370380825466