4 0.9590957641601563 0.6524295383029514 0.08340461254119873 0.07634746233622233
13 0.5136662483215332 0.6934327867296007 0.10153861045837402 0.04732933574252658
1 0.07267677187919616 0.6656278398301866 0.12511961460113524 0.10886299345228408
3 0.7532314777374267 0.6762677510579427 0.05884348750114441 0.05350504981146918
1 0.17267125844955444 0.6552798800998264 0.09775571823120117 0.10270511839124892
5 0.6805970668792725 0.6409742991129558 0.014904806017875671 0.1009691768222385
5 0.705145263671875 0.648002666897244 0.012914057075977325 0.08493415514628093
9 0.6558088779449462 0.6509230719672309 0.02375987321138382 0.0825855573018392
9 0.04447855353355408 0.6180923038058811 0.03357269167900086 0.04445089234246148
0 0.010531798005104065 0.6281562381320529 0.018234992027282716 0.16368914710150825
8 0.6354733467102051 0.643359120686849 0.0172286257147789 0.09764806959364149
3 0.962306022644043 0.6737151675754123 0.07557595372200013 0.06164346800910102