4 0.9589414596557617 0.6524467892116971 0.08399868607521058 0.07684314515855577
13 0.512440299987793 0.6929244995117188 0.1000848650932312 0.04743202527364095
3 0.7533792495727539 0.676328616672092 0.05945595502853394 0.053358835644192165
1 0.0726123571395874 0.6659413655598958 0.125589919090271 0.10841946072048611
1 0.17315332889556884 0.6556644015842014 0.09874719381332397 0.10250350104437934
5 0.70464186668396 0.6475620269775391 0.012672433257102966 0.08451782332526313
5 0.6800345420837403 0.64138306511773 0.014526189863681793 0.1005250612894694
9 0.0445521742105484 0.6180820041232639 0.034065887331962585 0.04508979055616591
9 0.655575180053711 0.6512728797064887 0.022947193682193757 0.08316986825731065
0 0.010511782020330429 0.6283639272054037 0.01811637878417969 0.16431060367160374
8 0.6355948925018311 0.6441134134928386 0.01714063286781311 0.09825547536214192
3 0.962261962890625 0.6737143198649088 0.07592158317565918 0.06167678833007813