4 0.9589269638061524 0.6524545033772786 0.0840776264667511 0.07702545060051812
13 0.5114758014678955 0.6929361979166667 0.09941017031669616 0.0470579465230306
3 0.7535458564758301 0.6763920254177518 0.06046897768974304 0.05341142548455132
1 0.17321449518203735 0.6560719807942709 0.09999144077301025 0.10272227393256293
1 0.07256407737731933 0.6661273108588325 0.12593979835510255 0.10809485117594402
5 0.7041534900665283 0.6468282911512587 0.012748591601848602 0.08349620501200358
5 0.6800404548645019 0.6412066989474826 0.01480002999305725 0.10119428634643554
9 0.044527259469032285 0.6181376563178168 0.03389382362365723 0.04489708476596409
9 0.6553400993347168 0.6512704637315538 0.02297559678554535 0.08461427158779568
0 0.010544927418231964 0.6283607059054904 0.018103128671646117 0.16439783308241102
8 0.6344327449798584 0.6430741628011067 0.018909960985183716 0.1112205187479655
3 0.9594511032104492 0.6696075015597873 0.07629892826080323 0.05862722926669651