4 0.9589121818542481 0.6524295383029514 0.08373348712921143 0.07650880283779568
13 0.5121662616729736 0.6929201338026258 0.09539245963096618 0.045636314815945093
3 0.7538561344146728 0.676364008585612 0.05985405445098877 0.05328420533074273
1 0.17307374477386475 0.6560875786675348 0.09987146258354188 0.10252659055921766
1 0.07266826033592225 0.6661618974473741 0.12579503059387206 0.10805387496948242
5 0.7037391185760498 0.6463164859347873 0.013205333054065705 0.08325138092041015
9 0.04445643723011017 0.6182639651828342 0.03355157971382141 0.04485421180725098
5 0.6797412872314453 0.6413853115505642 0.014634376764297486 0.10011285146077474
8 0.6341524124145508 0.6427066379123264 0.01789136528968811 0.11553901036580404
9 0.6550854682922364 0.6512202792697482 0.022354333102703093 0.08671054840087891
0 0.010428600758314133 0.628483157687717 0.018045687675476076 0.1645615365770128
3 0.9594825744628906 0.6699152628580729 0.07603671550750732 0.058404397964477536