4 0.9589985847473145 0.6524178398980035 0.0836273491382599 0.07658218807644314
13 0.5141656875610352 0.693656497531467 0.09725885987281799 0.04409090148078071
3 0.7537276744842529 0.6764443715413412 0.059558600187301636 0.05364791022406684
5 0.7037180900573731 0.6464837816026475 0.013684365153312682 0.08268059624565972
1 0.07275450825691224 0.6661055246988933 0.12636988162994384 0.10842116673787434
1 0.17287888526916503 0.6560946570502387 0.10020105838775635 0.10263168546888564
9 0.044410529732704165 0.6181277804904514 0.03390415906906128 0.0450227525499132
5 0.6799072742462158 0.6415704091389974 0.014619755744934081 0.0988008075290256
9 0.6552900314331055 0.6509485880533854 0.022758856415748596 0.08652485741509332
0 0.010439471900463104 0.6283375210232205 0.018011951446533205 0.1649296866522895
8 0.6343961238861084 0.6431941562228732 0.019814229011535643 0.11430658764309354
3 0.9622684478759765 0.6738090515136719 0.07566475868225098 0.06163688235812717