4 0.9591573715209961 0.6522858937581381 0.08262307047843934 0.07542810440063477
13 0.5121466636657714 0.6934632195366753 0.09637826681137085 0.04419344266255697
1 0.07273699045181274 0.6660870869954427 0.12637020349502565 0.10871263080173069
1 0.1730760455131531 0.6559100680881076 0.09966966509819031 0.1030464596218533
3 0.7532694816589356 0.6760439130995008 0.05924273133277893 0.05377347734239366
5 0.7038904190063476 0.6469801584879558 0.013945159316062928 0.08281495306226942
5 0.6795419692993164 0.6413434346516927 0.01484898328781128 0.09877873526679146
9 0.04464143514633179 0.6180709415011936 0.033888474106788635 0.04499975840250651
9 0.6555634021759034 0.6513389163547092 0.022806107997894287 0.08676040967305501
0 0.010510125011205674 0.6284116956922743 0.01801481544971466 0.16422256893581813
3 0.9622977256774903 0.6742744869656033 0.07525752782821656 0.061104843351576066
8 0.6342545509338379 0.6442271338568794 0.02241872102022171 0.09628883997599284