4 0.9591821670532227 0.6522738138834635 0.08236392736434936 0.07520435121324327
13 0.5125147819519043 0.6934952206081815 0.0957902729511261 0.043901642163594566
1 0.07284427881240844 0.6660961574978299 0.12667789459228515 0.10847735934787327
1 0.1730562210083008 0.6559116787380642 0.09983386993408203 0.10261479483710395
3 0.7533769130706787 0.6760975307888455 0.059125196933746335 0.05395517349243164
5 0.7038517475128174 0.6469380272759332 0.013772955536842347 0.08119721942477756
9 0.04460523724555969 0.6181128607855902 0.033876004815101626 0.045051887300279404
5 0.6793469905853271 0.6414712693956163 0.015328945219516754 0.09621677398681641
9 0.6554924964904785 0.6513535393608941 0.02211499512195587 0.08575250837537977
0 0.010514561831951142 0.6283349355061849 0.018050384521484376 0.16353743871053059
3 0.9623021125793457 0.6743312411838107 0.07531068325042725 0.061058685514662
8 0.6334959030151367 0.6429656134711371 0.023248226940631868 0.09033919440375435