4 0.9590829849243164 0.6523449367947048 0.0830417275428772 0.07580120298597548
13 0.5129724502563476 0.6934149424235027 0.09480345249176025 0.04364889197879367
1 0.07286566495895386 0.6659991794162327 0.1264803409576416 0.10862949159410265
1 0.1732431173324585 0.6558841281467014 0.10020169019699096 0.10312818951076931
5 0.7041388034820557 0.6463965945773654 0.014180082082748412 0.08365940517849392
3 0.7533226490020752 0.6762205759684244 0.059167134761810306 0.053694036271837026
5 0.6803065299987793 0.6410638173421224 0.015406468510627746 0.0992929458618164
9 0.04475158751010895 0.6180057525634766 0.03408859968185425 0.04504311879475911
9 0.6551790714263916 0.6515992482503256 0.02271467596292496 0.08590263260735406
0 0.010560324788093567 0.6283928765190973 0.018268345296382903 0.16308956146240233
3 0.9622773170471192 0.6741068945990668 0.07544907927513123 0.061194562911987306
8 0.6364310264587403 0.6460122426350912 0.01673867702484131 0.0993902842203776