4 0.9589863777160644 0.6523715125189887 0.08327223062515259 0.07583089934455024
13 0.512439489364624 0.6933687845865886 0.09670405387878418 0.04435390631357829
1 0.07291976213455201 0.666140619913737 0.12634572982788086 0.1084896723429362
1 0.17302210330963136 0.6558490329318576 0.10000003576278686 0.10270069970024956
3 0.7529807567596436 0.6762351565890842 0.059477818012237546 0.05378383530510796
5 0.7040512561798096 0.6460512797037761 0.014269158244132996 0.08336788283454047
5 0.680084228515625 0.6409701029459636 0.015155649185180664 0.09918761783175999
9 0.04479670524597168 0.6179351382785373 0.03357056081295014 0.04456236627366808
9 0.6552099704742431 0.6510798136393229 0.023154141008853914 0.08571706877814399
0 0.010511834919452668 0.6283098856608073 0.018115729093551636 0.1635824097527398
3 0.9622563362121582 0.6742012447781033 0.07544471025466919 0.06118024720085992
8 0.6362351417541504 0.6462066226535373 0.017383189499378206 0.100877136654324