4 0.9589948654174805 0.6523841010199652 0.08325272798538208 0.07613848050435384
13 0.5120826244354248 0.6934505886501736 0.09523112773895263 0.044397195180257164
1 0.07288753986358643 0.6662125057644315 0.1267303705215454 0.10863534079657661
1 0.17307100296020508 0.6558828565809461 0.10015782117843627 0.10314356486002604
3 0.7530558109283447 0.6761875576443143 0.059250408411026 0.053882763120863174
5 0.7041120529174805 0.646102778116862 0.014263032376766205 0.08356253306070964
5 0.6804383277893067 0.6408996158175998 0.015121303498744965 0.09919882880316841
9 0.044727325439453125 0.6180137210422092 0.03382965326309204 0.04453994962904188
9 0.655369234085083 0.6509230295817058 0.02325999438762665 0.08570162455240886
0 0.010506680607795716 0.6281918419731988 0.018154175579547883 0.1638687557644314
3 0.9622706413269043 0.6741406758626302 0.07547074556350708 0.06138007905748155
8 0.6360264778137207 0.6457086775037978 0.016709837317466735 0.10123695797390408