4 0.9589434623718261 0.6523726569281684 0.08323156237602233 0.07591236432393392
13 0.5120723724365235 0.6934270222981771 0.09461599588394165 0.044195095698038735
1 0.07279393076896667 0.666153801812066 0.12692158222198485 0.10871272616916233
1 0.172977077960968 0.6558610280354817 0.10006939172744751 0.10281906127929688
3 0.7530288696289062 0.6764154222276476 0.05943732857704163 0.05377131568060981
5 0.7042517185211181 0.6464146931966146 0.01412540078163147 0.08358461591932509
5 0.6805844783782959 0.6410392337375217 0.015140865743160248 0.0983631451924642
9 0.044598108530044554 0.6179579416910808 0.0335682600736618 0.04458504782782661
9 0.6553735733032227 0.6515004052056207 0.023367661237716674 0.08565255800882975
0 0.010479262471199036 0.6282934400770399 0.018108388781547545 0.1642565091451009
3 0.9622686386108399 0.6741777631971572 0.07548941373825073 0.06121198336283366
8 0.6366084098815918 0.6467257181803385 0.017153358459472655 0.10249743991427951