4 0.9588888168334961 0.6523434956868489 0.08328399658203126 0.0758141040802002
13 0.5120143890380859 0.6934515635172526 0.09446035623550415 0.0441918585035536
1 0.17297350168228148 0.6558615366617838 0.09993504881858825 0.10275447633531358
1 0.07276118397712708 0.6662845611572266 0.1267420768737793 0.1084797117445204
3 0.7530893802642822 0.6762767367892795 0.05936998724937439 0.05379924774169922
5 0.7041706562042236 0.6463452657063802 0.014301885664463044 0.08357171482510037
5 0.6803493022918701 0.6410397423638238 0.015191853046417236 0.09925014707777235
9 0.0445748507976532 0.6179552714029948 0.03339806795120239 0.044618807898627384
9 0.6553552150726318 0.6510587904188369 0.023096011579036714 0.08627958827548557
0 0.010523821413516998 0.6283158620198568 0.018158741295337677 0.1634553485446506
8 0.6359357357025146 0.6458841535780165 0.016943073272705077 0.10169941584269206
3 0.962260627746582 0.6742187076144748 0.07558614611625672 0.061066357294718425