4 0.9590826988220215 0.6523341708713107 0.08289372324943542 0.07564990255567762
13 0.5128568649291992 0.6935792711046007 0.0961568832397461 0.04450092315673828
1 0.1729719638824463 0.6558466593424479 0.09962434768676758 0.10208978652954101
1 0.07269421219825745 0.666157701280382 0.12625417709350586 0.10832588407728407
5 0.7041232585906982 0.6468620724148221 0.014317187666893005 0.0825601789686415
3 0.7535794258117676 0.6765480041503906 0.05949603915214539 0.05396700435214573
5 0.6799824714660645 0.6418679555257162 0.01522202491760254 0.09836396111382378
9 0.04469767510890961 0.6180798424614801 0.033509713411331174 0.04439145723978678
9 0.6552797317504883 0.6518925560845269 0.022771015763282776 0.08573236465454101
0 0.010538380593061447 0.6283556196424697 0.01816167086362839 0.163367493947347
3 0.9623003005981445 0.6740971035427518 0.07550490498542786 0.061208343505859374
8 0.6367488384246827 0.6477975633409289 0.0172935888171196 0.10257443322075738