4 0.9591092109680176 0.6523035685221354 0.08282901048660278 0.07556363211737739
13 0.5129165649414062 0.6935969034830729 0.09621405601501465 0.04473940001593696
1 0.17295751571655274 0.6558361477322049 0.09947688579559326 0.10212517844306099
1 0.0726545512676239 0.6661677890353732 0.1257351517677307 0.10821266174316406
5 0.7040690422058106 0.6468673282199435 0.014355681836605072 0.08205513424343533
3 0.7535704612731934 0.6764691670735677 0.05958995819091797 0.053995540406968856
9 0.044692274928092954 0.6180581410725912 0.03345056176185608 0.04445631239149306
5 0.6799488067626953 0.6420116000705295 0.015337513387203216 0.09792662726508247
9 0.655337905883789 0.6518384297688802 0.02244868576526642 0.08591910468207466
0 0.010524880141019821 0.6284850226508246 0.01816892474889755 0.16319607628716362
3 0.962299919128418 0.6740639156765408 0.07538230419158935 0.06121705373128255
8 0.6371809005737304 0.6479830000135633 0.017703615128993988 0.0999937375386556