4 0.9590497970581054 0.652400631374783 0.0829182207584381 0.07593980365329318
13 0.5129596710205078 0.6934254964192709 0.0954053282737732 0.04425610701243083
1 0.17297353744506835 0.6558237711588542 0.09993602037429809 0.10235475964016384
5 0.7041356086730957 0.6460834079318576 0.01394357979297638 0.08332675827874078
1 0.07281514406204223 0.6661678738064236 0.1265103816986084 0.1082439104715983
3 0.7538678169250488 0.6762328677707248 0.05938568711280823 0.053597715165879994
9 0.044814831018447875 0.617997572157118 0.03352604508399963 0.04446007410685222
5 0.6804511547088623 0.6423949771457248 0.015713408589363098 0.09965592490302191
9 0.6554759025573731 0.6517464107937283 0.022721055150032043 0.0854695373111301
0 0.010477280616760254 0.6284493340386285 0.018210269510746002 0.16230328877766928
3 0.9595908164978028 0.6702817704942491 0.07578145861625671 0.05822943051656087
8 0.6367544651031494 0.6471341874864366 0.018192873895168306 0.1004354370964898