4 0.9591176986694336 0.6523482004801432 0.0829154372215271 0.07583844926622178
13 0.5128511905670166 0.6934874640570746 0.09620100259780884 0.04428638882107205
1 0.07275789380073547 0.666104253133138 0.12626571655273439 0.10836669074164497
1 0.17292571067810059 0.6558045705159505 0.09975627064704895 0.10267471737331814
5 0.704133415222168 0.6459906260172527 0.01382557898759842 0.0837714089287652
3 0.7538331031799317 0.6760922749837239 0.05913728475570679 0.053542534510294594
9 0.04493579864501953 0.6180535634358724 0.0335313081741333 0.044374320242140025
5 0.6804853439331054 0.6425599839952257 0.015188844501972198 0.09996892081366646
9 0.6559650897979736 0.6517155117458767 0.02234712988138199 0.08686166339450413
0 0.010503146797418594 0.6282549964057075 0.018174932897090913 0.16215061611599393
3 0.9622859954833984 0.6740788777669271 0.07538222074508667 0.061228900485568574
8 0.6361331939697266 0.6457374148898655 0.0186258465051651 0.10092270109388564