4 0.9590230941772461 0.6523472256130642 0.08278238773345947 0.07572566668192546
13 0.5129508018493653 0.6934714847140842 0.09597718119621276 0.04411511156294081
1 0.07273783683776855 0.6661184946695964 0.12616333961486817 0.10839035246107313
5 0.704024362564087 0.6459646436903211 0.013875192403793335 0.08382524384392633
1 0.17287148237228395 0.6558240254720052 0.09980294108390808 0.10257866117689345
3 0.7538297176361084 0.6759630839029948 0.05947927832603454 0.053437301847669816
9 0.04476952254772186 0.6180287679036458 0.03342435359954834 0.04450791676839193
5 0.6803880214691163 0.6427068922254774 0.01503339558839798 0.1003843731350369
9 0.6558164596557617 0.6517801920572917 0.02213132381439209 0.08662841584947374
0 0.01051071435213089 0.6283877902560764 0.01814303994178772 0.1626042260064019
3 0.9622663497924805 0.6741717868381076 0.07536548972129822 0.06122736401028103
8 0.6363416194915772 0.6462842305501302 0.018879219889640808 0.10012130737304688