3 0.297266 0.883333 0.113281 0.086111
4 0.106641 0.786111 0.166406 0.166667
4 0.757031 0.847917 0.107813 0.095833
3 0.202734 0.876389 0.094531 0.080556
7 0.725781 0.901389 0.109375 0.030556
5 0.820703 0.755556 0.019531 0.122222
4 0.476172 0.856250 0.125781 0.087500
3 0.090625 0.843750 0.143750 0.112500
3 0.435937 0.886806 0.139063 0.104167
8 0.348828 0.756250 0.055469 0.095833
4 0.403906 0.822222 0.121875 0.069444
8 0.709766 0.832639 0.036719 0.062500
1 0.009375 0.783333 0.017188 0.158333
7 0.410547 0.877778 0.213281 0.061111