3 0.292187 0.880556 0.118750 0.083333
4 0.097656 0.783333 0.168750 0.163889
7 0.717187 0.899306 0.112500 0.031944
4 0.747266 0.846528 0.108594 0.093056
3 0.083203 0.843056 0.146094 0.111111
4 0.471875 0.854167 0.128125 0.083333
3 0.197266 0.874306 0.085156 0.079167
4 0.391016 0.818056 0.108594 0.047222
3 0.428125 0.886806 0.137500 0.098611
5 0.816016 0.752083 0.019531 0.120833
8 0.342578 0.755556 0.047656 0.105556
8 0.701172 0.831944 0.042969 0.055556
1 0.004297 0.784028 0.007031 0.165278
7 0.400000 0.875694 0.218750 0.062500
