3 0.292187 0.880556 0.121875 0.083333
4 0.095312 0.781944 0.171875 0.166667
7 0.715625 0.899306 0.112500 0.031944
4 0.470313 0.854167 0.121875 0.080556
4 0.744531 0.846528 0.109375 0.093056
3 0.080859 0.843750 0.146094 0.112500
3 0.194922 0.874306 0.085156 0.079167
3 0.426172 0.885417 0.138281 0.101389
4 0.386719 0.821528 0.110937 0.043056
8 0.699609 0.833333 0.042969 0.058333
8 0.343359 0.763194 0.049219 0.106944
5 0.815625 0.756944 0.018750 0.119444
1 0.002344 0.791667 0.003125 0.152778
7 0.401562 0.880556 0.209375 0.061111
