4 0.0889943778514862 0.781848398844401 0.16908079385757446 0.16320470174153645
7 0.7050215721130371 0.8995596143934462 0.11788004636764526 0.032400510046217176
4 0.453663969039917 0.8514391581217448 0.11547870635986328 0.0823536237080892
3 0.40991435050964353 0.8869280497233073 0.13207859992980958 0.10238270229763455
3 0.27091739177703855 0.8814405653211805 0.11935490369796753 0.08312808672587077
3 0.1764582633972168 0.8750398423936632 0.09574832916259765 0.08230840894911025
3 0.06832817792892457 0.8448460896809896 0.1388262391090393 0.11196844312879774
4 0.7284070014953613 0.8432330661349826 0.11531550884246826 0.09642345640394423
4 0.37503578662872317 0.8252318488226996 0.11425507068634033 0.041395227114359535
8 0.33854217529296876 0.7501093546549479 0.04696318507194519 0.0946272850036621
5 0.807070541381836 0.7573152330186632 0.02069736272096634 0.14257849587334526
8 0.6811480045318603 0.8453470018174913 0.07270092368125916 0.042361243565877275
7 0.387109 0.875694 0.230469 0.073611