4 0.08686383962631225 0.7847382439507379 0.17164959907531738 0.166036499871148
7 0.7039296150207519 0.9001461452907986 0.10751516819000244 0.032523576418558756
4 0.45417213439941406 0.8526331583658854 0.11926379203796386 0.07852657636006673
4 0.726174259185791 0.8432044135199652 0.1089829683303833 0.10203613705105252
3 0.17671778202056884 0.8747774759928385 0.0960557997226715 0.08293566173977322
3 0.4091766357421875 0.8865608215332031 0.13416339159011842 0.10379760530259874
3 0.27178540229797366 0.8813913981119792 0.11979459524154663 0.08047595024108886
3 0.06815941333770752 0.8449185689290365 0.1393437385559082 0.11332067913479275
5 0.807067584991455 0.7568438212076823 0.021227271854877473 0.14470055898030598
8 0.6810712337493896 0.8506966484917535 0.07238564491271973 0.04022846751742893
8 0.35011658668518064 0.7912174648708767 0.041346555948257445 0.10351598527696397
4 0.3751750230789185 0.8253629048665364 0.11417397260665893 0.03267819881439209
7 0.387109 0.875694 0.230469 0.073611