4 0.08715922832489013 0.785404290093316 0.17135156393051149 0.16558701197306316
7 0.702948808670044 0.899877421061198 0.10743533372879029 0.03373412291208903
4 0.4548325538635254 0.8523457845052084 0.11914070844650268 0.07854610019259983
3 0.17712925672531127 0.8748296101888021 0.09657109379768372 0.08292601373460558
4 0.7271270751953125 0.8435491773817274 0.11225106716156005 0.09866222805447049
3 0.27195308208465574 0.8813248528374567 0.12058808803558349 0.08083532121446398
3 0.4086162567138672 0.8864717271592882 0.13409496545791627 0.10362399419148763
3 0.06819187998771667 0.844859144422743 0.13960109949111937 0.11358686023288303
5 0.8068696022033691 0.7562841627332899 0.02117190510034561 0.14086660808987087
8 0.3531834125518799 0.7891239590115018 0.043068206310272215 0.1054534912109375
8 0.6838794231414795 0.850541008843316 0.0684817910194397 0.039836637179056805
4 0.37635178565979005 0.8261140611436631 0.1124950885772705 0.03101103835635715
7 0.387109 0.875694 0.230469 0.073611