4 0.08706586360931397 0.7856155395507812 0.17058299779891967 0.16424131393432617
7 0.703126049041748 0.9003463745117187 0.10499765872955322 0.031951069831848145
4 0.7259577751159668 0.8433524237738715 0.10972375869750976 0.10281352996826172
3 0.17784438133239747 0.8742853800455729 0.09728370904922486 0.08342587153116862
3 0.27189106941223146 0.8810952928331163 0.12113012075424194 0.08194824854532877
4 0.45531315803527833 0.8528897603352864 0.11756888628005982 0.0783130963643392
3 0.4087955474853516 0.8864311218261719 0.13429249525070192 0.10537979337904188
3 0.06869237422943116 0.844753180609809 0.13989418745040894 0.11363517973158095
8 0.3547858715057373 0.7905511644151476 0.04239244759082794 0.10696369806925456
5 0.8074208259582519 0.7580429924858941 0.021627919375896455 0.14331388473510742
8 0.6827631950378418 0.8538458082411025 0.06672533750534057 0.03786476718054877
4 0.37677698135375975 0.8254949781629775 0.11122692823410034 0.033426245053609215
7 0.387109 0.875694 0.230469 0.073611