4 0.0872153878211975 0.7840969509548611 0.16575496196746825 0.1646519554985894
4 0.45612344741821287 0.8515351189507379 0.11493743658065796 0.07921138339572482
7 0.7051797389984131 0.9004942152235244 0.11128708124160766 0.03210922082265218
4 0.727438497543335 0.8431632147894965 0.10785200595855712 0.09973799387613932
3 0.1782088279724121 0.8737520853678385 0.09631011486053467 0.08338318930731879
3 0.4090916633605957 0.8867199367947048 0.1327804446220398 0.1019298447502984
3 0.26824259757995605 0.8809694078233506 0.12143455743789673 0.08378738827175564
3 0.06906277537345887 0.8445658365885417 0.14129431247711183 0.11412727567884658
8 0.6875508308410645 0.8551336500379775 0.06881099939346313 0.03598371611701118
5 0.8085469245910645 0.7582416110568576 0.024351000785827637 0.13106888665093316
4 0.3747751235961914 0.8260043674045139 0.10582337379455567 0.033360460069444445
8 0.34002032279968264 0.7751263936360677 0.036138337850570676 0.10996601316663954
7 0.387109 0.875694 0.230469 0.073611