4 0.08821093440055847 0.7817166646321615 0.16540319919586183 0.1652921570671929
4 0.45206561088562014 0.8504692925347223 0.11970696449279786 0.08295464515686035
7 0.7027237892150879 0.8992079840766058 0.11178334951400756 0.03064861562516954
4 0.7230153560638428 0.8407891167534722 0.10277016162872314 0.10230594211154515
3 0.27113757133483884 0.8810123019748264 0.12110525369644165 0.08213024669223362
3 0.41010141372680664 0.8866704305013021 0.13460315465927125 0.10405723783704969
3 0.1765765905380249 0.8736870659722222 0.09457895159721375 0.08179999987284342
3 0.06912643909454345 0.8444077385796441 0.1413126230239868 0.11199968126085069
8 0.32702562808990476 0.7594017028808594 0.04695330560207367 0.10161899990505642
5 0.810822868347168 0.7579616970486112 0.023384737968444824 0.13094025717841254
4 0.3722741365432739 0.8254718356662326 0.10657821893692017 0.03793103165096707
8 0.693787956237793 0.8638304816351996 0.08234771490097045 0.03112797737121582
7 0.387109 0.875694 0.230469 0.073611