4 0.08850972652435303 0.7821334838867188 0.16526020765304567 0.16553654140896268
4 0.45113091468811034 0.8516845703125 0.11900259256362915 0.07984369066026475
7 0.7045034885406494 0.8991343180338541 0.11432931423187256 0.030621666378445097
3 0.2715923547744751 0.8809987386067708 0.12646427154541015 0.0855484962463379
3 0.40982537269592284 0.8864037407769098 0.13268837928771973 0.10534606509738498
4 0.7249274730682373 0.8406610276963976 0.10352423191070556 0.09896665149264866
3 0.17612941265106202 0.8741072760687933 0.09452019929885865 0.08319582939147949
3 0.06908013820648193 0.8443861219618055 0.1417771339416504 0.11308105256822375
8 0.3351928949356079 0.782855733235677 0.046000045537948606 0.10147339502970378
5 0.8109169960021972 0.7579392327202691 0.023106205463409423 0.13122572369045682
4 0.372542405128479 0.8251472473144531 0.11389247179031373 0.038432481553819446
8 0.6936867713928223 0.8604736328125 0.0789642095565796 0.037380835745069715
7 0.387109 0.875694 0.230469 0.073611