4 0.08790850639343262 0.7843388027615017 0.17006473541259765 0.16600045098198785
7 0.7037839889526367 0.9004916720920139 0.11583508253097534 0.02893994649251302
4 0.4508809566497803 0.8528877258300781 0.116287362575531 0.07979648378160265
3 0.40932674407958985 0.8862988789876302 0.1340696930885315 0.10416458977593315
3 0.2680753469467163 0.880863274468316 0.12085230350494384 0.08685799704657661
3 0.17415636777877808 0.8742202758789063 0.0934746265411377 0.08414954079522027
3 0.06895196437835693 0.844583723280165 0.1404644727706909 0.11534154680040147
4 0.724172306060791 0.843497551812066 0.10930593013763427 0.0997406005859375
8 0.33563761711120604 0.7947635226779514 0.0455588161945343 0.09535658094618056
5 0.808986759185791 0.7568762885199652 0.023305512964725494 0.12792069117228191
4 0.37401957511901857 0.8238037957085503 0.11826510429382324 0.04001163641611735
8 0.6899459362030029 0.8405846489800347 0.07295996546745301 0.04625642034742567
7 0.387109 0.875694 0.230469 0.073611