4 0.0879948616027832 0.7847562154134115 0.17067621946334838 0.16632460488213432
7 0.7035019874572754 0.9006703694661459 0.1164551854133606 0.02910415596432156
4 0.4499722957611084 0.8532485114203558 0.11677315235137939 0.0801124201880561
3 0.40924839973449706 0.8862377590603299 0.134611976146698 0.10365357928805881
3 0.26796813011169435 0.8807634141710069 0.12158726453781128 0.0872189998626709
3 0.1737729787826538 0.873877207438151 0.09305037260055542 0.08448801040649415
3 0.06902133226394654 0.844624498155382 0.14032549858093263 0.11557003657023111
4 0.7233367919921875 0.8440317789713542 0.1117661714553833 0.09949364132351346
8 0.3359182834625244 0.7949012756347656 0.04492121934890747 0.09254490534464518
4 0.3737399816513062 0.8230308532714844 0.11736972332000732 0.040382716390821666
8 0.6897453784942627 0.8362277560763889 0.06919472217559815 0.044554885228474936
5 0.8086343765258789 0.7566739400227864 0.023448860645294188 0.12950028313530815
7 0.387109 0.875694 0.230469 0.073611