4 0.0877993106842041 0.7843532986111111 0.17260284423828126 0.16586541069878472
4 0.44963560104370115 0.8529967414008246 0.11567003726959228 0.080396392610338
7 0.7025962829589844 0.9001541985405817 0.11425812244415283 0.02926745679643419
3 0.40890021324157716 0.886249033610026 0.13450849056243896 0.1035461319817437
3 0.27131330966949463 0.8816827562120225 0.1216093897819519 0.08387347327338325
3 0.17491949796676637 0.8746709187825521 0.09486403465270996 0.08333604070875379
3 0.06898893117904663 0.8446867201063368 0.14050803184509278 0.11517649756537543
4 0.7234902858734131 0.8438097635904948 0.11293973922729492 0.10193911658393012
5 0.8069647789001465 0.7536541408962674 0.02050768435001373 0.13216902414957682
4 0.3729006290435791 0.8229281107584635 0.11344257593154908 0.04006515343983968
8 0.6881456851959229 0.8218946668836805 0.06646928191184998 0.04561741087171767
8 0.3346597909927368 0.7964461432562934 0.043034738302230834 0.09114729563395182
7 0.387109 0.875694 0.230469 0.073611