4 0.0878378689289093 0.7838553534613715 0.1714666485786438 0.1648619121975369
4 0.45070738792419435 0.8524820963541667 0.11323826313018799 0.07980644438001845
7 0.7023801326751709 0.9000395880805121 0.11477583646774292 0.029502532217237684
3 0.40926899909973147 0.8863923814561632 0.134896183013916 0.10351799858940972
3 0.2682338714599609 0.8816509670681424 0.11868206262588502 0.08665018611484104
3 0.17570418119430542 0.8747917175292969 0.09537721872329712 0.08331837654113769
3 0.0689168095588684 0.8446366204155816 0.1405055046081543 0.11469895044962565
4 0.7236096858978271 0.8436666700575087 0.1140455961227417 0.10213810602823893
5 0.8067493438720703 0.7527558220757379 0.02027861773967743 0.13277454376220704
8 0.33417448997497556 0.7945963541666666 0.043699097633361814 0.0934310171339247
8 0.686950969696045 0.8220573425292969 0.0662584662437439 0.044853231641981336
4 0.37275142669677735 0.8244699266221788 0.11118509769439697 0.03768960105048286
7 0.387109 0.875694 0.230469 0.073611