4 0.08810189962387086 0.7838802761501736 0.1728748321533203 0.16473609076605902
4 0.45038790702819825 0.8521458943684895 0.11437586545944214 0.08043257395426433
7 0.7020245552062988 0.9000800238715277 0.11347734928131104 0.029518069161309137
3 0.4094651222229004 0.886417728000217 0.13495299816131592 0.10348743862575954
3 0.2683598756790161 0.8814972771538628 0.11643649339675903 0.08746301862928603
3 0.17608144283294677 0.8750289916992188 0.09551629424095154 0.08325372801886664
3 0.06882279515266418 0.8446604410807291 0.14016396999359132 0.1144489606221517
4 0.7237931251525879 0.843438466389974 0.11288427114486695 0.10275171067979601
5 0.8057061195373535 0.7523225572374131 0.02053244560956955 0.1293430010477702
8 0.33243451118469236 0.7933614095052083 0.04201298952102661 0.09624367819892035
4 0.3720618486404419 0.8252722846137153 0.11043397188186646 0.038116489516364205
8 0.685919713973999 0.8239446004231771 0.0663486361503601 0.0436005433400472
7 0.387109 0.875694 0.230469 0.073611