4 0.08818861842155457 0.7828746371799045 0.17049728631973265 0.1658970514933268
7 0.7039870738983154 0.8999198913574219 0.11398528814315796 0.03121749030219184
4 0.45043067932128905 0.8521319071451823 0.11489986181259156 0.0833861615922716
3 0.409528923034668 0.8865066528320312 0.13163909912109376 0.10209829542371962
3 0.2712785005569458 0.8820930480957031 0.1166162371635437 0.08589086532592774
3 0.17755998373031617 0.8750098334418402 0.09500497579574585 0.08322930335998535
3 0.06885120272636414 0.8446166144476996 0.14107464551925658 0.11368426216973199
4 0.7222251415252685 0.8412293328179253 0.10692847967147827 0.09423176447550456
8 0.3224605321884155 0.7809626261393229 0.05468587279319763 0.10986866421169705
8 0.6903550148010253 0.8355308532714844 0.07011851072311401 0.04725431336296929
4 0.3696922779083252 0.8249186197916667 0.11057052612304688 0.042138579156663684
5 0.8005648612976074 0.7506557040744357 0.02038881480693817 0.12455827924940321
7 0.387109 0.875694 0.230469 0.073611