4 0.08790668249130248 0.783373769124349 0.1726596474647522 0.16250189675225152
4 0.4491571426391602 0.8517784118652344 0.11623106002807618 0.08026343451605902
7 0.70278959274292 0.900231679280599 0.1128767728805542 0.031046628952026367
3 0.4093649864196777 0.8867142571343316 0.13343364000320435 0.10203204684787326
3 0.26820685863494875 0.8810268825954861 0.11607699394226074 0.0893508169386122
3 0.17647768259048463 0.8752504136827257 0.094598388671875 0.08307066493564182
3 0.06872621178627014 0.8444686889648437 0.14065287113189698 0.11431111229790582
8 0.31690595149993894 0.7965936448838976 0.04602945148944855 0.09237900839911567
4 0.720635986328125 0.8376961602105035 0.10789721012115479 0.09640364117092556
8 0.6898622989654541 0.821775394015842 0.06471078395843506 0.05301637119717068
5 0.8020483016967773 0.7506590101453993 0.02095218300819397 0.12875538931952582
4 0.36416051387786863 0.8253466288248698 0.12561057806015014 0.037228152487013076
7 0.387109 0.875694 0.230469 0.073611