4 0.08788783550262451 0.7831498040093317 0.1725377321243286 0.16333307690090604
3 0.4096104621887207 0.8867352803548177 0.13368548154830934 0.1014735221862793
4 0.4479394435882568 0.8527232699924046 0.11894347667694091 0.0807026015387641
7 0.7015485763549805 0.9000809563530816 0.1129453420639038 0.031157837973700628
3 0.27068305015563965 0.881907484266493 0.1171032190322876 0.08660629590352377
3 0.17670010328292846 0.875484127468533 0.0951535701751709 0.08275593121846517
3 0.06882020235061645 0.8444808112250434 0.140964138507843 0.11424937778049045
4 0.7214100360870361 0.835939704047309 0.1090285062789917 0.10582152472601997
8 0.3160833835601807 0.7981487698025174 0.04659284353256225 0.09358944363064237
5 0.8022922515869141 0.7481170654296875 0.01938450336456299 0.1364508734809028
4 0.3639006853103638 0.8284236484103733 0.11955875158309937 0.045367129643758136
8 0.6882339000701905 0.8032019721137152 0.05974593162536621 0.04779066509670681
7 0.387109 0.875694 0.230469 0.073611