4 0.30255272388458254 0.6488171047634549 0.08121081590652465 0.08308357132805719
1 0.20007719993591308 0.6350418938530816 0.08518775701522827 0.09368747075398763
3 0.4311333656311035 0.6831156412760416 0.049454492330551145 0.04161977767944336
3 0.3056316614151001 0.6699498918321397 0.06545209884643555 0.056517606311374244
3 0.37849295139312744 0.6813521915011935 0.05213250517845154 0.045455879635281034
3 0.5090534687042236 0.6810791439480252 0.06961549520492553 0.04990273581610786
1 0.10824383497238159 0.6477388170030381 0.1052860975265503 0.09655999077690972
4 0.6255978584289551 0.6512536366780599 0.046297991275787355 0.04296847184499105
7 0.6176853179931641 0.676142332288954 0.06721509099006653 0.02547859615749783
0 0.016813841462135316 0.625332768758138 0.026069852709770202 0.14771241082085504
4 0.46258111000061036 0.6470835791693793 0.0888910174369812 0.03839942349327935
7 0.462109 0.677778 0.135156 0.038889