4 0.3028116226196289 0.648748058742947 0.08167639374732971 0.08356519275241428
1 0.2000169038772583 0.6349992116292318 0.08498767614364625 0.0939212269253201
3 0.30552446842193604 0.6699918535020616 0.06554462909698486 0.05675365659925673
3 0.5091209888458252 0.6809203677707248 0.06912243962287903 0.05067776044209798
3 0.37900381088256835 0.6814172108968098 0.0499322772026062 0.045308250851101343
3 0.4308077335357666 0.6836786058213976 0.04943297803401947 0.0401425838470459
4 0.6253973960876464 0.6499120076497396 0.04614594280719757 0.04710571500990126
1 0.10818040370941162 0.647865253024631 0.10470242500305176 0.09676071802775064
4 0.45680742263793944 0.6424330393473308 0.08575893640518188 0.0440451012717353
7 0.6179004669189453 0.6760259840223525 0.06466493606567383 0.0258154206805759
0 0.01695733964443207 0.6256107754177518 0.026131826639175414 0.14821258121066624
7 0.462109 0.677778 0.135156 0.038889