4 0.301751971244812 0.6485946231418186 0.0816335380077362 0.07968817816840278
3 0.4310457229614258 0.684338633219401 0.049385708570480344 0.03852812184227838
1 0.19980143308639525 0.6344999525282118 0.08646946549415588 0.09200425677829319
3 0.37792301177978516 0.6819296518961588 0.05278452038764954 0.045048093795776366
4 0.4541348934173584 0.627965588039822 0.07615643739700317 0.063016144434611
3 0.30521626472473146 0.6694061703152127 0.06576996445655822 0.055571858088175455
3 0.5086726665496826 0.6799093034532335 0.06843287944793701 0.051613468594021265
4 0.6252880573272706 0.6494909074571398 0.0467380166053772 0.049930874506632486
1 0.108597731590271 0.6471722920735677 0.10872628688812255 0.09568842781914605
7 0.618130111694336 0.6758588578965928 0.06555014848709106 0.025648477342393665
0 0.016489870846271515 0.6245474073621962 0.02627149522304535 0.1471691131591797
7 0.462109 0.677778 0.135156 0.038889