4 0.30149269104003906 0.6485049777560764 0.08155549764633178 0.07967695660061307
4 0.6252937316894531 0.646866692437066 0.04456170201301575 0.04963886472913954
3 0.37815940380096436 0.681396484375 0.053064143657684325 0.045498863855997725
1 0.19955842494964598 0.6345144907633463 0.0861680269241333 0.09306939442952473
3 0.43094863891601565 0.6839632246229383 0.04961090087890625 0.03843348026275635
3 0.5094187259674072 0.6805718739827474 0.06695152521133423 0.05162102381388346
3 0.30535306930541994 0.670046149359809 0.06506654024124145 0.05552077293395996
1 0.10888017416000366 0.6466607411702474 0.1102530837059021 0.09576622645060222
7 0.6183181762695312 0.6749461279975043 0.0665532648563385 0.026130837864345974
4 0.456481409072876 0.6335948096381293 0.07945444583892822 0.05048760837978787
0 0.01640288680791855 0.6244325002034505 0.02699093222618103 0.1459091610378689
7 0.462109 0.677778 0.135156 0.038889