4 0.3029841184616089 0.6481249915228949 0.08324924111366272 0.08472325536939833
1 0.2000018835067749 0.6348829481336805 0.08553138375282288 0.09349806043836806
3 0.3057424545288086 0.6700661977132162 0.06545268297195435 0.05679445266723633
4 0.4692842483520508 0.6405657450358073 0.0876305103302002 0.04103468259175618
4 0.624363374710083 0.6507647620307074 0.04280984103679657 0.039587280485365126
3 0.37961382865905763 0.6822339375813802 0.052288216352462766 0.044462929831610785
3 0.5090930938720704 0.6808183034261067 0.06954577565193176 0.05269730356004503
3 0.43262858390808107 0.6854826185438369 0.04942958950996399 0.03491953478919135
1 0.10832443237304687 0.6473481072319879 0.10733222961425781 0.09591083526611328
7 0.6181414604187012 0.6748796674940322 0.06235713958740234 0.025106965170966253
0 0.016250036656856537 0.6249094645182292 0.025988614559173583 0.14742483562893338
7 0.462109 0.677778 0.135156 0.038889