4 0.3025494575500488 0.6492996639675565 0.08181759119033813 0.08373289638095432
1 0.20065586566925048 0.6349252065022787 0.08448208570480346 0.09456605911254883
3 0.37785818576812746 0.6819729275173612 0.052273476123809816 0.04366068840026856
3 0.431735897064209 0.6849080403645833 0.049208179116249084 0.036329030990600586
1 0.10809519290924072 0.6484692891438802 0.1010824203491211 0.09871435165405273
3 0.30564146041870116 0.6698045094807943 0.06578372716903687 0.057135915756225585
3 0.507561731338501 0.6785146077473958 0.0726599633693695 0.05217197206285265
4 0.46923189163208007 0.6167223612467448 0.0944777250289917 0.10823921627468533
4 0.6264374732971192 0.6528254191080729 0.045362049341201784 0.03782896995544434
7 0.6178336620330811 0.6756855858696832 0.060460138320922854 0.024491024017333985
0 0.017663586139678954 0.6269776238335504 0.026778203248977662 0.14620516035291883
7 0.462109 0.677778 0.135156 0.038889