4 0.3023972988128662 0.6495446946885851 0.08118698596954346 0.08365283012390137
1 0.20081546306610107 0.6349265628390842 0.08495306968688965 0.09400071038140191
3 0.4320261001586914 0.6847572750515408 0.05053408145904541 0.036792018678453234
3 0.3784736156463623 0.6825482262505426 0.052606260776519774 0.04297797414991591
1 0.10767887830734253 0.648592291937934 0.10028408765792847 0.09963159561157227
3 0.3053861618041992 0.6702060699462891 0.06615222096443177 0.05671265920003255
3 0.5074341297149658 0.6789883507622613 0.07217126488685607 0.05190509690178765
4 0.4714517593383789 0.6164605034722223 0.09333029389381409 0.10772124396430122
7 0.6176581859588623 0.6759624905056424 0.060563701391220096 0.024051870240105522
4 0.6268139362335206 0.6532010396321615 0.044830608367919925 0.036656231350368926
0 0.017577362060546876 0.626982159084744 0.026696333289146425 0.14601561228434246
7 0.462109 0.677778 0.135156 0.038889