4 0.3027559518814087 0.6494295756022136 0.0824171781539917 0.08256159888373481
1 0.20098614692687988 0.6351315392388238 0.08588189482688904 0.09281575944688585
3 0.3788485288619995 0.6824483235677083 0.053360152244567874 0.04308215777079264
3 0.4324820518493652 0.6859706454806858 0.049858713150024415 0.03522867626614041
3 0.30567610263824463 0.6695489247639974 0.06667065620422363 0.05643419159783258
1 0.10835466384887696 0.6485186682807075 0.1022026538848877 0.09825689527723525
4 0.47725567817687986 0.6173948499891493 0.08803805708885193 0.1038190523783366
3 0.5076810836791992 0.6800858815511067 0.07105039954185485 0.050777096218532984
7 0.6175258159637451 0.6763346778021918 0.06050058007240296 0.024148323800828722
0 0.017623573541641235 0.6264841715494792 0.026617014408111574 0.14662580490112304
4 0.626768159866333 0.653345447116428 0.04375317990779877 0.03727997408972846
7 0.462109 0.677778 0.135156 0.038889