4 0.3024509191513062 0.6494250827365451 0.08207938075065613 0.0818956216176351
1 0.20089545249938964 0.6345163133409288 0.08719178438186645 0.09158853954739041
3 0.43243680000305174 0.6854270511203342 0.05008140206336975 0.036584650145636666
3 0.37870140075683595 0.682459216647678 0.05327003002166748 0.0431993219587538
3 0.3056817531585693 0.6694525400797526 0.06651544570922852 0.0565143002404107
3 0.5077423095703125 0.6809950086805555 0.07258988618850708 0.05144295162624783
1 0.10861032009124756 0.6481911977132161 0.10501127243041992 0.09633335537380643
4 0.4812325000762939 0.6182278951009115 0.0867142379283905 0.0892419179280599
7 0.6179344654083252 0.6768788231743706 0.060918891429901124 0.025658027331034342
4 0.6272746086120605 0.6528157552083333 0.04475174844264984 0.037910249498155385
0 0.016997717320919037 0.625974358452691 0.026111891865730284 0.14714309904310438
7 0.462109 0.677778 0.135156 0.038889