4 0.3016216278076172 0.6488836924235026 0.08050514459609985 0.08068083127339681
3 0.4313265323638916 0.6823607126871745 0.05151934027671814 0.03838692241244846
3 0.3051240682601929 0.668680911593967 0.065554678440094 0.05659427642822266
1 0.2009145975112915 0.6339793735080295 0.08683173656463623 0.09127988815307617
4 0.6262726306915283 0.6454206678602431 0.04364294409751892 0.0551841417948405
3 0.37850782871246336 0.6818519168429904 0.054137176275253295 0.04397954146067302
3 0.5068112373352051 0.6790519290500217 0.06876168251037598 0.0515117433336046
7 0.6195493221282959 0.6751116434733073 0.06417436003684998 0.02584514088100857
1 0.10877183675765992 0.6482666863335503 0.10528321266174316 0.09586826960245769
4 0.49425268173217773 0.6141519334581164 0.05339183807373047 0.09467373953925239
0 0.017139820754528044 0.6259710947672527 0.026246315240859984 0.14736832512749565
7 0.462109 0.677778 0.135156 0.038889