4 0.3016267061233521 0.6488519456651476 0.0805017590522766 0.08052789370218913
3 0.43098134994506837 0.6822970072428386 0.05113850831985474 0.03826006783379449
1 0.20092644691467285 0.6339803483751085 0.08677160143852233 0.09129897223578559
4 0.6247640609741211 0.6435669793023003 0.043995526432991025 0.05633242395189073
3 0.30507650375366213 0.668691889444987 0.06555531024932862 0.0563751220703125
3 0.37850136756896974 0.6819123162163628 0.053945261240005496 0.044157131512959795
3 0.507068395614624 0.6788400014241537 0.07039376497268676 0.05120567215813531
1 0.10882830619812012 0.6482031928168402 0.10526037216186523 0.09602192772759331
7 0.6190454959869385 0.6750603146023221 0.06500861048698425 0.02622626092698839
4 0.4958901882171631 0.6140768686930339 0.05207974910736084 0.09375671810574002
0 0.017125454545021058 0.6258828481038411 0.02628955841064453 0.14752641254001195
7 0.462109 0.677778 0.135156 0.038889