4 0.3016078233718872 0.6488638983832465 0.08086145520210267 0.08043402565850152
3 0.4306630611419678 0.6822997199164497 0.05096920728683472 0.038070241610209145
3 0.3049332857131958 0.6686676873101128 0.0657866656780243 0.05644451247321235
1 0.20091838836669923 0.6339661068386502 0.08681287765502929 0.0912141587999132
4 0.6246540546417236 0.6441923777262369 0.04403367042541504 0.05627415445115831
3 0.3786031723022461 0.681940205891927 0.05404164791107178 0.04447098308139377
3 0.5068381309509278 0.6787569681803386 0.07011809349060058 0.0510072390238444
7 0.6193227767944336 0.6751804351806641 0.06456996202468872 0.026307818624708386
1 0.10886213779449463 0.6482519361707899 0.10548211336135864 0.0958507219950358
4 0.49616184234619143 0.6142601437038846 0.051839590072631836 0.09517529805501303
0 0.017035308480262756 0.6258897569444445 0.026191875338554382 0.14739704132080078
7 0.462109 0.677778 0.135156 0.038889