4 0.3014450311660767 0.6490151723225911 0.08048972487449646 0.08041251500447591
3 0.43117327690124513 0.6832919650607638 0.0510412335395813 0.03718522919548883
3 0.30486669540405276 0.6682980007595486 0.0660128653049469 0.05661847326490614
1 0.2008211374282837 0.6338105943467882 0.08719733953475953 0.09086773130628797
4 0.6244197368621827 0.6427596198187934 0.044608837366104125 0.05625225173102485
3 0.3782871007919312 0.6822788662380642 0.05391860604286194 0.04365482595231798
4 0.4943321704864502 0.6147181193033854 0.05830837488174438 0.09422794977823894
3 0.507166576385498 0.679525629679362 0.06972623467445374 0.05056006643507216
1 0.10883524417877197 0.6481739891899957 0.1054078221321106 0.09606764051649305
7 0.6189413070678711 0.6748557620578342 0.06532248258590698 0.02700778908199734
0 0.017506928741931917 0.6260484059651693 0.02631038725376129 0.14713122049967448
7 0.462109 0.677778 0.135156 0.038889