4 0.4924036979675293 0.6126208835177951 0.06390886902809143 0.10885263019137913
4 0.3013385534286499 0.6487197875976562 0.08148734569549561 0.08096003532409668
3 0.30472841262817385 0.6683377159966363 0.06656856536865234 0.05686131053500705
1 0.20091817378997803 0.6339321136474609 0.08655320405960083 0.0915257453918457
3 0.43082609176635744 0.6839465671115451 0.04945474863052368 0.0357083691491021
4 0.6242725849151611 0.6412807040744357 0.043947601318359376 0.05789260334438748
3 0.37802674770355227 0.6824147542317708 0.05414614677429199 0.04371383719974094
1 0.10904917716979981 0.648142835828993 0.10425995588302613 0.09731144375271267
3 0.5078837394714355 0.6802253299289279 0.0699763298034668 0.04820327758789063
7 0.6190574169158936 0.6745357513427734 0.06554452180862427 0.027004660500420465
0 0.017646200954914093 0.6268939971923828 0.026889356970787048 0.14598636627197265
7 0.462109 0.677778 0.135156 0.038889