4 0.4934072017669678 0.6103729671902127 0.05497792959213257 0.10499080022176106
4 0.30140204429626466 0.6485629611545138 0.08187165856361389 0.08012958102756076
3 0.3048400402069092 0.6681223975287544 0.0665596067905426 0.056595770517985027
1 0.20098795890808105 0.6338540395100911 0.08685153126716613 0.09134564929538302
4 0.6240320682525635 0.6411437564425998 0.04517775475978851 0.057193591859605576
3 0.4311117649078369 0.6833747016059027 0.05125730037689209 0.03622828324635823
3 0.3783968448638916 0.6815087212456598 0.05381847023963928 0.0442163970735338
1 0.10907473564147949 0.6481854332817926 0.10388395786285401 0.0974758783976237
3 0.5067638874053955 0.6786733839246962 0.07022449374198914 0.055059597227308486
7 0.6191448211669922 0.6743645138210721 0.06605782508850097 0.026942438549465604
0 0.017932218313217164 0.6269102308485243 0.026847195625305176 0.1462776396009657
7 0.462109 0.677778 0.135156 0.038889