3 0.3046856880187988 0.6682722727457683 0.06659402847290039 0.05684017605251736
4 0.301397705078125 0.6485432942708333 0.08231291174888611 0.08012988302442763
4 0.4913157939910889 0.6113396114773221 0.057010287046432497 0.10515615675184461
3 0.4314303398132324 0.6833007388644748 0.05056503415107727 0.035853772693210176
1 0.20116879940032958 0.6340010325113933 0.0868760883808136 0.09158206515842014
3 0.3786064386367798 0.6817090352376302 0.05405889749526978 0.04391976727379693
1 0.10906248092651367 0.6480426788330078 0.10296441316604614 0.0978796746995714
4 0.6234662532806396 0.6416031307644314 0.045283970236778257 0.0586510181427002
3 0.5072275161743164 0.6791397942437066 0.06888309121131897 0.04987178908454047
7 0.6187190055847168 0.6746114095052084 0.06627112627029419 0.027177609337700737
0 0.018205834925174712 0.6269776238335504 0.02708735167980194 0.14632871415879992
7 0.462109 0.677778 0.135156 0.038889