1 0.5553553104400635 0.6857603708902995 0.04904918074607849 0.04540796279907226
1 0.4409512519836426 0.6848022884792752 0.042107149958610535 0.05178902414109972
1 0.33263158798217773 0.6810833401150174 0.05333654880523682 0.05824626816643609
1 0.393518328666687 0.6860937330457899 0.04638673067092895 0.055588584476047094
1 0.494813346862793 0.6872005886501736 0.050008606910705564 0.052671819263034395
0 0.037723177671432497 0.630676990085178 0.03304476141929626 0.16105045742458768
2 0.6071404933929443 0.5393289777967665 0.02723935544490814 0.13134678734673394
16 0.153125 0.538194 0.134375 0.231944
17 0.866406 0.603472 0.034375 0.212500
22 0.9782408714294434 0.6552699195014106 0.039543503522872926 0.10573721991644966
21 0.6452302455902099 0.6515602535671658 0.08091861605644227 0.09444385104709202