1 0.5556127548217773 0.6855455186631945 0.04901987314224243 0.045284573237101236
1 0.4411208152770996 0.6845528072781033 0.04315643906593323 0.05267756250169542
1 0.3933913469314575 0.685925547281901 0.04676041007041931 0.05624539587232802
1 0.3322155237197876 0.6813431209988065 0.052651751041412356 0.05795474052429199
1 0.49491519927978517 0.6872155083550348 0.05020328760147095 0.05324295891655816
0 0.037678733468055725 0.6305704752604167 0.03289747536182404 0.1601342413160536
2 0.6070184707641602 0.5397321489122179 0.02665637731552124 0.13311520682440864
16 0.153125 0.538194 0.134375 0.231944
17 0.866406 0.603472 0.034375 0.212500
22 0.9781874656677246 0.6550957997639973 0.03922923803329468 0.10468414094713
21 0.6448659896850586 0.6506424374050565 0.07659637928009033 0.09370171229044597