1 0.5551432609558106 0.6848649342854818 0.049700766801834106 0.04590746031867133
1 0.495925235748291 0.6869590335422092 0.0500322163105011 0.05277055634392632
1 0.39291067123413087 0.6864538828531901 0.04624423384666443 0.054905472861395944
1 0.44133763313293456 0.6842545827229818 0.04424024224281311 0.05418988863627116
1 0.332124924659729 0.6815811581081814 0.05230523943901062 0.05812418195936415
0 0.03773092925548553 0.6306085374620226 0.0329054057598114 0.16072145038180882
2 0.6079416275024414 0.5375055101182725 0.02138311564922333 0.12878052393595377
16 0.153125 0.538194 0.134375 0.231944
17 0.866406 0.603472 0.034375 0.212500
22 0.9781736373901367 0.6549325731065538 0.0387442409992218 0.10364197625054253
21 0.6434287071228028 0.6467465294731988 0.07714439630508423 0.09269160164727105