1 0.5549136161804199 0.6850251939561632 0.05044989585876465 0.044720591439141165
1 0.49564342498779296 0.6868245442708333 0.04923945367336273 0.05216968854268392
1 0.3924814462661743 0.6866448720296224 0.04614562392234802 0.0542513370513916
1 0.3323765993118286 0.681715562608507 0.052245163917541505 0.0588656743367513
1 0.44163851737976073 0.6836449093288846 0.0443942129611969 0.05625405311584473
0 0.038930052518844606 0.6309376186794705 0.02991270422935486 0.15215414894951715
2 0.6115665912628174 0.5364020453559027 0.021361707150936125 0.12811679840087892
16 0.153125 0.538194 0.134375 0.231944
17 0.866406 0.603472 0.034375 0.212500
22 0.9782272338867187 0.6548840416802301 0.03889719247817993 0.10453351338704427
21 0.6442991256713867 0.6444443596733941 0.07706607580184936 0.09364264806111654