1 0.44092364311218263 0.6833627065022786 0.044200026988983156 0.05153798527187771
1 0.4949642181396484 0.6856869591606988 0.05506048202514648 0.05216285917494032
1 0.5567816734313965 0.6849981519911025 0.05228925347328186 0.04745887650383843
1 0.3917914628982544 0.6866898006863065 0.045708805322647095 0.05058224466111925
1 0.3308966636657715 0.6821419186062283 0.051025426387786864 0.054718828201293944
0 0.038994646072387694 0.6297431521945529 0.030296903848648072 0.14901615778605143
2 0.6386962413787842 0.5142914242214627 0.01637335419654846 0.17760721842447916
16 0.153125 0.538194 0.134375 0.231944
17 0.866406 0.603472 0.034375 0.212500
22 0.9782170295715332 0.6552737341986762 0.03949775993824005 0.10499801635742187
21 0.6447072505950928 0.6500210232204862 0.07669522762298583 0.09541125827365451