1 0.4409018516540527 0.68345701429579 0.04422061443328858 0.05138006740146213
1 0.49500651359558107 0.6857006496853298 0.05481243133544922 0.05204637315538194
1 0.3307169437408447 0.6823994954427083 0.05147639513015747 0.05520749621921116
1 0.391838526725769 0.6870924207899306 0.045931529998779294 0.050496207343207464
1 0.5564705848693847 0.6856394873725044 0.05130406022071839 0.0462870544857449
0 0.03897965252399445 0.629744127061632 0.030134114623069762 0.14911317825317383
2 0.6446552753448487 0.5128072526719835 0.016805531084537507 0.19836898379855686
16 0.153125 0.538194 0.134375 0.231944
17 0.866406 0.603472 0.034375 0.212500
22 0.9782466888427734 0.6552200741238065 0.03952823281288147 0.10507365332709419
21 0.644056749343872 0.6486819373236762 0.07682777643203735 0.09651918411254883