1 0.5556336402893066 0.6843890719943576 0.0522880494594574 0.04772409862942166
1 0.33063206672668455 0.684140862358941 0.05151854753494263 0.0552631590101454
1 0.3904458999633789 0.6880399068196614 0.04560827612876892 0.049237722820705834
1 0.44090981483459474 0.6818600972493489 0.04372815787792206 0.049295833375718856
2 0.6475667476654052 0.5933553483751085 0.01604563742876053 0.18195406595865884
1 0.49475650787353515 0.6837256961398654 0.053918486833572386 0.0537988821665446
0 0.03897708952426911 0.6301552242702908 0.030177268385887145 0.1489431063334147
16 0.153125 0.538194 0.134375 0.231944
17 0.866406 0.603472 0.034375 0.212500
22 0.9766107559204101 0.650732676188151 0.0383154422044754 0.09565972222222222
21 0.6429020881652832 0.6424583011203342 0.07724369764328003 0.08977482053968641