1 0.555660343170166 0.6844498104519314 0.0530302107334137 0.04874556329515245
1 0.3304166316986084 0.6840854220920138 0.05251330733299255 0.05516559812757704
1 0.3902617931365967 0.6884015401204427 0.045704123377799985 0.048837931950887044
1 0.44091215133666994 0.6824157290988498 0.04463793039321899 0.05003702375623915
1 0.4948183536529541 0.6840309566921658 0.05411136746406555 0.05419629414876302
0 0.03902294933795929 0.6305727216932508 0.030363190174102783 0.14968897501627604
2 0.6524283409118652 0.5931021372477213 0.02230463773012161 0.18852592044406466
16 0.153125 0.538194 0.134375 0.231944
17 0.866406 0.603472 0.034375 0.212500
22 0.976375961303711 0.6478885226779514 0.04033642411231995 0.10523080825805664
21 0.6424041271209717 0.6431605021158854 0.08113488554954529 0.08544885847303603