1 0.5556636810302734 0.6845741271972656 0.05251018404960632 0.04899020195007324
1 0.44095935821533205 0.6833811865912544 0.04472640752792358 0.05045388009813097
1 0.3303206205368042 0.6842823452419705 0.05301380753517151 0.055075285169813366
1 0.39035108089447024 0.688730960422092 0.04592633843421936 0.049008279376559785
1 0.49487667083740233 0.6843392690022786 0.054045170545578 0.05413504706488715
0 0.03902793526649475 0.6305920071072049 0.030235540866851807 0.14893458684285482
2 0.649033784866333 0.5944758521185981 0.025582951307296754 0.18510013156467015
16 0.153125 0.538194 0.134375 0.231944
17 0.866406 0.603472 0.034375 0.212500
22 0.9763143539428711 0.6470425075954861 0.0412784218788147 0.11405265596177842
21 0.6416926860809327 0.6427551693386502 0.07893470525741578 0.0876288202073839