1 0.5556326866149902 0.6849259270562066 0.05132644772529602 0.04982315169440375
1 0.4405365467071533 0.6874294704861111 0.04610779285430908 0.04943585925632053
1 0.49451642036437987 0.6848878224690755 0.052522844076156615 0.05361138449774848
1 0.3902320384979248 0.6894736819797092 0.047072064876556394 0.049385992685953777
1 0.3301306009292603 0.6837498135036892 0.05334670543670654 0.05538576973809136
0 0.03900932967662811 0.6304626888699002 0.030133140087127686 0.14942198859320746
2 0.6474871158599853 0.5926524268256294 0.02673536241054535 0.18459610409206814
16 0.153125 0.538194 0.134375 0.231944
17 0.866406 0.603472 0.034375 0.212500
22 0.9768514633178711 0.6474362691243489 0.03988420367240906 0.11808790630764432
21 0.6400904178619384 0.6425805833604601 0.07848083972930908 0.08919608857896592