1 0.5555617809295654 0.6847063700358073 0.05089181065559387 0.05008323987325033
1 0.44060192108154295 0.6874523162841797 0.04628979563713074 0.04961338573031955
1 0.49455647468566893 0.6849528418646919 0.05219533443450928 0.05374917984008789
1 0.39020047187805174 0.6894298977322049 0.047177094221115115 0.04955218103196886
1 0.3300514221191406 0.683699968126085 0.053476500511169436 0.055303070280287
0 0.03901866376399994 0.6304981655544705 0.03015928566455841 0.14834341473049587
2 0.658568286895752 0.5988669501410591 0.020405156910419463 0.16006609598795574
16 0.153125 0.538194 0.134375 0.231944
17 0.866406 0.603472 0.034375 0.212500
22 0.976562786102295 0.6494354671902127 0.040049001574516296 0.09873508877224392
21 0.6405454158782959 0.6414209153917101 0.0812361478805542 0.08930646048651801