1 0.5556112289428711 0.6847072177463107 0.050714904069900514 0.04991957346598307
1 0.44064650535583494 0.6874152289496528 0.0461436778306961 0.049656910366482204
1 0.49453153610229494 0.6849908616807726 0.05220488905906677 0.05364095369974772
1 0.3903092861175537 0.6894024742974175 0.04706585109233856 0.049662807252671984
1 0.3300124406814575 0.683745617336697 0.05341448783874512 0.0555267333984375
0 0.03899964988231659 0.6306055704752604 0.030207106471061708 0.14865298800998264
2 0.6616749286651611 0.5996703677707248 0.02175171673297882 0.16055718527899848
16 0.153125 0.538194 0.134375 0.231944
17 0.866406 0.603472 0.034375 0.212500
22 0.9765224456787109 0.6499304029676649 0.03995842039585114 0.0968971676296658
21 0.6418319702148437 0.6412262386745877 0.08125457167625427 0.08812501165601942