1 0.555699348449707 0.6845291985405816 0.05113824009895325 0.05002723269992405
1 0.44050989151000974 0.6873642391628689 0.04630346596240997 0.04967159165276421
1 0.4945723533630371 0.6847716437445747 0.05239171981811523 0.053727875815497504
1 0.3301226139068604 0.6837535434299045 0.05387251377105713 0.055923859278361
1 0.3902158737182617 0.6894152747260199 0.04681310653686523 0.049703126483493384
0 0.037636056542396545 0.6296034918891059 0.03288339078426361 0.15971964730156793
2 0.6629473686218261 0.5995908949110244 0.020656876266002655 0.18124675750732422
16 0.153125 0.538194 0.134375 0.231944
17 0.866406 0.603472 0.034375 0.212500
22 0.9765077590942383 0.6500512440999349 0.039810603857040404 0.09525401857164172
21 0.6424891471862793 0.6408607906765408 0.08213008642196655 0.0892754978603787