1 0.5556252002716064 0.6846338060167101 0.05115545392036438 0.050069199668036565
1 0.4405377388000488 0.6874291737874348 0.046352988481521605 0.0495356559753418
1 0.494608211517334 0.6848248799641927 0.05245266556739807 0.05396315256754557
1 0.33016295433044435 0.6836661868625217 0.0534685492515564 0.05559184816148546
1 0.3902289390563965 0.6894299401177301 0.0467961847782135 0.04956241713629828
0 0.0390360951423645 0.6300042470296224 0.030069819092750548 0.1485122044881185
2 0.6577548980712891 0.5999192131890191 0.023005425930023193 0.1805424584282769
16 0.153125 0.538194 0.134375 0.231944
17 0.866406 0.603472 0.034375 0.212500
22 0.9765901565551758 0.6501514858669705 0.039348408579826355 0.09536536534627278
21 0.642238187789917 0.6423048231336805 0.08127052783966064 0.09012303882175021