1 0.555581521987915 0.6847449408637153 0.05123196840286255 0.0500504281785753
1 0.44058971405029296 0.6874350229899089 0.04642044007778168 0.04933339754740397
1 0.49468045234680175 0.6848812103271484 0.05251665115356445 0.053870969348483615
1 0.33021342754364014 0.6837036556667752 0.053700494766235354 0.05570641093783908
1 0.39023256301879883 0.6893907758924697 0.046817684173583986 0.04957737922668457
0 0.03903304040431976 0.6300774044460721 0.030013662576675416 0.14829568862915038
2 0.6547216892242431 0.5990858713785807 0.02229869067668915 0.16271003087361655
16 0.153125 0.538194 0.134375 0.231944
17 0.866406 0.603472 0.034375 0.212500
22 0.9766412734985351 0.6499805450439453 0.03917762935161591 0.09516157574123807
21 0.6416100978851318 0.6418378194173177 0.08299516439437866 0.08841125170389812