1 0.6979779720306396 0.6788697984483507 0.04314648807048797 0.03756160736083984
1 0.3283055305480957 0.6862666659884983 0.048538234829902646 0.05102515750461155
1 0.725788688659668 0.6686887953016493 0.042916542291641234 0.039521659745110405
0 0.03771315217018127 0.6301205105251736 0.03319027423858643 0.1618997997707791
2 0.6412527561187744 0.5507043202718099 0.025783365964889525 0.18930240207248264
16 0.149219 0.542361 0.139063 0.223611
17 0.864453 0.602083 0.038281 0.218056
22 0.97626953125 0.646591059366862 0.04048493802547455 0.1078931278652615
21 0.6478734970092773 0.64894044664171 0.07574074864387512 0.07659669982062446
23 0.37313649654388426 0.6648612552218967 0.11008690595626831 0.05403587023417155
25 0.6478734970092773 0.64894044664171 0.0605925989151001 0.06127735985649957