1 0.7272935390472413 0.6673437754313151 0.04216996431350708 0.04452998373243544
1 0.6971569061279297 0.6794895595974393 0.046369549632072446 0.04343389670054118
1 0.32828876972198484 0.6859258439805772 0.048282796144485475 0.051600207222832574
0 0.03763067126274109 0.6299817403157552 0.033397984504699704 0.16257029639350043
2 0.643494701385498 0.5583880106608073 0.027705556154251097 0.16858998404608833
16 0.149219 0.542361 0.139063 0.223611
17 0.864453 0.602083 0.038281 0.218056
22 0.9763154029846192 0.6458889855278863 0.0411902517080307 0.11159528096516927
21 0.6473598003387451 0.6480316585964627 0.07595441341400147 0.0823274400499132
23 0.3734924554824829 0.6644605000813802 0.11021368503570557 0.05378221935696072
25 0.6473598003387451 0.6480316585964627 0.06076353073120118 0.06586195203993056