1 0.5555424213409423 0.6848317464192708 0.05080816149711609 0.05027475357055664
1 0.44047937393188474 0.687472407023112 0.046259832382202146 0.04920583830939399
1 0.49468092918395995 0.6848711225721571 0.052615582942962646 0.05368494457668728
1 0.3302587985992432 0.6835454305013021 0.05348004698753357 0.05583859549628364
1 0.3903876543045044 0.6893266042073568 0.046673595905303955 0.04946376482645671
0 0.03900046646595001 0.6301275041368273 0.030061450600624085 0.14697753058539498
2 0.6683530807495117 0.6013172149658204 0.017461970448493958 0.17840826246473523
16 0.153125 0.538194 0.134375 0.231944
17 0.866406 0.603472 0.034375 0.212500
22 0.976900863647461 0.649953121609158 0.03966245651245117 0.0951547622680664
21 0.6418793678283692 0.642463133070204 0.0809783697128296 0.0854551633199056