1 0.555817699432373 0.6848372141520183 0.05092933773994446 0.04988549020555284
1 0.44063739776611327 0.6875473870171441 0.04624350666999817 0.04964614444308811
1 0.4945984840393066 0.684880871242947 0.052604949474334715 0.053684001498752174
1 0.3302836179733276 0.6835781521267361 0.05314567089080811 0.05595980220370823
1 0.3905221462249756 0.6893094380696615 0.046997126936912534 0.04982267485724555
0 0.039011555910110476 0.6300306532118055 0.02963109016418457 0.1491790665520562
2 0.655628252029419 0.5975828806559245 0.02515479326248169 0.17604423099093966
16 0.153125 0.538194 0.134375 0.231944
17 0.866406 0.603472 0.034375 0.212500
22 0.9770621299743653 0.6504287719726562 0.039040553569793704 0.09766173892550999
21 0.642241096496582 0.6431993696424696 0.0817912757396698 0.08632533815171983