1 0.5556775093078613 0.6848815070258246 0.05095559358596802 0.05003313488430447
1 0.44066543579101564 0.6876631418863932 0.046487230062484744 0.04952294031778971
1 0.4944911956787109 0.6848338656955295 0.052698051929473876 0.05373489061991374
1 0.3303208351135254 0.683609135945638 0.05303507447242737 0.055931584040323896
1 0.39055724143981935 0.6893424987792969 0.04722331166267395 0.049606344434950086
0 0.039051714539527896 0.6300699869791667 0.030133873224258423 0.14943492677476672
2 0.6584994316101074 0.5969173855251736 0.02208692580461502 0.1653103404574924
16 0.153125 0.538194 0.134375 0.231944
17 0.866406 0.603472 0.034375 0.212500
22 0.9770443916320801 0.6500653160942925 0.039248377084732056 0.09657846026950412
21 0.6423917770385742 0.6415700276692708 0.08220205307006836 0.08796600235833062