1 0.5557046890258789 0.6847871144612631 0.051167804002761844 0.05016942024230957
1 0.44066219329833983 0.6876342349582248 0.04639131128787995 0.04935234917534722
1 0.49451284408569335 0.6848367055257162 0.05262332558631897 0.05392939779493544
1 0.3301603555679321 0.6837316301133898 0.05330889225006104 0.05602736473083496
1 0.3905015468597412 0.6893866221110027 0.04734608829021454 0.04972335497538249
0 0.03903267979621887 0.6299442715115018 0.03027651011943817 0.14857810338338215
2 0.661469554901123 0.5987298329671223 0.019044430553913118 0.18159508175320097
16 0.153125 0.538194 0.134375 0.231944
17 0.866406 0.603472 0.034375 0.212500
22 0.9770532608032226 0.6500465816921658 0.039144235849380496 0.09629077911376953
21 0.6423838138580322 0.6421963585747613 0.08192234039306641 0.08452600902981228