1 0.5556080341339111 0.6848264482286242 0.05087542533874512 0.050182904137505424
1 0.4406598091125488 0.6877104017469619 0.04626497030258179 0.0495476934644911
1 0.49444189071655276 0.6848391215006511 0.052624833583831784 0.05369884702894423
1 0.3301477670669556 0.6836646609836154 0.052995747327804564 0.055759832594129775
1 0.39046244621276854 0.6894084082709419 0.04729724526405334 0.04980278544955784
0 0.03905943334102631 0.6301634894476996 0.03040097951889038 0.1490334086947971
2 0.6470562934875488 0.5917683919270833 0.031437253952026366 0.18290892706976997
16 0.153125 0.538194 0.134375 0.231944
17 0.866406 0.603472 0.034375 0.212500
22 0.9769228935241699 0.6501639048258464 0.038841694593429565 0.09704335530598958
21 0.6418613910675048 0.6424276987711589 0.07771807909011841 0.08966397179497612