1 0.5555076122283935 0.6848926544189453 0.05050636529922485 0.050094323688083225
1 0.44067912101745604 0.6876978132459852 0.04633125364780426 0.04929058286878798
1 0.49443855285644533 0.6848353068033854 0.05263492465019226 0.05378037558661567
1 0.3301111698150635 0.6835790422227648 0.0528276801109314 0.05554739634195963
1 0.39038336277008057 0.6893973880343967 0.04734650254249573 0.04958354102240668
0 0.0390565037727356 0.630111567179362 0.030818569660186767 0.14883104960123697
2 0.6416616916656495 0.5911852094862197 0.03218020796775818 0.1736115985446506
16 0.153125 0.538194 0.134375 0.231944
17 0.866406 0.603472 0.034375 0.212500
22 0.976937198638916 0.6499102274576823 0.039050668478012085 0.09655152426825629
21 0.6406424522399903 0.6419234805636935 0.07838526368141174 0.09057203928629558