1 0.5556068420410156 0.6849385579427083 0.05148131251335144 0.05019698143005371
1 0.440679931640625 0.6876617855495877 0.04639831781387329 0.04972901874118381
1 0.49442253112792967 0.6848450130886502 0.052698051929473876 0.053905550638834634
1 0.33029637336730955 0.6835577646891277 0.05359333157539368 0.056040657891167536
1 0.39057302474975586 0.6894189198811849 0.04739855527877808 0.0496880054473877
0 0.039007365703582764 0.630033916897244 0.030293074250221253 0.14897101720174152
2 0.6461503028869628 0.589933353000217 0.02882921099662781 0.16346912384033202
16 0.153125 0.538194 0.134375 0.231944
17 0.866406 0.603472 0.034375 0.212500
22 0.9765039443969726 0.6498741573757596 0.0395001620054245 0.09445419311523437
21 0.642830753326416 0.6426477220323351 0.07780336141586304 0.08864250712924533