1 0.5556080341339111 0.684982172648112 0.05146990418434143 0.050225522783067494
1 0.4406482219696045 0.6876299964057074 0.04637908935546875 0.04961659113566081
1 0.4944283485412598 0.6848183102077908 0.052707862854003903 0.0538192802005344
1 0.3303129434585571 0.6835333082411025 0.053441858291625975 0.0558495733473036
1 0.39053609371185305 0.6894257863362631 0.04742860198020935 0.04968348079257541
0 0.039014998078346255 0.6300242529975043 0.0302744060754776 0.1491196420457628
2 0.6467888355255127 0.5905565049913194 0.0272826611995697 0.1646297878689236
16 0.153125 0.538194 0.134375 0.231944
17 0.866406 0.603472 0.034375 0.212500
22 0.9767980575561523 0.6499693552652995 0.03911617398262024 0.09474306106567383
21 0.642683458328247 0.6423981984456381 0.07852914333343505 0.08933269712660048