1 0.5554883480072021 0.6848662906222873 0.05122126936912537 0.0502491209242079
1 0.44068284034729005 0.6875256856282552 0.046462282538414 0.04956589804755317
1 0.4943860054016113 0.6847362518310547 0.05280799865722656 0.05364151000976562
1 0.33029725551605227 0.6835046980116103 0.053147530555725096 0.055940304862128365
1 0.3903792381286621 0.6893541971842448 0.04734560251235962 0.04983500904507107
2 0.6481476783752441 0.5920574188232421 0.028680086135864258 0.16765227847629124
0 0.03899538218975067 0.6299593607584636 0.030033788084983824 0.14841399722629123
16 0.153125 0.538194 0.134375 0.231944
17 0.866406 0.603472 0.034375 0.212500
22 0.9768580436706543 0.6501267751057943 0.03924113810062409 0.09513288074069554
21 0.6417655944824219 0.6427305857340495 0.07948422431945801 0.0888451788160536