1 0.5556149959564209 0.6849431355794271 0.05109820961952209 0.05008647706773546
1 0.4406605243682861 0.6875695122612847 0.04639300405979156 0.04966339005364312
1 0.49429640769958494 0.6847754160563151 0.052769017219543454 0.053589916229248045
1 0.33032000064849854 0.6834801991780599 0.05294299125671387 0.05567121505737305
1 0.39044718742370604 0.6894320170084636 0.047314155101776126 0.04988673528035482
0 0.038976851105690005 0.6302148183186849 0.030152782797813416 0.14816453721788195
2 0.6514123916625977 0.5913336435953777 0.02935049831867218 0.1657054689195421
16 0.153125 0.538194 0.134375 0.231944
17 0.866406 0.603472 0.034375 0.212500
22 0.9766969680786133 0.650453864203559 0.03959411382675171 0.09535837173461914
21 0.6411675930023193 0.6431357065836588 0.07995759844779968 0.08982185787624783