1 0.5558241844177246 0.6849422030978732 0.05163114666938782 0.050267929501003686
1 0.44069366455078124 0.6875879923502605 0.04642109572887421 0.049898317125108504
1 0.4944100856781006 0.6847889370388455 0.05284910798072815 0.053649155298868816
1 0.33025360107421875 0.683670637342665 0.05362253785133362 0.056039651234944664
1 0.39046478271484375 0.6894563886854383 0.047353115677833554 0.05010676913791233
0 0.039025422930717465 0.6300754123263889 0.03005814254283905 0.14974854787190756
2 0.6462412357330323 0.5920531802707248 0.035420989990234374 0.16115236282348633
16 0.153125 0.538194 0.134375 0.231944
17 0.866406 0.603472 0.034375 0.212500
22 0.9767696380615234 0.6504554324679904 0.03965806663036346 0.09485849804348416
21 0.6419848918914794 0.6436334821912978 0.0791249394416809 0.0884246031443278