1 0.555841064453125 0.685042487250434 0.05160619020462036 0.050347153345743814
1 0.44075961112976075 0.6876049465603299 0.04657876789569855 0.04974634382459853
1 0.4944908142089844 0.6848401387532552 0.0526300847530365 0.05383427937825521
1 0.3301116466522217 0.6836524539523654 0.053845536708831784 0.05605132314893935
1 0.3905571699142456 0.6894154018825955 0.04736685454845428 0.05001368522644043
2 0.6462857246398925 0.5922402699788412 0.036213424801826474 0.16411000357733832
0 0.03900216519832611 0.6301232655843099 0.02998923659324646 0.14804345236884223
16 0.153125 0.538194 0.134375 0.231944
17 0.866406 0.603472 0.034375 0.212500
22 0.9770730018615723 0.6500460306803385 0.038937616348266604 0.09548144870334202
21 0.6421174526214599 0.6436005062527127 0.07954364418983459 0.08901321623060439