1 0.5557207107543946 0.6851392534044054 0.05126199722290039 0.05032165315416124
1 0.4407395362854004 0.6876942528618707 0.04647599160671234 0.04957119623819987
1 0.49436445236206056 0.6849400838216145 0.05247218012809753 0.05367532836066352
1 0.33006792068481444 0.6835802714029948 0.05366021394729614 0.0558444341023763
1 0.39055047035217283 0.6894528706868489 0.04742940664291382 0.04982960489061144
2 0.6507382869720459 0.5910801357693143 0.031555965542793274 0.16835765838623046
0 0.03905448615550995 0.6300729539659288 0.02995317578315735 0.1487975862291124
16 0.153125 0.538194 0.134375 0.231944
17 0.866406 0.603472 0.034375 0.212500
22 0.9768203735351563 0.6505178663465712 0.039045247435569766 0.09509971406724718
21 0.641458797454834 0.6435882992214627 0.07873693704605103 0.09089336395263672