1 0.555723762512207 0.6851537068684895 0.051293933391571046 0.05010448031955295
1 0.4407942771911621 0.6876847161187066 0.04658497869968414 0.0490659236907959
1 0.4943869590759277 0.6849148220486111 0.05278393030166626 0.0537438604566786
1 0.3300694227218628 0.6834964328342014 0.053414535522460935 0.05584886338975695
1 0.3905686140060425 0.6894305335150824 0.04745644927024841 0.04980957243177626
2 0.6496409893035888 0.5922366248236762 0.034508618712425235 0.17007683648003472
0 0.03901386260986328 0.6302076551649306 0.029973128437995912 0.14916232426961262
16 0.153125 0.538194 0.134375 0.231944
17 0.866406 0.603472 0.034375 0.212500
22 0.9768577575683594 0.6503247578938802 0.0391977459192276 0.09572857750786676
21 0.6413780212402344 0.6445093790690104 0.08220333456993104 0.09059829711914062