1 0.5557214736938476 0.6851576487223308 0.051307523250579835 0.05024256706237793
1 0.4407972812652588 0.6877104441324869 0.04649779200553894 0.049082777235243055
1 0.4943670749664307 0.6849397023518881 0.05274028182029724 0.05380425453186035
1 0.3300816059112549 0.6834431966145833 0.053251522779464724 0.0557122442457411
1 0.3905717134475708 0.6894440121120877 0.04739849269390106 0.04976588355170356
0 0.03900515735149383 0.6301199595133463 0.029969963431358337 0.14900934431287977
2 0.6509625434875488 0.5926028357611762 0.0335574597120285 0.16874558130900066
16 0.153125 0.538194 0.134375 0.231944
17 0.866406 0.603472 0.034375 0.212500
22 0.9768254280090332 0.6505490620930989 0.038996124267578126 0.09511390262179904
21 0.6415590286254883 0.644585206773546 0.08257949352264404 0.09162175920274522