1 0.5558599472045899 0.6849362267388238 0.05253069400787354 0.04950801531473795
1 0.4405797004699707 0.6873207516140408 0.04687200486660004 0.04906829728020562
1 0.49437313079833983 0.68475341796875 0.052858656644821166 0.05339423815409342
1 0.3300442934036255 0.6835714552137587 0.05254537463188171 0.05564261012607151
1 0.3902533292770386 0.6891363779703776 0.04652351438999176 0.049041499031914605
2 0.6490185260772705 0.592912122938368 0.03625618815422058 0.166469234890408
0 0.03904674649238586 0.6298373752170139 0.03068532943725586 0.15039916568332248
16 0.153125 0.538194 0.134375 0.231944
17 0.866406 0.603472 0.034375 0.212500
22 0.9766119003295899 0.6499227735731337 0.03957010507583618 0.09526776207817925
21 0.6408646583557129 0.6438376108805338 0.08051103949546815 0.08707141346401638