1 0.695649242401123 0.6781798468695747 0.05147473812103272 0.04679968621995714
0 0.0408757358789444 0.6199119144015842 0.029653745889663696 0.15136325624254016
1 0.3280977725982666 0.6873902214898003 0.044868442416191104 0.046238909827338324
1 0.7288331031799317 0.6656186421712239 0.053262507915496825 0.049763033125135636
2 0.8400744438171387 0.6109017266167535 0.04359000325202942 0.05209814707438151
16 0.149609 0.530556 0.135156 0.230556
17 0.862500 0.603472 0.035937 0.220833
22 0.9775811195373535 0.6517350514729817 0.036053770780563356 0.09843814637925889
21 0.47620625495910646 0.6503000895182292 0.07659274935722352 0.07975651952955458
23 0.3724886178970337 0.6630965338812934 0.10642867088317871 0.051959154340955944
25 0.47620625495910646 0.6503000895182292 0.061274199485778814 0.06380521562364366