1 0.6968379497528077 0.6806677500406901 0.050754988193511964 0.048547357983059355
0 0.04087078869342804 0.6199862162272135 0.02962562143802643 0.15108918084038628
1 0.3277971982955933 0.6873934427897136 0.04457479417324066 0.04610833062065972
1 0.7280811786651611 0.6691554175482856 0.05285962820053101 0.04836982621086968
2 0.8628064155578613 0.6491456773546007 0.044582399725914004 0.04749229219224718
16 0.149609 0.530556 0.135156 0.230556
17 0.862500 0.603472 0.035937 0.220833
22 0.9778388023376465 0.6518204159206814 0.035781952738761905 0.09954915576510959
21 0.4769724369049072 0.6497452206081814 0.07684857845306396 0.08030127949184841
23 0.37300429344177244 0.6624280293782552 0.10811738967895508 0.05210084385342068
25 0.4769724369049072 0.6497452206081814 0.061478862762451174 0.06424102359347873