1 0.6976819515228272 0.6809042612711589 0.053201806545257566 0.0478335698445638
0 0.04086474776268005 0.6200956132676866 0.02922695279121399 0.15117659038967557
1 0.7283377170562744 0.6673823038736979 0.04705613553524017 0.04769841300116645
1 0.3278185844421387 0.6873700035942926 0.04442623257637024 0.044502936469184025
2 0.8789425849914551 0.6566773732503255 0.046128195524215695 0.05183046129014757
16 0.149609 0.530556 0.135156 0.230556
17 0.862500 0.603472 0.035937 0.220833
22 0.978108024597168 0.6519898308648003 0.03537397384643555 0.09974003897772896
21 0.4782050132751465 0.6471561008029514 0.07582828998565674 0.08290179040696886
23 0.37291383743286133 0.6629603915744358 0.10867471694946289 0.051567628648546006
25 0.4782050132751465 0.6471561008029514 0.060662631988525395 0.0663214323255751