1 0.7271503448486328 0.6648910098605686 0.04726901650428772 0.04769124454922146
1 0.697602653503418 0.6805594126383464 0.051991432905197144 0.04895461930169
0 0.040935152769088747 0.6201019287109375 0.029408222436904906 0.1509238455030653
1 0.3279128551483154 0.6875122918023003 0.04405980706214905 0.04551815456814236
2 0.8880279541015625 0.6620193905300564 0.05562921166419983 0.036868312623765734
16 0.149609 0.530556 0.135156 0.230556
17 0.862500 0.603472 0.035937 0.220833
22 0.9782777786254883 0.652118428548177 0.03524551093578339 0.0986289448208279
21 0.47745819091796876 0.6487452189127604 0.07469068765640259 0.07906143400404188
23 0.3734391927719116 0.6632207234700521 0.10813772678375244 0.05152769088745117
25 0.47745819091796876 0.6487452189127604 0.059752550125122074 0.0632491472032335