1 0.727217149734497 0.6649442460801867 0.04717451333999634 0.04712350103590224
1 0.6976991653442383 0.6804078843858506 0.051876026391983035 0.04854713545905219
0 0.04088043570518494 0.6200853135850695 0.029439899325370788 0.1513628323872884
1 0.32793331146240234 0.6876033359103733 0.04404562711715698 0.04511784447564019
2 0.8796523094177247 0.6680790795220269 0.0526507556438446 0.033254082997639975
16 0.149609 0.530556 0.135156 0.230556
17 0.862500 0.603472 0.035937 0.220833
22 0.9780332565307617 0.6520274268256293 0.03550047874450683 0.09824184841579861
21 0.4775806427001953 0.6491702609592014 0.0743045151233673 0.07978450987074111
23 0.3732252359390259 0.6634485880533855 0.10789753198623657 0.05167338053385417
25 0.4775806427001953 0.6491702609592014 0.059443612098693845 0.06382760789659289