1 0.7271675586700439 0.6642979515923394 0.047736290097236636 0.048321363661024304
1 0.6978852272033691 0.6801539103190104 0.05220216512680054 0.04781628184848362
0 0.04088560342788696 0.6200767093234592 0.02952249050140381 0.15131314595540366
1 0.3279290199279785 0.687609608968099 0.044031137228012086 0.044497447543674046
2 0.8765758514404297 0.6594966464572483 0.045869821310043336 0.037038016319274905
16 0.149609 0.530556 0.135156 0.230556
17 0.862500 0.603472 0.035937 0.220833
22 0.9780179977416992 0.6520885891384549 0.035756275057792664 0.09892395867241753
21 0.47762551307678225 0.6497684054904513 0.07413908839225769 0.0803053961859809
23 0.3727935552597046 0.663146252102322 0.10845769643783569 0.05222194459703233
25 0.47762551307678225 0.6497684054904513 0.05931127071380615 0.06424431694878473