1 0.7264247417449952 0.6635504404703776 0.04658288359642029 0.04760122299194336
1 0.6980863094329834 0.6793428632948134 0.051412719488143924 0.04605667856004503
0 0.040963613986968996 0.6200924343532986 0.029354500770568847 0.1514846271938748
1 0.3279078960418701 0.6875587039523654 0.04433321952819824 0.044658629099527995
2 0.8746127128601074 0.656179682413737 0.036537152528762815 0.04173869027031792
16 0.149609 0.530556 0.135156 0.230556
17 0.862500 0.603472 0.035937 0.220833
22 0.9784027099609375 0.6520406087239583 0.03594152629375458 0.10282891591389974
21 0.47803535461425783 0.6502553304036458 0.07427001595497132 0.07998123698764377
23 0.37330892086029055 0.6627599080403646 0.10897359848022461 0.05197299851311578
25 0.47803535461425783 0.6502553304036458 0.05941601276397706 0.06398498959011502