1 0.7257058620452881 0.6633074866400824 0.04580466747283936 0.04782719612121582
1 0.6983705043792725 0.6790221744113498 0.05076889991760254 0.04566999541388617
0 0.04089261591434479 0.6202177259657118 0.029554986953735353 0.15149374008178712
1 0.32784557342529297 0.6877570682101779 0.044222140312194826 0.04357163111368815
2 0.8765650749206543 0.6531527201334636 0.04227399230003357 0.0389497094684177
16 0.149609 0.530556 0.135156 0.230556
17 0.862500 0.603472 0.035937 0.220833
22 0.9783496856689453 0.6519820743136936 0.036319118738174436 0.10375390582614474
21 0.4781164646148682 0.6506612141927083 0.07454192042350768 0.0798400190141466
23 0.37294559478759765 0.6630681355794271 0.1079516887664795 0.05196223258972168
25 0.4781164646148682 0.6506612141927083 0.05963353633880615 0.06387201521131729