1 0.7258882522583008 0.6634615580240886 0.0452083021402359 0.047997331619262694
1 0.6986951351165771 0.6797574361165365 0.04957709908485412 0.046043777465820314
0 0.04086604118347168 0.6203996022542317 0.02941017746925354 0.1520329581366645
1 0.3278021812438965 0.6875171237521701 0.045024529099464417 0.044377268685234915
2 0.8675992965698243 0.6447178310818142 0.042823421955108645 0.04424502054850261
16 0.149609 0.530556 0.135156 0.230556
17 0.862500 0.603472 0.035937 0.220833
22 0.9784686088562011 0.6519927554660373 0.0359299898147583 0.10375370449490018
21 0.47873315811157224 0.6501604715983073 0.07518789768218995 0.07952355808681912
23 0.37339708805084226 0.6628074645996094 0.10858008861541749 0.051197984483506945
25 0.47873315811157224 0.6501604715983073 0.06015031814575196 0.0636188464694553