1 0.725795841217041 0.663493177625868 0.04505902230739593 0.048043982187906904
1 0.6988451957702637 0.6796785566541884 0.049461272358894345 0.04600325160556369
0 0.040841835737228396 0.620187505086263 0.029284948110580446 0.1515992694430881
1 0.327891206741333 0.6875883738199869 0.04460237920284271 0.044408024681939016
2 0.8671435356140137 0.6471346537272136 0.043922406435012815 0.04214338991377089
16 0.149609 0.530556 0.135156 0.230556
17 0.862500 0.603472 0.035937 0.220833
22 0.9784451484680176 0.6519591861300998 0.03567308783531189 0.10382062064276801
21 0.4787785053253174 0.6499586741129557 0.0761914610862732 0.07938812043931749
23 0.37347702980041503 0.6628172980414496 0.10866563320159912 0.05117799441019694
25 0.4787785053253174 0.6499586741129557 0.06095316886901856 0.06351049635145399