1 0.72598237991333 0.6635704464382596 0.0452232837677002 0.04800773726569282
1 0.6986344337463379 0.6796681298149957 0.04969811737537384 0.04634887377421061
0 0.04080426394939422 0.6201864878336588 0.029331985116004943 0.15130975511338976
1 0.3278479099273682 0.6875447167290581 0.044540539383888245 0.044453562630547415
2 0.8664373397827149 0.6499764336480035 0.04421660006046295 0.042758562829759386
16 0.149609 0.530556 0.135156 0.230556
17 0.862500 0.603472 0.035937 0.220833
22 0.9784386634826661 0.6519666883680556 0.03554103374481201 0.10340877109103733
21 0.47848262786865237 0.649677022298177 0.0744218111038208 0.08100171618991428
23 0.3733635187149048 0.6628764258490668 0.10853192806243897 0.05116371578640408
25 0.47848262786865237 0.649677022298177 0.05953744888305665 0.06480137295193143