1 0.7259374141693116 0.6634400685628256 0.04503681063652039 0.047923639085557725
1 0.6986474990844727 0.6796669430202908 0.04977753758430481 0.045926666259765624
0 0.04080269038677216 0.6201544867621528 0.02952432930469513 0.15170008341471355
1 0.32784175872802734 0.6875983344184028 0.044605147838592527 0.0445333374871148
2 0.8637714385986328 0.6578759087456597 0.04316862225532532 0.04487403233846029
16 0.149609 0.530556 0.135156 0.230556
17 0.862500 0.603472 0.035937 0.220833
22 0.9784377098083497 0.6519254472520616 0.035647344589233396 0.10344365437825521
21 0.4788841724395752 0.6507481892903646 0.07569475173950195 0.07978683047824436
23 0.3733231067657471 0.6629546695285373 0.10824297666549683 0.051294830110338
25 0.4788841724395752 0.6507481892903646 0.06055580139160156 0.0638294643825955