1 0.7261933803558349 0.6634795718722873 0.04571052193641663 0.04816377427842882
1 0.6981619834899903 0.6795088026258681 0.050791198015213014 0.04608706898159451
0 0.040765267610549924 0.6201975504557292 0.029690277576446534 0.15105481677585178
1 0.3277763843536377 0.6877318488226997 0.04426505565643311 0.04416148662567139
2 0.8703941345214844 0.652250713772244 0.04136257767677307 0.03983379469977485
16 0.149609 0.530556 0.135156 0.230556
17 0.862500 0.603472 0.035937 0.220833
22 0.9784528732299804 0.6520315806070963 0.03595919609069824 0.10409233305189344
21 0.4787785053253174 0.6506919860839844 0.07581558227539062 0.07880524529351128
23 0.37312567234039307 0.6628150516086154 0.10862977504730224 0.05151533550686306
25 0.4787785053253174 0.6506919860839844 0.0606524658203125 0.06304419623480903