1 0.7264126777648926 0.6635971069335938 0.046216759085655215 0.0485835075378418
1 0.6976861476898193 0.679597430759006 0.051609987020492555 0.04649085468716092
0 0.04076171219348908 0.6202078925238715 0.029636216163635255 0.1505207273695204
1 0.3277782201766968 0.6877752939860026 0.043914231657981875 0.043875535329182945
2 0.870787525177002 0.6529172685411241 0.04273306727409363 0.03885626527998182
16 0.149609 0.530556 0.135156 0.230556
17 0.862500 0.603472 0.035937 0.220833
22 0.9784422874450683 0.6521276262071397 0.036111918091773984 0.10434906217787
21 0.47856526374816893 0.6490841335720486 0.07512845993041992 0.07996342447068956
23 0.3725652933120728 0.6627944522433811 0.10785216093063354 0.05159059100680881
25 0.47856526374816893 0.6490841335720486 0.06010276794433594 0.06397073957655165