1 0.7268733978271484 0.6638123406304254 0.04699846804141998 0.0482792059580485
1 0.6975091934204102 0.6798760308159723 0.052001571655273436 0.046192439397176106
0 0.040713253617286685 0.6203273349338108 0.02961660027503967 0.1510244263543023
1 0.32781982421875 0.6876885308159723 0.04411499202251434 0.04463859134250217
2 0.8631140708923339 0.6642240736219618 0.035301193594932556 0.04257507589128282
16 0.149609 0.530556 0.135156 0.230556
17 0.862500 0.603472 0.035937 0.220833
22 0.9784672737121582 0.6522764417860243 0.03587771952152252 0.10406008826361762
21 0.4780602931976318 0.6481167687310113 0.0764127254486084 0.08066446516248915
23 0.3726396083831787 0.6626605563693576 0.1078109860420227 0.051423141691419816
25 0.4780602931976318 0.6481167687310113 0.061130180358886725 0.06453157212999132