1 0.7269425868988038 0.66385375128852 0.047505414485931395 0.048075824313693574
1 0.6975689888000488 0.6799955579969618 0.05243503451347351 0.046178272035386825
0 0.04072387516498566 0.6202197604709201 0.02964516878128052 0.1517126825120714
1 0.32787487506866453 0.6873611874050565 0.0443043053150177 0.04611579577128092
2 0.8627261161804199 0.663670900132921 0.03594298362731933 0.040263544188605414
16 0.149609 0.530556 0.135156 0.230556
17 0.862500 0.603472 0.035937 0.220833
22 0.9783437728881836 0.652177259657118 0.035699740052223206 0.10216204325358073
21 0.4782081604003906 0.6492424011230469 0.07602033615112305 0.08085444768269857
23 0.3725632429122925 0.6627655453152127 0.10687801837921143 0.0519956906636556
25 0.4782081604003906 0.6492424011230469 0.06081626892089845 0.06468355814615886