1 0.7261390209197998 0.6644046359592014 0.046462878584861755 0.04819061491224501
1 0.6976012706756591 0.6813580407036676 0.04931199252605438 0.0471179379357232
0 0.040969747304916385 0.6203324635823567 0.029218888282775878 0.15181398391723633
1 0.3279503345489502 0.6874933878580729 0.0436959832906723 0.045317390229966906
2 0.8536947250366211 0.670814938015408 0.03124692142009735 0.04875550799899631
16 0.149609 0.530556 0.135156 0.230556
17 0.862500 0.603472 0.035937 0.220833
22 0.9779471397399903 0.6519827100965712 0.03617610335350037 0.10026374393039279
21 0.4774477005004883 0.6490770551893447 0.07702360153198243 0.08089859750535754
23 0.37231972217559817 0.6629048665364583 0.10785897970199584 0.05184978379143609
25 0.4774477005004883 0.6490770551893447 0.061618881225585946 0.06471887800428604