1 0.726075267791748 0.6642290751139323 0.04622244238853455 0.048581563101874455
1 0.6974845409393311 0.6812725067138672 0.049313557147979734 0.04777730835808648
0 0.04090340435504913 0.6204179975721571 0.02934386730194092 0.15253559748331705
1 0.3279449462890625 0.6874256134033203 0.04371157586574555 0.04564823044670953
2 0.8533093452453613 0.6713072035047744 0.03196219801902771 0.05155753559536404
16 0.149609 0.530556 0.135156 0.230556
17 0.862500 0.603472 0.035937 0.220833
22 0.9778515815734863 0.6519705454508463 0.036331075429916385 0.10023541980319553
21 0.47685632705688474 0.6487862904866536 0.07682302594184875 0.08145075374179417
23 0.37267727851867677 0.6629768795437283 0.10811512470245362 0.051880968941582575
25 0.47685632705688474 0.6487862904866536 0.06145842075347901 0.06516060299343533