1 0.725891399383545 0.6652054256863065 0.04523567855358124 0.04764081107245551
1 0.6974452018737793 0.681010267469618 0.04848767817020416 0.048781071768866646
0 0.04095996022224426 0.6202892727322049 0.0293140172958374 0.1511757320827908
1 0.3279114246368408 0.6874892764621311 0.043913865089416505 0.045192289352416995
2 0.8495109558105469 0.6736190372043186 0.037906312942504884 0.04891297552320692
16 0.149609 0.530556 0.135156 0.230556
17 0.862500 0.603472 0.035937 0.220833
22 0.9777904510498047 0.6519744449191623 0.03588291704654693 0.10018744998508029
21 0.47701592445373536 0.6493823581271702 0.07737935781478882 0.07908883624606662
23 0.37293984889984133 0.6630837758382161 0.10807816982269287 0.05154163572523329
25 0.47701592445373536 0.6493823581271702 0.06190348625183106 0.0632710689968533