1 0.7262936592102051 0.6655259874131945 0.04567827582359314 0.048219325807359485
1 0.6974678993225097 0.6811455620659722 0.04883278012275696 0.049188190036349826
0 0.04099710583686829 0.6202302720811632 0.029346549510955812 0.15178041458129882
1 0.32799885272979734 0.6874112023247613 0.0438519299030304 0.04551219410366482
2 0.8492631912231445 0.6739133622911241 0.038620734214782716 0.051072581609090166
16 0.149609 0.530556 0.135156 0.230556
17 0.862500 0.603472 0.035937 0.220833
22 0.9777182579040528 0.6518497043185764 0.03589027523994446 0.10011821322970921
21 0.4772514343261719 0.6502827538384331 0.07703472375869751 0.07928956349690755
23 0.37326622009277344 0.6630516476101346 0.10781183242797851 0.05141499307420519
25 0.4772514343261719 0.6502827538384331 0.06162777900695801 0.06343165079752604