2 0.12152777777777778 0.8056930693069307 0.14305555555555555 0.10148514851485149
3 0.275 0.8391089108910891 0.15555555555555556 0.07920792079207921
3 0.32916666666666666 0.7846534653465347 0.17777777777777778 0.12376237623762376
5 0.4909722222222222 0.8675742574257426 0.1125 0.11633663366336634
5 0.5680555555555555 0.870049504950495 0.05555555555555555 0.06188118811881188
5 0.5951388888888889 0.849009900990099 0.0625 0.06930693069306931
5 0.6729166666666667 0.8849009900990099 0.10972222222222222 0.12128712871287128
5 0.7736111111111111 0.9294554455445545 0.06666666666666667 0.07178217821782178
5 0.8118055555555556 0.9047029702970297 0.06805555555555555 0.07673267326732673
5 0.875 0.948019801980198 0.058333333333333334 0.054455445544554455
5 0.9111111111111111 0.9195544554455446 0.06944444444444445 0.08168316831683169