2 0.048047 0.869444 0.094531 0.075000
3 0.176563 0.881944 0.159375 0.069444
3 0.230469 0.825694 0.185938 0.126389
5 0.392578 0.918056 0.110156 0.119444
5 0.485547 0.910417 0.069531 0.084722
5 0.570312 0.931944 0.109375 0.119444
5 0.673828 0.961806 0.066406 0.065278
5 0.711328 0.953472 0.072656 0.073611
5 0.776172 0.974306 0.066406 0.040278
5 0.811328 0.961806 0.072656 0.062500
5 0.919531 0.968056 0.078125 0.052778
7 0.197656 0.726389 0.065625 0.161111
15 0.392578 0.918056 0.0881248 0.0955552
17 0.485547 0.910417 0.0556248 0.06777760000000001