2 0.046094 0.868056 0.090625 0.077778
3 0.176563 0.881944 0.159375 0.069444
3 0.230469 0.825694 0.185938 0.126389
5 0.392578 0.918056 0.110156 0.119444
5 0.479297 0.899306 0.071094 0.081944
5 0.570312 0.931944 0.109375 0.119444
5 0.673828 0.961806 0.066406 0.065278
5 0.711328 0.953472 0.072656 0.073611
5 0.776172 0.974306 0.066406 0.040278
5 0.811328 0.961806 0.072656 0.062500
5 0.919531 0.968056 0.078125 0.052778
15 0.392969 0.918056 0.087500 0.097222
17 0.478906 0.898611 0.056250 0.066667
7 0.189453 0.706250 0.074219 0.184722