2 0.09791666666666667 0.8106435643564357 0.14305555555555555 0.10148514851485149
3 0.25277777777777777 0.8415841584158416 0.15555555555555556 0.07920792079207921
3 0.30416666666666664 0.7871287128712872 0.17777777777777778 0.12376237623762376
5 0.46805555555555556 0.8712871287128713 0.1111111111111111 0.11386138613861387
5 0.5444444444444444 0.8725247524752475 0.05555555555555555 0.06188118811881188
5 0.5715277777777777 0.8539603960396039 0.0625 0.06930693069306931
5 0.6493055555555556 0.8873762376237624 0.10972222222222222 0.12128712871287128
5 0.7472222222222222 0.9306930693069307 0.06666666666666667 0.06930693069306931
5 0.7875 0.9084158415841584 0.06944444444444445 0.07920792079207921
5 0.85 0.9405940594059405 0.058333333333333334 0.054455445544554455
5 0.8861111111111111 0.9183168316831684 0.06944444444444445 0.07920792079207921
5 0.9722222222222222 0.9579207920792079 0.04722222222222222 0.06930693069306931