3 0.10902777777777778 0.8428217821782178 0.15416666666666667 0.07178217821782178
3 0.16319444444444445 0.7821782178217822 0.1763888888888889 0.12376237623762376
5 0.32708333333333334 0.8712871287128713 0.1125 0.12376237623762376
5 0.4041666666666667 0.8725247524752475 0.05555555555555555 0.06188118811881188
5 0.4354166666666667 0.8514851485148515 0.0625 0.06930693069306931
5 0.5104166666666666 0.8849009900990099 0.10972222222222222 0.12128712871287128
5 0.5541666666666667 0.5470297029702971 0.05555555555555555 0.06930693069306931
5 0.60625 0.9282178217821783 0.06805555555555555 0.07425742574257425
5 0.6451388888888889 0.9047029702970297 0.06805555555555555 0.07673267326732673
5 0.7083333333333334 0.9405940594059405 0.06944444444444445 0.07920792079207921
5 0.7423611111111111 0.9207920792079208 0.06805555555555555 0.08415841584158416
5 0.8361111111111111 0.9554455445544554 0.07777777777777778 0.07920792079207921
7 0.5923611111111111 0.5742574257425742 0.05416666666666667 0.13366336633663367
8 0.5541666666666667 0.5470297029702971 0.044444444444444446 0.05544554455445545