0 0.011328 0.615278 0.021094 0.144444
2 0.096094 0.661806 0.098437 0.051389
3 0.194141 0.625694 0.094531 0.056944
3 0.201172 0.661806 0.083594 0.034722
5 0.323828 0.668056 0.047656 0.047222
5 0.407422 0.663194 0.053906 0.056944
5 0.460547 0.668056 0.030469 0.044444
5 0.506641 0.671528 0.033594 0.037500
5 0.561328 0.674306 0.027344 0.037500
6 0.638281 0.659028 0.026562 0.068056
7 0.173047 0.564583 0.036719 0.115278
10 0.302344 0.655556 0.079687 0.044444
29 0.011328 0.615278 0.016875200000000003 0.1155552