3 0.11180555555555556 0.8428217821782178 0.15416666666666667 0.07178217821782178
3 0.16319444444444445 0.7821782178217822 0.1763888888888889 0.12376237623762376
5 0.32916666666666666 0.8712871287128713 0.1111111111111111 0.12376237623762376
5 0.3972222222222222 0.5396039603960396 0.05555555555555555 0.06930693069306931
5 0.40555555555555556 0.875 0.05555555555555555 0.06188118811881188
5 0.4354166666666667 0.8514851485148515 0.0625 0.06930693069306931
5 0.5118055555555555 0.8849009900990099 0.10972222222222222 0.12128712871287128
5 0.6076388888888888 0.9282178217821783 0.06805555555555555 0.07425742574257425
5 0.6479166666666667 0.9047029702970297 0.06805555555555555 0.07673267326732673
5 0.7111111111111111 0.9393564356435643 0.06944444444444445 0.07673267326732673
5 0.7444444444444445 0.9207920792079208 0.06666666666666667 0.08415841584158416
5 0.8375 0.9566831683168316 0.075 0.07673267326732673
7 0.36944444444444446 0.48886138613861385 0.06666666666666667 0.04702970297029703
8 0.3972222222222222 0.5396039603960396 0.044444444444444446 0.05544554455445545