3 0.111328 0.841667 0.153906 0.072222
3 0.162891 0.781250 0.175781 0.123611
5 0.328906 0.870139 0.110937 0.123611
5 0.349609 0.545833 0.055469 0.069444
5 0.405078 0.874306 0.055469 0.062500
5 0.435156 0.851389 0.062500 0.069444
5 0.511328 0.884028 0.110156 0.120833
5 0.607422 0.927778 0.067969 0.075000
5 0.647266 0.904167 0.067969 0.077778
5 0.710547 0.938194 0.069531 0.076389
5 0.744141 0.920139 0.066406 0.084722
5 0.837500 0.956250 0.075000 0.076389
8 0.349609 0.545833 0.044531 0.055556
7 0.321875 0.504167 0.053125 0.055556