3 0.112891 0.841667 0.153906 0.072222
3 0.162891 0.781250 0.175781 0.123611
5 0.330469 0.872917 0.110937 0.123611
5 0.340234 0.545833 0.055469 0.069444
5 0.406641 0.877083 0.055469 0.062500
5 0.435156 0.851389 0.062500 0.069444
5 0.512891 0.884028 0.110156 0.120833
5 0.608984 0.927778 0.067969 0.075000
5 0.648828 0.906250 0.067969 0.076389
5 0.712109 0.938194 0.069531 0.076389
5 0.745703 0.920139 0.066406 0.084722
5 0.837891 0.956944 0.074219 0.075000
8 0.340234 0.545833 0.044531 0.055556
7 0.309766 0.507639 0.055469 0.056944