3 0.125391 0.839583 0.153906 0.070833
3 0.176563 0.781250 0.176563 0.123611
5 0.283203 0.558333 0.055469 0.069444
5 0.342969 0.871528 0.110937 0.120833
5 0.419141 0.877083 0.055469 0.062500
5 0.446094 0.851389 0.062500 0.069444
5 0.525391 0.884028 0.110156 0.120833
5 0.621484 0.927778 0.067969 0.075000
5 0.661328 0.906250 0.067969 0.076389
5 0.724609 0.938194 0.069531 0.076389
5 0.758203 0.920139 0.066406 0.084722
5 0.850781 0.956944 0.075000 0.075000
8 0.283203 0.558333 0.044531 0.055556
7 0.266406 0.508333 0.039062 0.088889