3 0.128125 0.839583 0.154688 0.070833
3 0.179688 0.781250 0.176563 0.123611
5 0.274609 0.561111 0.055469 0.069444
5 0.344141 0.871528 0.111719 0.120833
5 0.420703 0.877083 0.055469 0.062500
5 0.449219 0.851389 0.062500 0.069444
5 0.526563 0.884028 0.109375 0.120833
5 0.623828 0.927778 0.067969 0.075000
5 0.662891 0.906250 0.067969 0.076389
5 0.727734 0.938194 0.069531 0.076389
5 0.759375 0.920139 0.067187 0.084722
5 0.853125 0.956944 0.073438 0.075000
8 0.274609 0.561111 0.044531 0.055556
7 0.257422 0.509722 0.047656 0.097222