3 0.13958333333333334 0.8403465346534653 0.15416666666666667 0.07178217821782178
3 0.1909722222222222 0.7846534653465347 0.1763888888888889 0.12376237623762376
5 0.2638888888888889 0.5693069306930693 0.05555555555555555 0.06930693069306931
5 0.35555555555555557 0.8725247524752475 0.1111111111111111 0.12128712871287128
5 0.43194444444444446 0.8774752475247525 0.05555555555555555 0.06188118811881188
5 0.45902777777777776 0.8539603960396039 0.0625 0.06930693069306931
5 0.5381944444444444 0.8849009900990099 0.10972222222222222 0.12128712871287128
5 0.6354166666666666 0.9282178217821783 0.06805555555555555 0.07425742574257425
5 0.6743055555555556 0.9071782178217822 0.06805555555555555 0.07673267326732673
5 0.7388888888888889 0.9418316831683168 0.06944444444444445 0.07673267326732673
5 0.7708333333333334 0.9207920792079208 0.06666666666666667 0.08415841584158416
5 0.8652777777777778 0.9579207920792079 0.075 0.07425742574257425
8 0.2638888888888889 0.5693069306930693 0.044444444444444446 0.05544554455445545
7 0.24466133333333334 0.5268515555555555 0.07456622222222221 0.11450622222222223