2 0.034722222222222224 0.8316831683168316 0.06944444444444445 0.08415841584158416
3 0.15486111111111112 0.8403465346534653 0.15416666666666667 0.07178217821782178
3 0.2076388888888889 0.7871287128712872 0.1763888888888889 0.12376237623762376
5 0.2652777777777778 0.5866336633663366 0.05555555555555555 0.06930693069306931
5 0.37083333333333335 0.8725247524752475 0.1111111111111111 0.12128712871287128
5 0.44722222222222224 0.8774752475247525 0.05555555555555555 0.06188118811881188
5 0.47291666666666665 0.8539603960396039 0.0625 0.06930693069306931
5 0.5534722222222223 0.8861386138613861 0.10972222222222222 0.1188118811881188
5 0.6506944444444445 0.9282178217821783 0.06805555555555555 0.07425742574257425
5 0.6895833333333333 0.9096534653465347 0.06805555555555555 0.07673267326732673
5 0.7541666666666667 0.9418316831683168 0.06944444444444445 0.07673267326732673
5 0.7861111111111111 0.9220297029702971 0.06666666666666667 0.08168316831683169
5 0.88125 0.9591584158415841 0.0763888888888889 0.07178217821782178
8 0.2652777777777778 0.5866336633663366 0.044444444444444446 0.05544554455445545
7 0.23736966666666667 0.5252314444444445 0.07699677777777778 0.1285497777777778