2 0.03819444444444445 0.8304455445544554 0.0763888888888889 0.08168316831683169
3 0.16180555555555556 0.8403465346534653 0.15416666666666667 0.07178217821782178
3 0.21458333333333332 0.7871287128712872 0.1763888888888889 0.12376237623762376
5 0.2708333333333333 0.5965346534653465 0.05555555555555555 0.06930693069306931
5 0.3770833333333333 0.8725247524752475 0.10972222222222222 0.12128712871287128
5 0.4527777777777778 0.8774752475247525 0.05555555555555555 0.06188118811881188
5 0.4798611111111111 0.8564356435643564 0.0625 0.06930693069306931
5 0.5597222222222222 0.8861386138613861 0.10833333333333334 0.1188118811881188
5 0.6576388888888889 0.9282178217821783 0.06805555555555555 0.07425742574257425
5 0.6965277777777777 0.9096534653465347 0.06805555555555555 0.07673267326732673
5 0.7611111111111111 0.9443069306930693 0.06944444444444445 0.07673267326732673
5 0.7916666666666666 0.9220297029702971 0.06666666666666667 0.08168316831683169
5 0.8881944444444444 0.9591584158415841 0.0763888888888889 0.07178217821782178
8 0.2708333333333333 0.5965346534653465 0.044444444444444446 0.05544554455445545
7 0.242144 0.5320957095709571 0.07188483950617283 0.11474487568756876