2 0.04027777777777778 0.8304455445544554 0.08055555555555556 0.08168316831683169
3 0.16597222222222222 0.8403465346534653 0.15416666666666667 0.07178217821782178
3 0.22013888888888888 0.7896039603960396 0.1763888888888889 0.12376237623762376
5 0.275 0.6014851485148515 0.05555555555555555 0.06930693069306931
5 0.38125 0.8725247524752475 0.10972222222222222 0.12128712871287128
5 0.45694444444444443 0.8774752475247525 0.05555555555555555 0.06188118811881188
5 0.4840277777777778 0.8564356435643564 0.0625 0.06930693069306931
5 0.5638888888888889 0.8861386138613861 0.10833333333333334 0.1188118811881188
5 0.6631944444444444 0.9282178217821783 0.06805555555555555 0.07425742574257425
5 0.7006944444444444 0.9096534653465347 0.06805555555555555 0.07673267326732673
5 0.7652777777777777 0.9443069306930693 0.06944444444444445 0.07673267326732673
5 0.7958333333333333 0.9220297029702971 0.06666666666666667 0.08168316831683169
5 0.8923611111111112 0.9591584158415841 0.0763888888888889 0.07178217821782178
8 0.275 0.6014851485148515 0.044444444444444446 0.05544554455445545
7 0.24796 0.5391914191419143 0.06642567901234568 0.09893375137513752