2 0.044444444444444446 0.8292079207920792 0.08888888888888889 0.07920792079207921
3 0.17430555555555555 0.8403465346534653 0.15416666666666667 0.07178217821782178
3 0.2298611111111111 0.7896039603960396 0.1763888888888889 0.12376237623762376
5 0.28194444444444444 0.6138613861386139 0.05555555555555555 0.06930693069306931
5 0.38958333333333334 0.8725247524752475 0.10972222222222222 0.12128712871287128
5 0.4652777777777778 0.8774752475247525 0.05555555555555555 0.06188118811881188
5 0.49236111111111114 0.8564356435643564 0.0625 0.06930693069306931
5 0.5722222222222222 0.8861386138613861 0.10833333333333334 0.1188118811881188
5 0.6715277777777777 0.9282178217821783 0.06805555555555555 0.07425742574257425
5 0.7090277777777778 0.9096534653465347 0.06805555555555555 0.07673267326732673
5 0.7736111111111111 0.9443069306930693 0.06944444444444445 0.07673267326732673
5 0.8041666666666667 0.9220297029702971 0.06666666666666667 0.08168316831683169
5 0.9013888888888889 0.9591584158415841 0.07777777777777778 0.07178217821782178
8 0.28194444444444444 0.6138613861386139 0.044444444444444446 0.05544554455445545
7 0.259592 0.5533828382838284 0.05550735802469135 0.06731150275027503