2 0.043055555555555555 0.8452970297029703 0.08611111111111111 0.07673267326732673
3 0.1625 0.8601485148514851 0.11666666666666667 0.11633663366336634
3 0.23055555555555557 0.8081683168316832 0.19722222222222222 0.13613861386138615
5 0.4479166666666667 0.8923267326732673 0.1125 0.11633663366336634
5 0.5645833333333333 0.9108910891089109 0.10694444444444444 0.1188118811881188
5 0.6673611111111111 0.9504950495049505 0.0625 0.08415841584158416
5 0.7076388888888889 0.9344059405940595 0.06805555555555555 0.07673267326732673
5 0.7680555555555556 0.9616336633663366 0.06666666666666667 0.06683168316831684
5 0.8041666666666667 0.9418316831683168 0.07222222222222222 0.07178217821782178
5 0.89375 0.9665841584158416 0.06527777777777778 0.05693069306930693
5 0.9527777777777777 0.9467821782178217 0.075 0.07178217821782178