2 0.04236111111111111 0.849009900990099 0.08472222222222223 0.07920792079207921
3 0.16111111111111112 0.8564356435643564 0.11666666666666667 0.11386138613861387
3 0.2298611111111111 0.8094059405940595 0.19583333333333333 0.12871287128712872
5 0.4479166666666667 0.8861386138613861 0.11527777777777778 0.1188118811881188
5 0.5659722222222222 0.9108910891089109 0.10694444444444444 0.1188118811881188
5 0.6673611111111111 0.9492574257425742 0.06805555555555555 0.07673267326732673
5 0.7020833333333333 0.931930693069307 0.07916666666666666 0.07673267326732673
5 0.76875 0.9566831683168316 0.07361111111111111 0.07673267326732673
5 0.8041666666666667 0.9443069306930693 0.075 0.07178217821782178
5 0.8958333333333334 0.9665841584158416 0.06388888888888888 0.05693069306930693
5 0.9541666666666667 0.9467821782178217 0.07222222222222222 0.07178217821782178