2 0.04513888888888889 0.8452970297029703 0.09027777777777778 0.07673267326732673
3 0.16527777777777777 0.8589108910891089 0.11666666666666667 0.11386138613861387
3 0.23472222222222222 0.8081683168316832 0.19722222222222222 0.13613861386138615
5 0.4534722222222222 0.8886138613861386 0.11527777777777778 0.1188118811881188
5 0.5715277777777777 0.9108910891089109 0.10694444444444444 0.1188118811881188
5 0.6715277777777777 0.9504950495049505 0.06805555555555555 0.07425742574257425
5 0.7118055555555556 0.931930693069307 0.07916666666666666 0.07673267326732673
5 0.7743055555555556 0.9603960396039604 0.07361111111111111 0.06930693069306931
5 0.8083333333333333 0.9443069306930693 0.075 0.07178217821782178
5 0.9 0.9665841584158416 0.06388888888888888 0.05693069306930693
5 0.9590277777777778 0.9467821782178217 0.06527777777777778 0.07178217821782178