2 0.05 0.844059405940594 0.1 0.07920792079207921
3 0.17777777777777778 0.8613861386138614 0.11388888888888889 0.11386138613861387
3 0.24305555555555555 0.8106435643564357 0.19722222222222222 0.13613861386138615
5 0.46319444444444446 0.8972772277227723 0.1125 0.11633663366336634
5 0.5826388888888889 0.9108910891089109 0.10694444444444444 0.1188118811881188
5 0.6826388888888889 0.9529702970297029 0.06805555555555555 0.07425742574257425
5 0.7229166666666667 0.9344059405940595 0.06805555555555555 0.07673267326732673
5 0.7861111111111111 0.9616336633663366 0.06666666666666667 0.06683168316831684
5 0.8194444444444444 0.9455445544554455 0.075 0.06930693069306931
5 0.9090277777777778 0.9665841584158416 0.0625 0.05693069306930693
5 0.9666666666666667 0.948019801980198 0.05555555555555555 0.07425742574257425