2 0.05277777777777778 0.844059405940594 0.10277777777777777 0.08415841584158416
3 0.18194444444444444 0.8613861386138614 0.11388888888888889 0.11386138613861387
3 0.24722222222222223 0.8106435643564357 0.19722222222222222 0.13613861386138615
5 0.4673611111111111 0.8972772277227723 0.1125 0.11633663366336634
5 0.5861111111111111 0.9096534653465347 0.11388888888888889 0.11633663366336634
5 0.6868055555555556 0.9529702970297029 0.06805555555555555 0.07425742574257425
5 0.7270833333333333 0.9356435643564357 0.07916666666666666 0.07425742574257425
5 0.7916666666666666 0.9628712871287128 0.06666666666666667 0.06435643564356436
5 0.8236111111111111 0.9455445544554455 0.075 0.06930693069306931
5 0.9138888888888889 0.9678217821782178 0.06111111111111111 0.054455445544554455
5 0.96875 0.948019801980198 0.05416666666666667 0.07425742574257425