2 0.050391 0.824306 0.099219 0.076389
3 0.186328 0.839583 0.153906 0.070833
3 0.239063 0.788889 0.176563 0.125000
5 0.298047 0.635417 0.055469 0.068056
5 0.401562 0.871528 0.109375 0.120833
5 0.476172 0.877083 0.055469 0.062500
5 0.500000 0.858333 0.062500 0.069444
5 0.583203 0.886806 0.108594 0.115278
5 0.682422 0.929861 0.067969 0.073611
5 0.719922 0.911806 0.067969 0.076389
5 0.785547 0.946528 0.069531 0.076389
5 0.817578 0.925694 0.066406 0.079167
5 0.913672 0.958333 0.077344 0.072222
7 0.235547 0.637500 0.044531 0.063889
8 0.298047 0.635417 0.044531 0.054167
8 0.250781 0.669444 0.025000 0.052778