0 0.12569444444444444 0.5866336633663366 0.08472222222222223 0.2722772277227723
2 0.18611111111111112 0.8564356435643564 0.15 0.10396039603960396
3 0.33541666666666664 0.8824257425742574 0.10972222222222222 0.11138613861386139
3 0.3958333333333333 0.8304455445544554 0.19166666666666668 0.12623762376237624
5 0.6201388888888889 0.9207920792079208 0.11527777777777778 0.1188118811881188
5 0.7402777777777778 0.9381188118811881 0.11388888888888889 0.11386138613861387
5 0.8375 0.969059405940594 0.06666666666666667 0.04702970297029703
5 0.8784722222222222 0.9628712871287128 0.07916666666666666 0.06435643564356436
5 0.9368055555555556 0.9777227722772277 0.06527777777777778 0.034653465346534656
5 0.9673611111111111 0.9678217821782178 0.05138888888888889 0.054455445544554455
29 0.12569444444444444 0.5866336633663366 0.06777777777777778 0.21782178217821785