0 0.13958333333333334 0.5816831683168316 0.09305555555555556 0.2722772277227723
2 0.18333333333333332 0.8564356435643564 0.15 0.10396039603960396
3 0.3326388888888889 0.8824257425742574 0.10972222222222222 0.11138613861386139
3 0.39375 0.8304455445544554 0.19027777777777777 0.12623762376237624
5 0.6173611111111111 0.9207920792079208 0.11527777777777778 0.1188118811881188
5 0.7375 0.9381188118811881 0.11388888888888889 0.11386138613861387
5 0.8347222222222223 0.969059405940594 0.06666666666666667 0.04702970297029703
5 0.8756944444444444 0.9628712871287128 0.07916666666666666 0.06435643564356436
5 0.9340277777777778 0.9777227722772277 0.06527777777777778 0.034653465346534656
5 0.9645833333333333 0.9678217821782178 0.05138888888888889 0.054455445544554455
29 0.13958333333333334 0.5816831683168316 0.07444444444444445 0.21782178217821785