0 0.15763888888888888 0.5915841584158416 0.09305555555555556 0.2722772277227723
2 0.17777777777777778 0.8564356435643564 0.15 0.10396039603960396
3 0.3277777777777778 0.8824257425742574 0.1111111111111111 0.11138613861386139
3 0.38958333333333334 0.8304455445544554 0.19027777777777777 0.12623762376237624
5 0.6118055555555556 0.9207920792079208 0.11527777777777778 0.1188118811881188
5 0.7319444444444444 0.9381188118811881 0.11388888888888889 0.11386138613861387
5 0.8298611111111112 0.969059405940594 0.06805555555555555 0.04702970297029703
5 0.8701388888888889 0.9628712871287128 0.07916666666666666 0.06435643564356436
5 0.9298611111111111 0.9777227722772277 0.06527777777777778 0.034653465346534656
5 0.9611111111111111 0.9678217821782178 0.05277777777777778 0.054455445544554455
29 0.15763888888888888 0.5915841584158416 0.07444444444444445 0.21782178217821785