0 0.18888888888888888 0.6212871287128713 0.1 0.2623762376237624
2 0.16805555555555557 0.8564356435643564 0.15 0.10396039603960396
3 0.31805555555555554 0.8824257425742574 0.1111111111111111 0.11138613861386139
3 0.3798611111111111 0.8329207920792079 0.19027777777777777 0.12623762376237624
5 0.6020833333333333 0.9207920792079208 0.11527777777777778 0.1188118811881188
5 0.7222222222222222 0.9381188118811881 0.11388888888888889 0.11386138613861387
5 0.8201388888888889 0.969059405940594 0.06805555555555555 0.04702970297029703
5 0.8604166666666667 0.9628712871287128 0.07916666666666666 0.06435643564356436
5 0.9201388888888888 0.9777227722772277 0.06527777777777778 0.034653465346534656
5 0.9527777777777777 0.9678217821782178 0.05555555555555555 0.054455445544554455
29 0.18888888888888888 0.6212871287128713 0.08000000000000002 0.20990099009900992