0 0.19305555555555556 0.6349009900990099 0.10555555555555556 0.25495049504950495
2 0.16527777777777777 0.8564356435643564 0.15 0.10396039603960396
3 0.31527777777777777 0.8824257425742574 0.1111111111111111 0.11138613861386139
3 0.3784722222222222 0.8329207920792079 0.19027777777777777 0.12623762376237624
5 0.5993055555555555 0.9207920792079208 0.11527777777777778 0.1188118811881188
5 0.7194444444444444 0.9381188118811881 0.11388888888888889 0.11386138613861387
5 0.8173611111111111 0.969059405940594 0.06805555555555555 0.04702970297029703
5 0.8576388888888888 0.9628712871287128 0.07916666666666666 0.06435643564356436
5 0.9180555555555555 0.9777227722772277 0.06666666666666667 0.034653465346534656
5 0.9506944444444444 0.9678217821782178 0.05694444444444444 0.054455445544554455
29 0.19305555555555556 0.6349009900990099 0.08444444444444445 0.20396039603960398