0 0.19791666666666666 0.6782178217821783 0.12638888888888888 0.2079207920792079
2 0.15416666666666667 0.8564356435643564 0.15 0.10396039603960396
3 0.30486111111111114 0.8824257425742574 0.1125 0.11138613861386139
3 0.36875 0.8329207920792079 0.19027777777777777 0.12623762376237624
5 0.5895833333333333 0.9207920792079208 0.11527777777777778 0.1188118811881188
5 0.7097222222222223 0.9381188118811881 0.11388888888888889 0.11386138613861387
5 0.8069444444444445 0.969059405940594 0.06944444444444445 0.04702970297029703
5 0.8479166666666667 0.9628712871287128 0.07916666666666666 0.06435643564356436
5 0.9083333333333333 0.9777227722772277 0.06666666666666667 0.034653465346534656
5 0.9423611111111111 0.9678217821782178 0.059722222222222225 0.054455445544554455
29 0.19791666666666666 0.6782178217821783 0.10111111111111111 0.16633663366336635