0 0.19375 0.7202970297029703 0.1375 0.17326732673267325
2 0.14444444444444443 0.8589108910891089 0.15 0.10396039603960396
3 0.2951388888888889 0.8849009900990099 0.1125 0.11138613861386139
3 0.3597222222222222 0.8353960396039604 0.18888888888888888 0.12623762376237624
5 0.5798611111111112 0.9207920792079208 0.11527777777777778 0.1188118811881188
5 0.7 0.9381188118811881 0.11388888888888889 0.11386138613861387
5 0.7972222222222223 0.969059405940594 0.06944444444444445 0.04702970297029703
5 0.8381944444444445 0.9628712871287128 0.07916666666666666 0.06435643564356436
5 0.8993055555555556 0.9777227722772277 0.06805555555555555 0.034653465346534656
5 0.9340277777777778 0.9678217821782178 0.0625 0.054455445544554455
29 0.19375 0.7202970297029703 0.11000000000000001 0.1386138613861386