0 0.19166666666666668 0.7252475247524752 0.1388888888888889 0.16336633663366337
2 0.14166666666666666 0.8589108910891089 0.15 0.10396039603960396
3 0.2923611111111111 0.8849009900990099 0.1125 0.11138613861386139
3 0.35833333333333334 0.8353960396039604 0.18888888888888888 0.12623762376237624
5 0.5770833333333333 0.9207920792079208 0.11527777777777778 0.1188118811881188
5 0.6972222222222222 0.9381188118811881 0.11388888888888889 0.11386138613861387
5 0.7944444444444444 0.9678217821782178 0.06944444444444445 0.04950495049504951
5 0.8354166666666667 0.9628712871287128 0.07916666666666666 0.06435643564356436
5 0.8965277777777778 0.9777227722772277 0.06805555555555555 0.034653465346534656
5 0.93125 0.9665841584158416 0.0625 0.05693069306930693
29 0.19166666666666668 0.7252475247524752 0.11111111111111112 0.1306930693069307