0 0.18333333333333332 0.7462871287128713 0.14444444444444443 0.13613861386138615
2 0.13055555555555556 0.8589108910891089 0.15 0.10396039603960396
3 0.2826388888888889 0.8849009900990099 0.1125 0.11138613861386139
3 0.3486111111111111 0.8353960396039604 0.18888888888888888 0.12623762376237624
5 0.5659722222222222 0.9207920792079208 0.11527777777777778 0.1188118811881188
5 0.6861111111111111 0.9381188118811881 0.11388888888888889 0.11386138613861387
5 0.7840277777777778 0.9678217821782178 0.07083333333333333 0.04950495049504951
5 0.8243055555555555 0.9628712871287128 0.07916666666666666 0.06435643564356436
5 0.8875 0.9777227722772277 0.06944444444444445 0.034653465346534656
5 0.9229166666666667 0.9665841584158416 0.06527777777777778 0.05693069306930693
29 0.18333333333333332 0.7462871287128713 0.11555555555555555 0.10891089108910892