0 0.17708333333333334 0.7673267326732673 0.14583333333333334 0.1188118811881188
2 0.12222222222222222 0.8589108910891089 0.15 0.10396039603960396
3 0.2743055555555556 0.8849009900990099 0.1125 0.11138613861386139
3 0.3423611111111111 0.8353960396039604 0.1875 0.12623762376237624
5 0.5590277777777778 0.9207920792079208 0.11527777777777778 0.1188118811881188
5 0.6791666666666667 0.9381188118811881 0.11388888888888889 0.11386138613861387
5 0.7756944444444445 0.9678217821782178 0.07083333333333333 0.04950495049504951
5 0.8173611111111111 0.9628712871287128 0.07916666666666666 0.06435643564356436
5 0.8805555555555555 0.9777227722772277 0.06944444444444445 0.034653465346534656
5 0.9166666666666666 0.9665841584158416 0.06666666666666667 0.05693069306930693
29 0.17708333333333334 0.7673267326732673 0.11666666666666668 0.09504950495049505