0 0.16180555555555556 0.7698019801980198 0.1486111111111111 0.10891089108910891
2 0.10694444444444444 0.8589108910891089 0.15 0.10396039603960396
3 0.2590277777777778 0.8849009900990099 0.1125 0.11138613861386139
3 0.3284722222222222 0.8378712871287128 0.1875 0.12623762376237624
5 0.54375 0.9207920792079208 0.11527777777777778 0.1188118811881188
5 0.6638888888888889 0.9381188118811881 0.11388888888888889 0.11386138613861387
5 0.7604166666666666 0.9678217821782178 0.07083333333333333 0.04950495049504951
5 0.8020833333333334 0.9628712871287128 0.07916666666666666 0.06435643564356436
5 0.8666666666666667 0.9777227722772277 0.07222222222222222 0.034653465346534656
5 0.9041666666666667 0.9665841584158416 0.07222222222222222 0.05693069306930693
29 0.16180555555555556 0.7698019801980198 0.11888888888888889 0.08712871287128714