0 0.15763888888888888 0.7698019801980198 0.1486111111111111 0.10891089108910891
2 0.09861111111111111 0.8589108910891089 0.15 0.10396039603960396
3 0.2513888888888889 0.8849009900990099 0.11388888888888889 0.11138613861386139
3 0.32222222222222224 0.8378712871287128 0.18611111111111112 0.12623762376237624
5 0.5354166666666667 0.9207920792079208 0.11527777777777778 0.1188118811881188
5 0.6555555555555556 0.9381188118811881 0.11388888888888889 0.11386138613861387
5 0.7527777777777778 0.9678217821782178 0.07222222222222222 0.04950495049504951
5 0.79375 0.9628712871287128 0.07916666666666666 0.06435643564356436
5 0.8597222222222223 0.9777227722772277 0.07222222222222222 0.034653465346534656
5 0.8979166666666667 0.9665841584158416 0.07361111111111111 0.05693069306930693
29 0.15763888888888888 0.7698019801980198 0.11888888888888889 0.08712871287128714