2 0.05277777777777778 0.8254950495049505 0.10555555555555556 0.07673267326732673
3 0.19236111111111112 0.8378712871287128 0.15416666666666667 0.07178217821782178
3 0.24375 0.7896039603960396 0.1763888888888889 0.12376237623762376
5 0.32222222222222224 0.6311881188118812 0.05555555555555555 0.06930693069306931
5 0.4048611111111111 0.8725247524752475 0.10972222222222222 0.12128712871287128
5 0.48194444444444445 0.8774752475247525 0.05555555555555555 0.06188118811881188
5 0.5048611111111111 0.8589108910891089 0.0625 0.06930693069306931
5 0.5875 0.8873762376237624 0.10833333333333334 0.12128712871287128
5 0.6854166666666667 0.9331683168316832 0.06805555555555555 0.07425742574257425
5 0.7229166666666667 0.9096534653465347 0.06805555555555555 0.07673267326732673
5 0.7888888888888889 0.948019801980198 0.06944444444444445 0.07425742574257425
5 0.8236111111111111 0.9282178217821783 0.06666666666666667 0.07920792079207921
5 0.91875 0.9566831683168316 0.07916666666666666 0.07673267326732673
8 0.32222222222222224 0.6311881188118812 0.044444444444444446 0.05544554455445545
7 0.219531 0.6899305 0.0609375 0.157639