2 0.053125 0.824306 0.104688 0.076389
3 0.191797 0.837500 0.153906 0.072222
3 0.244141 0.788889 0.177344 0.125000
5 0.326172 0.630556 0.055469 0.069444
5 0.404687 0.871528 0.109375 0.120833
5 0.481641 0.877083 0.055469 0.062500
5 0.506250 0.858333 0.062500 0.069444
5 0.587109 0.886806 0.108594 0.120833
5 0.684766 0.932639 0.067969 0.073611
5 0.723828 0.909028 0.067969 0.076389
5 0.787891 0.947222 0.067969 0.075000
5 0.823047 0.925694 0.066406 0.079167
5 0.918359 0.956250 0.078906 0.076389
8 0.326172 0.630556 0.044531 0.055556
7 0.227344 0.688889 0.048438 0.166667