2 0.08819444444444445 0.8131188118811881 0.14305555555555555 0.10148514851485149
3 0.24166666666666667 0.8415841584158416 0.15555555555555556 0.07920792079207921
3 0.29305555555555557 0.7871287128712872 0.17777777777777778 0.12376237623762376
5 0.4576388888888889 0.8712871287128713 0.1125 0.11386138613861387
5 0.5347222222222222 0.875 0.05555555555555555 0.06188118811881188
5 0.5618055555555556 0.8539603960396039 0.0625 0.06930693069306931
5 0.6395833333333333 0.8873762376237624 0.10972222222222222 0.12128712871287128
5 0.7361111111111112 0.9306930693069307 0.06666666666666667 0.06930693069306931
5 0.7763888888888889 0.9096534653465347 0.06944444444444445 0.07673267326732673
5 0.8402777777777778 0.943069306930693 0.058333333333333334 0.054455445544554455
5 0.8763888888888889 0.9207920792079208 0.06944444444444445 0.07920792079207921
5 0.9666666666666667 0.9554455445544554 0.058333333333333334 0.06930693069306931