2 0.08888888888888889 0.818069306930693 0.14722222222222223 0.11138613861386139
3 0.24166666666666667 0.8514851485148515 0.17222222222222222 0.10891089108910891
5 0.3875 0.676980198019802 0.10555555555555556 0.09653465346534654
5 0.6416666666666667 0.8948019801980198 0.11388888888888889 0.11633663366336634
5 0.74375 0.9344059405940595 0.06805555555555555 0.07673267326732673
5 0.7826388888888889 0.9170792079207921 0.07083333333333333 0.08168316831683169
5 0.8479166666666667 0.9542079207920792 0.07361111111111111 0.07673267326732673
5 0.8840277777777777 0.9306930693069307 0.07083333333333333 0.07425742574257425
5 0.9708333333333333 0.9628712871287128 0.05277777777777778 0.06435643564356436
15 0.3875 0.676980198019802 0.08444444444444445 0.07722772277227724
9 0.1946872 0.7811112 0.086563 0.1183332