2 0.08958333333333333 0.818069306930693 0.1486111111111111 0.11138613861386139
3 0.24305555555555555 0.8514851485148515 0.17222222222222222 0.10891089108910891
5 0.39305555555555555 0.676980198019802 0.10277777777777777 0.09653465346534654
5 0.6430555555555556 0.8948019801980198 0.11388888888888889 0.11633663366336634
5 0.7451388888888889 0.9344059405940595 0.06805555555555555 0.07673267326732673
5 0.7840277777777778 0.9170792079207921 0.07083333333333333 0.08168316831683169
5 0.8493055555555555 0.9542079207920792 0.07361111111111111 0.07673267326732673
5 0.8854166666666666 0.9306930693069307 0.07083333333333333 0.07425742574257425
5 0.9708333333333333 0.9628712871287128 0.05277777777777778 0.06435643564356436
15 0.39305555555555555 0.676980198019802 0.08222222222222222 0.07722772277227724
9 0.19499960000000002 0.7808336 0.087813 0.1077776