2 0.09513888888888888 0.818069306930693 0.1486111111111111 0.11138613861386139
3 0.2513888888888889 0.849009900990099 0.17222222222222222 0.10891089108910891
5 0.38680555555555557 0.681930693069307 0.09861111111111111 0.10148514851485149
5 0.65 0.8972772277227723 0.11388888888888889 0.11633663366336634
5 0.7520833333333333 0.9368811881188119 0.06805555555555555 0.07673267326732673
5 0.7909722222222222 0.9195544554455446 0.07083333333333333 0.08168316831683169
5 0.85625 0.9542079207920792 0.07361111111111111 0.07673267326732673
5 0.8909722222222223 0.9344059405940595 0.07083333333333333 0.07673267326732673
5 0.9722222222222222 0.9628712871287128 0.05 0.06435643564356436
15 0.38680555555555557 0.681930693069307 0.0788888888888889 0.0811881188118812
9 0.2286718 0.7466664000000001 0.0864066 0.1894442