2 0.09791666666666667 0.818069306930693 0.1486111111111111 0.11138613861386139
3 0.25555555555555554 0.849009900990099 0.17222222222222222 0.10891089108910891
5 0.33958333333333335 0.6794554455445545 0.10694444444444444 0.11633663366336634
5 0.6555555555555556 0.8997524752475248 0.11388888888888889 0.11633663366336634
5 0.75625 0.9393564356435643 0.06805555555555555 0.07673267326732673
5 0.7951388888888888 0.9195544554455446 0.07083333333333333 0.08168316831683169
5 0.8604166666666667 0.9542079207920792 0.07361111111111111 0.07673267326732673
5 0.89375 0.9356435643564357 0.07083333333333333 0.07920792079207921
5 0.9729166666666667 0.9628712871287128 0.04861111111111111 0.06435643564356436
15 0.33958333333333335 0.6794554455445545 0.08555555555555555 0.09306930693069308
9 0.22343733333333332 0.7243053333333334 0.072396 0.21713000000000002