2 0.08125 0.8155940594059405 0.14305555555555555 0.10148514851485149
3 0.2361111111111111 0.8415841584158416 0.15555555555555556 0.07920792079207921
3 0.2861111111111111 0.7871287128712872 0.17777777777777778 0.12376237623762376
5 0.4513888888888889 0.8725247524752475 0.1111111111111111 0.11138613861386139
5 0.5277777777777778 0.875 0.05555555555555555 0.06188118811881188
5 0.5548611111111111 0.8564356435643564 0.0625 0.06930693069306931
5 0.6326388888888889 0.8873762376237624 0.10972222222222222 0.12128712871287128
5 0.7291666666666666 0.9306930693069307 0.06666666666666667 0.06930693069306931
5 0.7701388888888889 0.9108910891089109 0.06805555555555555 0.07920792079207921
5 0.8347222222222223 0.943069306930693 0.058333333333333334 0.054455445544554455
5 0.8708333333333333 0.9207920792079208 0.06944444444444445 0.07920792079207921
5 0.9631944444444445 0.9554455445544554 0.06527777777777778 0.06930693069306931