2 0.07708333333333334 0.8155940594059405 0.14305555555555555 0.10148514851485149
3 0.23194444444444445 0.8415841584158416 0.15555555555555556 0.07920792079207921
3 0.28055555555555556 0.7871287128712872 0.17777777777777778 0.12376237623762376
5 0.44722222222222224 0.8725247524752475 0.1111111111111111 0.11138613861386139
5 0.5236111111111111 0.875 0.05555555555555555 0.06188118811881188
5 0.5506944444444445 0.8564356435643564 0.0625 0.06930693069306931
5 0.6284722222222222 0.8873762376237624 0.10972222222222222 0.12128712871287128
5 0.7236111111111111 0.9306930693069307 0.06666666666666667 0.06930693069306931
5 0.7652777777777777 0.9108910891089109 0.06944444444444445 0.07920792079207921
5 0.8319444444444445 0.9455445544554455 0.058333333333333334 0.054455445544554455
5 0.8666666666666667 0.9207920792079208 0.06944444444444445 0.07920792079207921
5 0.9611111111111111 0.9554455445544554 0.06944444444444445 0.06930693069306931