2 0.06180555555555556 0.8341584158415841 0.12361111111111112 0.08415841584158416
3 0.20416666666666666 0.8378712871287128 0.15833333333333333 0.08168316831683169
3 0.2638888888888889 0.7933168316831684 0.175 0.14108910891089108
5 0.4236111111111111 0.8725247524752475 0.11388888888888889 0.11633663366336634
5 0.4951388888888889 0.875 0.0625 0.07178217821782178
5 0.5270833333333333 0.8601485148514851 0.06527777777777778 0.07673267326732673
5 0.6041666666666666 0.8873762376237624 0.10277777777777777 0.12128712871287128
5 0.7020833333333333 0.9331683168316832 0.06527777777777778 0.07425742574257425
5 0.7430555555555556 0.9133663366336634 0.06944444444444445 0.07920792079207921
5 0.8055555555555556 0.9443069306930693 0.06944444444444445 0.08168316831683169
5 0.8375 0.9257425742574258 0.07222222222222222 0.07920792079207921
5 0.9395833333333333 0.9616336633663366 0.0763888888888889 0.06683168316831684