2 0.13125 0.8316831683168316 0.14583333333333334 0.10396039603960396
3 0.2875 0.8626237623762376 0.15833333333333333 0.08168316831683169
3 0.34444444444444444 0.8056930693069307 0.175 0.14108910891089108
5 0.5027777777777778 0.8948019801980198 0.11388888888888889 0.11633663366336634
5 0.5798611111111112 0.8997524752475248 0.0625 0.07178217821782178
5 0.6048611111111111 0.8824257425742574 0.06527777777777778 0.07673267326732673
5 0.6861111111111111 0.9096534653465347 0.10277777777777777 0.12128712871287128
5 0.7854166666666667 0.9542079207920792 0.06527777777777778 0.07178217821782178
5 0.8236111111111111 0.9344059405940595 0.06944444444444445 0.07673267326732673
5 0.8902777777777777 0.9653465346534653 0.06944444444444445 0.0594059405940594
5 0.9236111111111112 0.9467821782178217 0.06111111111111111 0.07178217821782178