2 0.14444444444444443 0.8353960396039604 0.14444444444444443 0.10148514851485149
3 0.3 0.8650990099009901 0.15833333333333333 0.08168316831683169
3 0.35694444444444445 0.8081683168316832 0.175 0.14108910891089108
5 0.5152777777777777 0.8972772277227723 0.11388888888888889 0.11633663366336634
5 0.5923611111111111 0.9022277227722773 0.0625 0.07178217821782178
5 0.6173611111111111 0.8849009900990099 0.06527777777777778 0.07673267326732673
5 0.6986111111111111 0.9121287128712872 0.10277777777777777 0.12128712871287128
5 0.7979166666666667 0.9554455445544554 0.06527777777777778 0.06930693069306931
5 0.8361111111111111 0.9368811881188119 0.06944444444444445 0.07673267326732673
5 0.9034722222222222 0.9665841584158416 0.06805555555555555 0.05693069306930693
5 0.9361111111111111 0.9492574257425742 0.06111111111111111 0.07178217821782178