2 0.07152777777777777 0.8205445544554455 0.14305555555555555 0.10148514851485149
3 0.2263888888888889 0.844059405940594 0.15555555555555556 0.07920792079207921
3 0.2763888888888889 0.7920792079207921 0.17777777777777778 0.12376237623762376
5 0.44166666666666665 0.8774752475247525 0.1111111111111111 0.11138613861386139
5 0.5180555555555556 0.879950495049505 0.05555555555555555 0.06188118811881188
5 0.5451388888888888 0.8613861386138614 0.0625 0.06930693069306931
5 0.6229166666666667 0.8923267326732673 0.10972222222222222 0.12128712871287128
5 0.7180555555555556 0.9368811881188119 0.06666666666666667 0.06683168316831684
5 0.7597222222222222 0.9158415841584159 0.06944444444444445 0.07920792079207921
5 0.8298611111111112 0.9529702970297029 0.05694444444444444 0.0594059405940594
5 0.8680555555555556 0.9282178217821783 0.06944444444444445 0.07920792079207921
5 0.9604166666666667 0.9579207920792079 0.07083333333333333 0.06435643564356436