2 0.1798611111111111 0.8415841584158416 0.14305555555555555 0.09900990099009901
3 0.3347222222222222 0.8725247524752475 0.15833333333333333 0.08168316831683169
3 0.3902777777777778 0.8131188118811881 0.175 0.14108910891089108
5 0.55 0.9047029702970297 0.11388888888888889 0.11633663366336634
5 0.6256944444444444 0.9096534653465347 0.0625 0.07178217821782178
5 0.6506944444444445 0.8923267326732673 0.06527777777777778 0.07673267326732673
5 0.7319444444444444 0.9195544554455446 0.10277777777777777 0.12128712871287128
5 0.8326388888888889 0.9603960396039604 0.06527777777777778 0.06930693069306931
5 0.8694444444444445 0.9443069306930693 0.06944444444444445 0.07673267326732673
5 0.9395833333333333 0.969059405940594 0.06805555555555555 0.05198019801980198
5 0.9666666666666667 0.9579207920792079 0.05555555555555555 0.06930693069306931