2 0.19583333333333333 0.8168316831683168 0.14444444444444443 0.09900990099009901
3 0.3486111111111111 0.8527227722772277 0.15833333333333333 0.08168316831683169
3 0.40069444444444446 0.7896039603960396 0.16805555555555557 0.13861386138613863
5 0.5652777777777778 0.879950495049505 0.11388888888888889 0.11633663366336634
5 0.6409722222222223 0.8824257425742574 0.0625 0.07178217821782178
5 0.6680555555555555 0.8663366336633663 0.06388888888888888 0.07425742574257425
5 0.7472222222222222 0.8997524752475248 0.10277777777777777 0.12128712871287128
5 0.8458333333333333 0.9443069306930693 0.06388888888888888 0.07673267326732673
5 0.8854166666666666 0.9245049504950495 0.06805555555555555 0.07673267326732673
5 0.9527777777777777 0.9566831683168316 0.06944444444444445 0.07178217821782178
7 0.3888888888888889 0.7128712871287128 0.07222222222222222 0.13366336633663367