2 0.18888888888888888 0.8131188118811881 0.14444444444444443 0.10148514851485149
3 0.3416666666666667 0.8477722772277227 0.15833333333333333 0.08168316831683169
3 0.39166666666666666 0.7871287128712872 0.16666666666666666 0.13861386138613863
5 0.5583333333333333 0.8774752475247525 0.11388888888888889 0.11633663366336634
5 0.6340277777777777 0.8774752475247525 0.0625 0.07178217821782178
5 0.6611111111111111 0.8613861386138614 0.06388888888888888 0.07425742574257425
5 0.7402777777777778 0.8948019801980198 0.10277777777777777 0.12128712871287128
5 0.8388888888888889 0.9405940594059405 0.06388888888888888 0.07920792079207921
5 0.8784722222222222 0.9195544554455446 0.06805555555555555 0.07673267326732673
5 0.9451388888888889 0.9542079207920792 0.07083333333333333 0.07673267326732673
7 0.3819444444444444 0.7141089108910891 0.06944444444444445 0.1311881188118812