2 0.16944444444444445 0.8094059405940595 0.14444444444444443 0.09900990099009901
3 0.3236111111111111 0.8452970297029703 0.15833333333333333 0.08168316831683169
3 0.3729166666666667 0.7846534653465347 0.16805555555555557 0.13861386138613863
5 0.5402777777777777 0.870049504950495 0.11388888888888889 0.11633663366336634
5 0.6145833333333334 0.8725247524752475 0.0625 0.07178217821782178
5 0.6444444444444445 0.8564356435643564 0.06388888888888888 0.07425742574257425
5 0.7236111111111111 0.8898514851485149 0.10277777777777777 0.12128712871287128
5 0.8222222222222222 0.9331683168316832 0.06388888888888888 0.07920792079207921
5 0.8590277777777777 0.9146039603960396 0.06805555555555555 0.07673267326732673
5 0.9236111111111112 0.9492574257425742 0.06944444444444445 0.08168316831683169
5 0.95625 0.926980198019802 0.06527777777777778 0.08168316831683169
7 0.3548611111111111 0.7103960396039604 0.0625 0.13861386138613863