2 0.16319444444444445 0.8081683168316832 0.14583333333333334 0.10148514851485149
3 0.31666666666666665 0.8452970297029703 0.15833333333333333 0.08168316831683169
3 0.36736111111111114 0.7821782178217822 0.16805555555555557 0.13861386138613863
5 0.5333333333333333 0.8675742574257426 0.11388888888888889 0.11633663366336634
5 0.6090277777777777 0.8725247524752475 0.0625 0.07178217821782178
5 0.6388888888888888 0.8539603960396039 0.06388888888888888 0.07425742574257425
5 0.7180555555555556 0.8873762376237624 0.10277777777777777 0.12128712871287128
5 0.8166666666666667 0.9306930693069307 0.06388888888888888 0.07920792079207921
5 0.8534722222222222 0.9121287128712872 0.06805555555555555 0.07673267326732673
5 0.9166666666666666 0.9467821782178217 0.06944444444444445 0.08168316831683169
5 0.9506944444444444 0.9245049504950495 0.06805555555555555 0.08168316831683169
7 0.3347222222222222 0.7017326732673267 0.06388888888888888 0.15594059405940594