2 0.16041666666666668 0.8081683168316832 0.14583333333333334 0.10148514851485149
3 0.3138888888888889 0.8452970297029703 0.15833333333333333 0.08168316831683169
3 0.3645833333333333 0.7821782178217822 0.16805555555555557 0.13861386138613863
5 0.5305555555555556 0.8675742574257426 0.11388888888888889 0.11633663366336634
5 0.60625 0.8725247524752475 0.0625 0.07178217821782178
5 0.6361111111111111 0.8539603960396039 0.06388888888888888 0.07425742574257425
5 0.7152777777777778 0.8873762376237624 0.10277777777777777 0.12128712871287128
5 0.8138888888888889 0.9294554455445545 0.06388888888888888 0.07673267326732673
5 0.8506944444444444 0.9121287128712872 0.06805555555555555 0.07673267326732673
5 0.9138888888888889 0.9455445544554455 0.06944444444444445 0.07920792079207921
5 0.9486111111111111 0.9245049504950495 0.06944444444444445 0.08168316831683169
7 0.32569444444444445 0.6992574257425742 0.06527777777777778 0.16584158415841585