2 0.1423611111111111 0.806930693069307 0.14583333333333334 0.09900990099009901
3 0.2972222222222222 0.8452970297029703 0.15833333333333333 0.08168316831683169
3 0.3472222222222222 0.7821782178217822 0.16944444444444445 0.13861386138613863
5 0.5138888888888888 0.8626237623762376 0.11388888888888889 0.11633663366336634
5 0.5881944444444445 0.870049504950495 0.0625 0.07178217821782178
5 0.6194444444444445 0.8514851485148515 0.06388888888888888 0.07425742574257425
5 0.6986111111111111 0.8849009900990099 0.10277777777777777 0.12128712871287128
5 0.7972222222222223 0.9245049504950495 0.06388888888888888 0.07673267326732673
5 0.8326388888888889 0.9096534653465347 0.06805555555555555 0.07673267326732673
5 0.8979166666666667 0.9405940594059405 0.07083333333333333 0.07920792079207921
5 0.9333333333333333 0.9220297029702971 0.075 0.08663366336633663
7 0.31875 0.6967821782178217 0.06527777777777778 0.16584158415841585