2 0.12986111111111112 0.8044554455445545 0.14583333333333334 0.09900990099009901
3 0.2847222222222222 0.8403465346534653 0.15833333333333333 0.08168316831683169
3 0.3368055555555556 0.7821782178217822 0.17083333333333334 0.13861386138613863
5 0.5027777777777778 0.8626237623762376 0.11388888888888889 0.11633663366336634
5 0.5770833333333333 0.870049504950495 0.0625 0.07178217821782178
5 0.6069444444444444 0.8514851485148515 0.06388888888888888 0.07425742574257425
5 0.6861111111111111 0.8849009900990099 0.10277777777777777 0.12128712871287128
5 0.7847222222222222 0.9245049504950495 0.06388888888888888 0.07673267326732673
5 0.8201388888888889 0.9071782178217822 0.06805555555555555 0.07673267326732673
5 0.8840277777777777 0.943069306930693 0.06805555555555555 0.07920792079207921
5 0.9166666666666666 0.9183168316831684 0.06944444444444445 0.07425742574257425
7 0.3090277777777778 0.7017326732673267 0.06527777777777778 0.16584158415841585