2 0.11597222222222223 0.8032178217821783 0.14583333333333334 0.09653465346534654
3 0.2708333333333333 0.8378712871287128 0.15833333333333333 0.08168316831683169
3 0.32430555555555557 0.7821782178217822 0.1736111111111111 0.13861386138613863
5 0.4888888888888889 0.8650990099009901 0.11388888888888889 0.11633663366336634
5 0.5645833333333333 0.8725247524752475 0.0625 0.07178217821782178
5 0.5930555555555556 0.8514851485148515 0.06388888888888888 0.07425742574257425
5 0.6722222222222223 0.8873762376237624 0.10277777777777777 0.12128712871287128
5 0.7701388888888889 0.9245049504950495 0.0625 0.07673267326732673
5 0.8048611111111111 0.905940594059406 0.06805555555555555 0.07920792079207921
5 0.8715277777777778 0.9405940594059405 0.07083333333333333 0.07920792079207921
5 0.9034722222222222 0.9195544554455446 0.07361111111111111 0.07673267326732673
7 0.30069444444444443 0.7042079207920792 0.06527777777777778 0.16584158415841585