2 0.10555555555555556 0.8032178217821783 0.14722222222222223 0.09653465346534654
3 0.2611111111111111 0.8353960396039604 0.15833333333333333 0.08168316831683169
3 0.31527777777777777 0.7821782178217822 0.175 0.13861386138613863
5 0.4791666666666667 0.8675742574257426 0.11388888888888889 0.11633663366336634
5 0.5548611111111111 0.8725247524752475 0.0625 0.07178217821782178
5 0.5826388888888889 0.8514851485148515 0.06527777777777778 0.07425742574257425
5 0.6611111111111111 0.8873762376237624 0.10277777777777777 0.12128712871287128
5 0.7597222222222222 0.9245049504950495 0.06111111111111111 0.07673267326732673
5 0.79375 0.905940594059406 0.06805555555555555 0.07920792079207921
5 0.8652777777777778 0.9443069306930693 0.07222222222222222 0.07673267326732673
5 0.8979166666666667 0.9195544554455446 0.07361111111111111 0.07673267326732673