2 0.11458333333333333 0.8081683168316832 0.14305555555555555 0.10148514851485149
3 0.26805555555555555 0.8391089108910891 0.15555555555555556 0.07920792079207921
3 0.32083333333333336 0.7846534653465347 0.17777777777777778 0.12376237623762376
5 0.4840277777777778 0.8675742574257426 0.1125 0.11633663366336634
5 0.5611111111111111 0.870049504950495 0.05555555555555555 0.06188118811881188
5 0.5881944444444445 0.849009900990099 0.0625 0.06930693069306931
5 0.6659722222222222 0.8849009900990099 0.10972222222222222 0.12128712871287128
5 0.7652777777777777 0.9294554455445545 0.06666666666666667 0.07178217821782178
5 0.8034722222222223 0.9047029702970297 0.06805555555555555 0.07673267326732673
5 0.8638888888888889 0.9405940594059405 0.058333333333333334 0.054455445544554455
5 0.9 0.9183168316831684 0.06944444444444445 0.07920792079207921
5 0.9798611111111111 0.9579207920792079 0.03194444444444444 0.06930693069306931