2 0.09166666666666666 0.8316831683168316 0.14444444444444443 0.09900990099009901
3 0.24861111111111112 0.8564356435643564 0.15555555555555556 0.07920792079207921
3 0.3013888888888889 0.8118811881188119 0.17777777777777778 0.12376237623762376
5 0.4652777777777778 0.8935643564356436 0.1111111111111111 0.11386138613861387
5 0.5402777777777777 0.8948019801980198 0.05555555555555555 0.06188118811881188
5 0.5673611111111111 0.8737623762376238 0.0625 0.06930693069306931
5 0.6479166666666667 0.9096534653465347 0.10972222222222222 0.12128712871287128
5 0.7444444444444445 0.9542079207920792 0.06666666666666667 0.06683168316831684
5 0.7833333333333333 0.9344059405940595 0.06944444444444445 0.07673267326732673
5 0.8555555555555555 0.9653465346534653 0.058333333333333334 0.054455445544554455
5 0.8833333333333333 0.943069306930693 0.06944444444444445 0.07920792079207921