0 0.011111111111111112 0.6188118811881188 0.022222222222222223 0.15346534653465346
11 0.5256944444444445 0.6732673267326733 0.13194444444444445 0.034653465346534656
2 0.18680555555555556 0.650990099009901 0.09861111111111111 0.04455445544554455
3 0.2972222222222222 0.6683168316831684 0.09166666666666666 0.04950495049504951
3 0.7152777777777778 0.6571782178217822 0.06388888888888888 0.07673267326732673
5 0.7618055555555555 0.6707920792079208 0.02638888888888889 0.039603960396039604
5 0.9402777777777778 0.6571782178217822 0.05277777777777778 0.05693069306930693
5 0.9777777777777777 0.6670792079207921 0.030555555555555555 0.03712871287128713
6 0.4375 0.6621287128712872 0.025 0.07178217821782178
10 0.360547 0.656250 0.071094 0.051389
29 0.011111111111111112 0.6188118811881188 0.017777777777777778 0.12277227722772277