0 0.019444444444444445 0.7178217821782178 0.03888888888888889 0.28217821782178215
1 0.0375 0.6955445544554455 0.04722222222222222 0.2623762376237624
2 0.18472222222222223 0.8267326732673267 0.14444444444444443 0.10396039603960396
3 0.33819444444444446 0.8589108910891089 0.15694444444444444 0.09405940594059406
3 0.3923611111111111 0.7995049504950495 0.18472222222222223 0.12376237623762376
5 0.5527777777777778 0.8886138613861386 0.1111111111111111 0.12376237623762376
5 0.6291666666666667 0.8935643564356436 0.058333333333333334 0.06930693069306931
5 0.6548611111111111 0.8811881188118812 0.05138888888888889 0.06435643564356436
5 0.7375 0.905940594059406 0.1111111111111111 0.1188118811881188
5 0.8361111111111111 0.9542079207920792 0.06111111111111111 0.07178217821782178
5 0.8756944444444444 0.9306930693069307 0.07361111111111111 0.07425742574257425
5 0.9416666666666667 0.9616336633663366 0.06666666666666667 0.06683168316831684
5 0.9680555555555556 0.943069306930693 0.05555555555555555 0.07425742574257425
7 0.35316036363636366 0.7269567272727272 0.06356536363636363 0.11224745454545455
29 0.019444444444444445 0.7178217821782178 0.031111111111111114 0.22574257425742572
30 0.0375 0.6955445544554455 0.03777777777777778 0.20990099009900992