0 0.016666666666666666 0.7153465346534653 0.03333333333333333 0.28217821782178215
1 0.03333333333333333 0.698019801980198 0.04722222222222222 0.2623762376237624
2 0.18055555555555555 0.8267326732673267 0.14444444444444443 0.10396039603960396
3 0.33541666666666664 0.8589108910891089 0.15694444444444444 0.09405940594059406
3 0.38819444444444445 0.7995049504950495 0.18472222222222223 0.12376237623762376
5 0.5479166666666667 0.8886138613861386 0.1125 0.12376237623762376
5 0.625 0.8935643564356436 0.058333333333333334 0.06930693069306931
5 0.6520833333333333 0.8811881188118812 0.05138888888888889 0.06435643564356436
5 0.7319444444444444 0.905940594059406 0.1111111111111111 0.1188118811881188
5 0.8319444444444445 0.9542079207920792 0.06111111111111111 0.07178217821782178
5 0.8701388888888889 0.9306930693069307 0.07361111111111111 0.07425742574257425
5 0.9368055555555556 0.9616336633663366 0.06527777777777778 0.06683168316831684
5 0.9659722222222222 0.9418316831683168 0.059722222222222225 0.07178217821782178
7 0.35031927272727276 0.7259465454545454 0.059588272727272726 0.11022709090909091
29 0.016666666666666666 0.7153465346534653 0.02666666666666667 0.22574257425742572
30 0.03333333333333333 0.698019801980198 0.03777777777777778 0.20990099009900992