0 0.013281 0.711806 0.025000 0.281944
1 0.027344 0.697917 0.046875 0.262500
2 0.176172 0.825694 0.144531 0.104167
3 0.332422 0.858333 0.157031 0.094444
3 0.383594 0.800694 0.184375 0.123611
5 0.542578 0.886806 0.111719 0.120833
5 0.620703 0.893056 0.058594 0.069444
5 0.649219 0.877778 0.051562 0.063889
5 0.727344 0.905556 0.110937 0.119444
5 0.825781 0.951389 0.060937 0.072222
5 0.865625 0.929861 0.073438 0.073611
5 0.931641 0.961111 0.066406 0.066667
5 0.962500 0.939583 0.062500 0.073611
7 0.345313 0.722917 0.056250 0.101389
29 0.013281 0.711806 0.020000000000000004 0.22555519999999998
30 0.027344 0.697917 0.037500000000000006 0.21000000000000002