2 0.1111111111111111 0.8341584158415841 0.14444444444444443 0.09900990099009901
3 0.26805555555555555 0.8589108910891089 0.15555555555555556 0.07920792079207921
3 0.32083333333333336 0.8118811881188119 0.17777777777777778 0.12376237623762376
5 0.4847222222222222 0.8960396039603961 0.1111111111111111 0.11386138613861387
5 0.5583333333333333 0.8972772277227723 0.05555555555555555 0.06188118811881188
5 0.5868055555555556 0.8787128712871287 0.0625 0.06930693069306931
5 0.6673611111111111 0.9121287128712872 0.10972222222222222 0.12128712871287128
5 0.7638888888888888 0.9554455445544554 0.06666666666666667 0.06435643564356436
5 0.8027777777777778 0.9368811881188119 0.06944444444444445 0.07673267326732673
5 0.875 0.9665841584158416 0.058333333333333334 0.05198019801980198
5 0.9027777777777778 0.948019801980198 0.06944444444444445 0.07920792079207921