0 0.011111111111111112 0.7103960396039604 0.022222222222222223 0.28217821782178215
1 0.025 0.698019801980198 0.04722222222222222 0.2623762376237624
2 0.1736111111111111 0.8267326732673267 0.14444444444444443 0.10396039603960396
3 0.3298611111111111 0.8589108910891089 0.15694444444444444 0.09405940594059406
3 0.38125 0.801980198019802 0.18472222222222223 0.12376237623762376
5 0.5409722222222222 0.8873762376237624 0.1125 0.12128712871287128
5 0.6180555555555556 0.8935643564356436 0.058333333333333334 0.06930693069306931
5 0.6479166666666667 0.8787128712871287 0.05138888888888889 0.06435643564356436
5 0.725 0.905940594059406 0.1111111111111111 0.1188118811881188
5 0.825 0.9517326732673267 0.06111111111111111 0.07178217821782178
5 0.8631944444444445 0.9306930693069307 0.07361111111111111 0.07425742574257425
5 0.9298611111111111 0.9616336633663366 0.06527777777777778 0.06683168316831684
5 0.9625 0.9393564356435643 0.06388888888888888 0.07178217821782178
7 0.3425785 0.7239585 0.0546875 0.1034725
29 0.011111111111111112 0.7103960396039604 0.017777777777777778 0.22574257425742572
30 0.025 0.698019801980198 0.03777777777777778 0.20990099009900992