2 0.17083333333333334 0.8267326732673267 0.14444444444444443 0.10396039603960396
3 0.3284722222222222 0.8589108910891089 0.15694444444444444 0.09405940594059406
3 0.3784722222222222 0.8044554455445545 0.18472222222222223 0.12376237623762376
5 0.5375 0.8873762376237624 0.1111111111111111 0.12128712871287128
5 0.6152777777777778 0.8935643564356436 0.058333333333333334 0.06930693069306931
5 0.6451388888888889 0.8787128712871287 0.05138888888888889 0.06435643564356436
5 0.7222222222222222 0.905940594059406 0.1111111111111111 0.1188118811881188
5 0.8208333333333333 0.9517326732673267 0.06111111111111111 0.07178217821782178
5 0.8604166666666667 0.9306930693069307 0.07361111111111111 0.07425742574257425
5 0.9256944444444445 0.9616336633663366 0.06527777777777778 0.06683168316831684
5 0.9604166666666667 0.9393564356435643 0.06527777777777778 0.07178217821782178
7 0.33916025 0.7243055 0.0521485 0.10208375