2 0.1625 0.8267326732673267 0.14444444444444443 0.10396039603960396
3 0.32013888888888886 0.8613861386138614 0.15694444444444444 0.09405940594059406
3 0.37083333333333335 0.8056930693069307 0.18333333333333332 0.12128712871287128
5 0.5305555555555556 0.8886138613861386 0.1111111111111111 0.1188118811881188
5 0.6083333333333333 0.8935643564356436 0.058333333333333334 0.06930693069306931
5 0.6395833333333333 0.8787128712871287 0.05138888888888889 0.06435643564356436
5 0.7152777777777778 0.905940594059406 0.1111111111111111 0.1188118811881188
5 0.8152777777777778 0.9517326732673267 0.06111111111111111 0.07178217821782178
5 0.8534722222222222 0.9306930693069307 0.07361111111111111 0.07425742574257425
5 0.91875 0.9616336633663366 0.06527777777777778 0.06683168316831684
5 0.9548611111111112 0.9393564356435643 0.07083333333333333 0.07178217821782178
7 0.329492 0.7229165 0.058203000000000005 0.0930555