2 0.12083333333333333 0.8366336633663366 0.14444444444444443 0.09900990099009901
3 0.2777777777777778 0.8613861386138614 0.15555555555555556 0.07920792079207921
3 0.33055555555555555 0.8118811881188119 0.17777777777777778 0.12376237623762376
5 0.49375 0.8972772277227723 0.1125 0.11633663366336634
5 0.5680555555555555 0.8997524752475248 0.05555555555555555 0.06188118811881188
5 0.5965277777777778 0.8787128712871287 0.0625 0.06930693069306931
5 0.6770833333333334 0.9146039603960396 0.10972222222222222 0.12128712871287128
5 0.7729166666666667 0.9566831683168316 0.06805555555555555 0.06683168316831684
5 0.8125 0.9393564356435643 0.06944444444444445 0.07673267326732673
5 0.8847222222222222 0.9665841584158416 0.058333333333333334 0.05198019801980198
5 0.9125 0.9504950495049505 0.06944444444444445 0.07920792079207921