2 0.16111111111111112 0.8267326732673267 0.14444444444444443 0.10396039603960396
3 0.3159722222222222 0.8613861386138614 0.15694444444444444 0.09405940594059406
3 0.3680555555555556 0.8056930693069307 0.18055555555555555 0.12128712871287128
5 0.5291666666666667 0.8898514851485149 0.1111111111111111 0.12128712871287128
5 0.6069444444444444 0.8935643564356436 0.058333333333333334 0.06930693069306931
5 0.6381944444444444 0.8787128712871287 0.05138888888888889 0.06435643564356436
5 0.7138888888888889 0.905940594059406 0.1111111111111111 0.1188118811881188
5 0.8138888888888889 0.9542079207920792 0.06111111111111111 0.07178217821782178
5 0.8520833333333333 0.9306930693069307 0.07361111111111111 0.07425742574257425
5 0.9173611111111111 0.9616336633663366 0.06527777777777778 0.06683168316831684
5 0.9534722222222223 0.9393564356435643 0.07083333333333333 0.07178217821782178
7 0.3270312 0.7252778 0.0571872 0.0966668