2 0.1597222222222222 0.8267326732673267 0.14444444444444443 0.10396039603960396
3 0.31180555555555556 0.8589108910891089 0.15694444444444444 0.09405940594059406
3 0.3611111111111111 0.8056930693069307 0.17777777777777778 0.12128712871287128
5 0.525 0.8910891089108911 0.1111111111111111 0.12376237623762376
5 0.6013888888888889 0.8935643564356436 0.058333333333333334 0.06930693069306931
5 0.6340277777777777 0.8787128712871287 0.05138888888888889 0.06435643564356436
5 0.7097222222222223 0.905940594059406 0.1111111111111111 0.1188118811881188
5 0.8111111111111111 0.9566831683168316 0.06111111111111111 0.07178217821782178
5 0.8479166666666667 0.9306930693069307 0.07361111111111111 0.07425742574257425
5 0.9125 0.9616336633663366 0.06666666666666667 0.06683168316831684
5 0.9479166666666666 0.9418316831683168 0.07361111111111111 0.07178217821782178
7 0.3280468 0.6845836000000001 0.0498438 0.194167