0 0.010416666666666666 0.6163366336633663 0.020833333333333332 0.1485148514851485
2 0.09861111111111111 0.6646039603960396 0.09444444444444444 0.05198019801980198
3 0.19583333333333333 0.6311881188118812 0.09166666666666666 0.04950495049504951
3 0.19930555555555557 0.6646039603960396 0.08472222222222223 0.04207920792079208
5 0.3236111111111111 0.6720297029702971 0.04722222222222222 0.04702970297029703
5 0.40625 0.6633663366336634 0.05138888888888889 0.054455445544554455
5 0.4625 0.6683168316831684 0.03333333333333333 0.04455445544554455
5 0.50625 0.6732673267326733 0.034722222222222224 0.04455445544554455
5 0.5611111111111111 0.6720297029702971 0.03333333333333333 0.03712871287128713
6 0.6381944444444444 0.6608910891089109 0.029166666666666667 0.0594059405940594
15 0.3236111111111111 0.6720297029702971 0.03777777777777778 0.03762376237623763
16 0.40625 0.6633663366336634 0.04111111111111111 0.04356435643564357
19 0.4625 0.6683168316831684 0.02666666666666667 0.03564356435643564
18 0.50625 0.6732673267326733 0.02777777777777778 0.03564356435643564
14 0.5611111111111111 0.6720297029702971 0.02666666666666667 0.0297029702970297
7 0.1776564 0.5848612000000001 0.0396876 0.0802778
29 0.010416666666666666 0.6163366336633663 0.016666666666666666 0.1188118811881188