2 0.13472222222222222 0.8391089108910891 0.14444444444444443 0.09900990099009901
3 0.29305555555555557 0.8638613861386139 0.15555555555555556 0.07920792079207921
3 0.34444444444444444 0.8118811881188119 0.17777777777777778 0.12376237623762376
5 0.5083333333333333 0.8997524752475248 0.1111111111111111 0.11633663366336634
5 0.5819444444444445 0.9022277227722773 0.05555555555555555 0.06188118811881188
5 0.6118055555555556 0.8836633663366337 0.0625 0.06930693069306931
5 0.6909722222222222 0.9170792079207921 0.10972222222222222 0.12128712871287128
5 0.7875 0.9579207920792079 0.06666666666666667 0.06435643564356436
5 0.8277777777777777 0.9418316831683168 0.06944444444444445 0.07673267326732673
5 0.8986111111111111 0.9678217821782178 0.058333333333333334 0.04950495049504951
5 0.9277777777777778 0.9542079207920792 0.06944444444444445 0.07673267326732673