0 0.010547 0.615972 0.019531 0.148611
2 0.098047 0.663889 0.094531 0.052778
3 0.195703 0.630556 0.091406 0.050000
3 0.198828 0.663889 0.085156 0.041667
5 0.323437 0.670833 0.046875 0.047222
5 0.405859 0.663194 0.050781 0.054167
5 0.462109 0.668056 0.033594 0.044444
5 0.505859 0.672222 0.035156 0.044444
5 0.560547 0.671528 0.033594 0.037500
6 0.637891 0.660417 0.028906 0.059722
15 0.323437 0.671528 0.037500 0.037500
16 0.405859 0.662500 0.041406 0.044444
19 0.462109 0.668056 0.027344 0.036111
18 0.505859 0.672222 0.027344 0.036111
14 0.560937 0.671528 0.026562 0.029167
7 0.174219 0.583333 0.028125 0.075000
29 0.010547 0.615972 0.015624800000000001 0.1188888