0 0.010547 0.614583 0.019531 0.148611
2 0.098047 0.663194 0.094531 0.054167
3 0.195312 0.630556 0.090625 0.050000
3 0.198437 0.663194 0.084375 0.043056
5 0.322656 0.669444 0.046875 0.047222
5 0.405078 0.661806 0.050781 0.054167
5 0.461328 0.668056 0.033594 0.044444
5 0.505078 0.671528 0.035156 0.043056
5 0.560547 0.671528 0.033594 0.037500
6 0.637891 0.660417 0.028906 0.059722
5 0.294922 0.591667 0.033594 0.055556
13 0.294531 0.591667 0.026562 0.044444
7 0.167969 0.583333 0.029687 0.063889
29 0.010547 0.614583 0.015624800000000001 0.1188888