2 0.16944444444444445 0.8415841584158416 0.14444444444444443 0.09900990099009901
3 0.3277777777777778 0.8688118811881188 0.15555555555555556 0.07920792079207921
3 0.37916666666666665 0.8118811881188119 0.17777777777777778 0.12376237623762376
5 0.5409722222222222 0.9047029702970297 0.1125 0.11633663366336634
5 0.6138888888888889 0.9071782178217822 0.05555555555555555 0.06188118811881188
5 0.6451388888888889 0.8886138613861386 0.0625 0.06930693069306931
5 0.7243055555555555 0.9220297029702971 0.10972222222222222 0.12128712871287128
5 0.8201388888888889 0.9616336633663366 0.06805555555555555 0.06188118811881188
5 0.8611111111111112 0.9443069306930693 0.06944444444444445 0.07673267326732673
5 0.9319444444444445 0.969059405940594 0.058333333333333334 0.04702970297029703
5 0.9611111111111111 0.9566831683168316 0.06666666666666667 0.07673267326732673