0 0.0125 0.6175742574257426 0.025 0.14108910891089108
2 0.18263888888888888 0.6534653465346535 0.10416666666666667 0.04455445544554455
3 0.2965277777777778 0.6695544554455446 0.0875 0.04702970297029703
3 0.7159722222222222 0.655940594059406 0.0625 0.07920792079207921
5 0.7625 0.6683168316831684 0.030555555555555555 0.034653465346534656
5 0.9416666666666667 0.6621287128712872 0.041666666666666664 0.04207920792079208
5 0.9770833333333333 0.6633663366336634 0.029166666666666667 0.04455445544554455
6 0.7534722222222222 0.6051980198019802 0.03194444444444444 0.05198019801980198
10 0.428516 0.654167 0.097656 0.058333
27 0.438281 0.650694 0.031250 0.034722
10 0.345703 0.655556 0.066406 0.041667
29 0.0125 0.6175742574257426 0.020000000000000004 0.11287128712871286