0 0.010547 0.613194 0.019531 0.148611
2 0.098047 0.661806 0.094531 0.054167
3 0.194531 0.630556 0.090625 0.050000
3 0.197656 0.661806 0.084375 0.043056
5 0.321875 0.668056 0.046875 0.047222
5 0.404687 0.661806 0.050000 0.054167
5 0.460938 0.668056 0.034375 0.044444
5 0.504687 0.671528 0.034375 0.043056
5 0.560547 0.671528 0.033594 0.037500
6 0.637891 0.660417 0.028906 0.059722
5 0.217188 0.588194 0.028125 0.045833
7 0.171484 0.581250 0.025781 0.087500
13 0.217188 0.587500 0.025000 0.038889
29 0.010547 0.613194 0.015624800000000001 0.1188888