2 0.08263888888888889 0.8254950495049505 0.1486111111111111 0.09653465346534654
3 0.23958333333333334 0.8564356435643564 0.15694444444444444 0.09405940594059406
3 0.2951388888888889 0.7970297029702971 0.18472222222222223 0.12376237623762376
5 0.39166666666666666 0.6423267326732673 0.05277777777777778 0.08168316831683169
5 0.4534722222222222 0.8910891089108911 0.10694444444444444 0.1188118811881188
5 0.5319444444444444 0.8935643564356436 0.058333333333333334 0.06930693069306931
5 0.6319444444444444 0.905940594059406 0.1111111111111111 0.1188118811881188
5 0.7354166666666667 0.948019801980198 0.07083333333333333 0.07920792079207921
5 0.7729166666666667 0.9282178217821783 0.06805555555555555 0.07425742574257425
5 0.8423611111111111 0.9603960396039604 0.0625 0.06930693069306931
5 0.8743055555555556 0.9405940594059405 0.07361111111111111 0.07425742574257425
5 0.9618055555555556 0.9653465346534653 0.06527777777777778 0.0594059405940594
7 0.23273439999999998 0.7258334 0.06953140000000001 0.1027782