2 0.08194444444444444 0.8254950495049505 0.14722222222222223 0.09653465346534654
3 0.23680555555555555 0.8564356435643564 0.15694444444444444 0.09405940594059406
3 0.29375 0.7970297029702971 0.18472222222222223 0.12376237623762376
5 0.41388888888888886 0.6522277227722773 0.05277777777777778 0.08663366336633663
5 0.45208333333333334 0.8910891089108911 0.10694444444444444 0.1188118811881188
5 0.5305555555555556 0.8935643564356436 0.058333333333333334 0.06930693069306931
5 0.6305555555555555 0.905940594059406 0.1111111111111111 0.1188118811881188
5 0.7340277777777777 0.948019801980198 0.07083333333333333 0.07920792079207921
5 0.7715277777777778 0.926980198019802 0.06805555555555555 0.07178217821782178
5 0.8402777777777778 0.9603960396039604 0.06388888888888888 0.06930693069306931
5 0.8729166666666667 0.9405940594059405 0.07361111111111111 0.07425742574257425
5 0.9604166666666667 0.9653465346534653 0.06527777777777778 0.0594059405940594
7 0.2333592 0.7247222 0.0726562 0.09722259999999999