2 0.0798611111111111 0.8254950495049505 0.14583333333333334 0.09653465346534654
3 0.23402777777777778 0.8551980198019802 0.15694444444444444 0.09158415841584158
3 0.29097222222222224 0.7970297029702971 0.18472222222222223 0.12376237623762376
5 0.4395833333333333 0.6757425742574258 0.05138888888888889 0.08415841584158416
5 0.45069444444444445 0.8910891089108911 0.10694444444444444 0.1188118811881188
5 0.5291666666666667 0.8935643564356436 0.058333333333333334 0.06930693069306931
5 0.6291666666666667 0.905940594059406 0.1111111111111111 0.1188118811881188
5 0.7326388888888888 0.948019801980198 0.07083333333333333 0.07920792079207921
5 0.7694444444444445 0.9257425742574258 0.06944444444444445 0.07425742574257425
5 0.8375 0.9603960396039604 0.06388888888888888 0.06930693069306931
5 0.8701388888888889 0.9405940594059405 0.07361111111111111 0.07425742574257425
5 0.9569444444444445 0.9653465346534653 0.06666666666666667 0.0594059405940594
7 0.23253314285714285 0.7229165714285715 0.074665 0.09464314285714286