2 0.07916666666666666 0.8254950495049505 0.14722222222222223 0.09653465346534654
3 0.23402777777777778 0.8551980198019802 0.15694444444444444 0.09158415841584158
3 0.28958333333333336 0.7970297029702971 0.18472222222222223 0.12376237623762376
5 0.44513888888888886 0.6831683168316832 0.05138888888888889 0.08415841584158416
5 0.45069444444444445 0.8910891089108911 0.10694444444444444 0.1188118811881188
5 0.5291666666666667 0.8935643564356436 0.058333333333333334 0.06930693069306931
5 0.6291666666666667 0.905940594059406 0.1111111111111111 0.1188118811881188
5 0.7326388888888888 0.948019801980198 0.07083333333333333 0.07920792079207921
5 0.7680555555555556 0.9257425742574258 0.06944444444444445 0.07425742574257425
5 0.8368055555555556 0.9603960396039604 0.0625 0.06930693069306931
5 0.8701388888888889 0.9405940594059405 0.07361111111111111 0.07425742574257425
5 0.95625 0.9653465346534653 0.06527777777777778 0.0594059405940594
7 0.2310822857142857 0.7222221428571428 0.073549 0.09761928571428571