2 0.07708333333333334 0.8242574257425742 0.14583333333333334 0.09405940594059406
3 0.23125 0.8551980198019802 0.15694444444444444 0.09158415841584158
3 0.28680555555555554 0.7970297029702971 0.18472222222222223 0.12376237623762376
5 0.4479166666666667 0.8910891089108911 0.10694444444444444 0.1188118811881188
5 0.4583333333333333 0.7042079207920792 0.05277777777777778 0.08168316831683169
5 0.5263888888888889 0.8935643564356436 0.058333333333333334 0.06930693069306931
5 0.6277777777777778 0.905940594059406 0.1111111111111111 0.1188118811881188
5 0.7298611111111111 0.948019801980198 0.07083333333333333 0.07920792079207921
5 0.7666666666666667 0.9245049504950495 0.06944444444444445 0.07178217821782178
5 0.8347222222222223 0.9603960396039604 0.06388888888888888 0.06930693069306931
5 0.8673611111111111 0.9405940594059405 0.07361111111111111 0.07425742574257425
5 0.9527777777777777 0.9653465346534653 0.06666666666666667 0.0594059405940594
7 0.22672971428571428 0.7201388571428572 0.070201 0.10654771428571429