2 0.07361111111111111 0.8242574257425742 0.14444444444444443 0.09405940594059406
3 0.22569444444444445 0.8539603960396039 0.15694444444444444 0.0891089108910891
3 0.2798611111111111 0.7970297029702971 0.18472222222222223 0.12376237623762376
5 0.4423611111111111 0.8910891089108911 0.10694444444444444 0.1188118811881188
5 0.47638888888888886 0.7363861386138614 0.05277777777777778 0.07673267326732673
5 0.5208333333333334 0.8935643564356436 0.058333333333333334 0.06930693069306931
5 0.6222222222222222 0.905940594059406 0.1111111111111111 0.1188118811881188
5 0.7243055555555555 0.9455445544554455 0.07083333333333333 0.07920792079207921
5 0.7638888888888888 0.9245049504950495 0.06944444444444445 0.07178217821782178
5 0.8305555555555556 0.9616336633663366 0.06388888888888888 0.06683168316831684
5 0.8631944444444445 0.9405940594059405 0.07361111111111111 0.07425742574257425
5 0.9472222222222222 0.9641089108910891 0.06666666666666667 0.06188118811881188
7 0.22181885714285715 0.7243054285714285 0.06841528571428572 0.09980171428571429