2 0.07222222222222222 0.8242574257425742 0.14444444444444443 0.09405940594059406
3 0.22430555555555556 0.8539603960396039 0.15694444444444444 0.0891089108910891
3 0.27847222222222223 0.7970297029702971 0.18472222222222223 0.12376237623762376
5 0.4409722222222222 0.8910891089108911 0.10694444444444444 0.1188118811881188
5 0.47847222222222224 0.7400990099009901 0.05416666666666667 0.07425742574257425
5 0.5194444444444445 0.8935643564356436 0.058333333333333334 0.06930693069306931
5 0.6208333333333333 0.905940594059406 0.1111111111111111 0.1188118811881188
5 0.7229166666666667 0.9455445544554455 0.07083333333333333 0.07920792079207921
5 0.7638888888888888 0.926980198019802 0.06944444444444445 0.07178217821782178
5 0.8291666666666667 0.9616336633663366 0.06388888888888888 0.06683168316831684
5 0.8618055555555556 0.943069306930693 0.07361111111111111 0.07425742574257425
5 0.9451388888888889 0.9641089108910891 0.06805555555555555 0.06188118811881188
7 0.2208142857142857 0.7270831428571428 0.06863842857142857 0.09345257142857143