2 0.06875 0.8254950495049505 0.1375 0.09158415841584158
3 0.21736111111111112 0.8539603960396039 0.15694444444444444 0.0891089108910891
3 0.27291666666666664 0.7970297029702971 0.18472222222222223 0.12376237623762376
5 0.4340277777777778 0.8910891089108911 0.10694444444444444 0.1188118811881188
5 0.47638888888888886 0.7413366336633663 0.058333333333333334 0.06683168316831684
5 0.5125 0.8935643564356436 0.058333333333333334 0.06930693069306931
5 0.6138888888888889 0.905940594059406 0.1111111111111111 0.1188118811881188
5 0.7159722222222222 0.9455445544554455 0.07083333333333333 0.07920792079207921
5 0.7569444444444444 0.9245049504950495 0.06944444444444445 0.07178217821782178
5 0.8215277777777777 0.9591584158415841 0.06527777777777778 0.06683168316831684
5 0.8548611111111111 0.9405940594059405 0.07361111111111111 0.07425742574257425
5 0.9395833333333333 0.9641089108910891 0.06805555555555555 0.06188118811881188
7 0.215185125 0.72673575 0.068261875 0.09201424999999999