2 0.06805555555555555 0.8254950495049505 0.1361111111111111 0.09158415841584158
3 0.21597222222222223 0.8539603960396039 0.15694444444444444 0.0891089108910891
3 0.2701388888888889 0.7970297029702971 0.18472222222222223 0.12376237623762376
5 0.4326388888888889 0.8886138613861386 0.10694444444444444 0.1188118811881188
5 0.47430555555555554 0.7388613861386139 0.059722222222222225 0.06683168316831684
5 0.5111111111111111 0.8910891089108911 0.058333333333333334 0.06930693069306931
5 0.6111111111111112 0.9034653465346535 0.1111111111111111 0.1188118811881188
5 0.7131944444444445 0.9455445544554455 0.07083333333333333 0.07920792079207921
5 0.7541666666666667 0.9245049504950495 0.06944444444444445 0.07178217821782178
5 0.8194444444444444 0.9591584158415841 0.06388888888888888 0.06683168316831684
5 0.8520833333333333 0.9405940594059405 0.07361111111111111 0.07425742574257425
5 0.9368055555555556 0.9641089108910891 0.06805555555555555 0.06188118811881188
7 0.213134375 0.72604125 0.068066625 0.09270875