2 0.06666666666666667 0.8254950495049505 0.13333333333333333 0.09158415841584158
3 0.21319444444444444 0.8539603960396039 0.15694444444444444 0.0891089108910891
3 0.26875 0.7945544554455446 0.18472222222222223 0.12376237623762376
5 0.42986111111111114 0.8886138613861386 0.10694444444444444 0.1188118811881188
5 0.4722222222222222 0.7376237623762376 0.06111111111111111 0.06435643564356436
5 0.5083333333333333 0.8910891089108911 0.058333333333333334 0.06930693069306931
5 0.6097222222222223 0.9034653465346535 0.1111111111111111 0.1188118811881188
5 0.7118055555555556 0.9455445544554455 0.07083333333333333 0.07920792079207921
5 0.7520833333333333 0.9245049504950495 0.06805555555555555 0.07178217821782178
5 0.8166666666666667 0.9591584158415841 0.06388888888888888 0.06683168316831684
5 0.8493055555555555 0.9405940594059405 0.07361111111111111 0.07425742574257425
5 0.9354166666666667 0.9628712871287128 0.06805555555555555 0.06435643564356436
7 0.21099299999999999 0.7258924285714285 0.06863857142857142 0.09265914285714286