2 0.058333333333333334 0.8279702970297029 0.11666666666666667 0.09158415841584158
3 0.19930555555555557 0.8539603960396039 0.15694444444444444 0.0891089108910891
3 0.2548611111111111 0.7945544554455446 0.18472222222222223 0.12376237623762376
5 0.41597222222222224 0.8861386138613861 0.10694444444444444 0.1188118811881188
5 0.44583333333333336 0.7425742574257426 0.06111111111111111 0.06435643564356436
5 0.49444444444444446 0.8886138613861386 0.058333333333333334 0.06930693069306931
5 0.5958333333333333 0.900990099009901 0.1111111111111111 0.1188118811881188
5 0.6965277777777777 0.943069306930693 0.07083333333333333 0.07920792079207921
5 0.7375 0.9232673267326733 0.06944444444444445 0.07425742574257425
5 0.8020833333333334 0.9566831683168316 0.06527777777777778 0.06683168316831684
5 0.8354166666666667 0.9381188118811881 0.07361111111111111 0.07425742574257425
5 0.9222222222222223 0.9628712871287128 0.06944444444444445 0.06435643564356436
7 0.19440088888888887 0.7253082222222221 0.069531 0.08055588888888889