2 0.05763888888888889 0.8279702970297029 0.11527777777777778 0.09158415841584158
3 0.19791666666666666 0.8539603960396039 0.15694444444444444 0.0891089108910891
3 0.2534722222222222 0.7945544554455446 0.18472222222222223 0.12376237623762376
5 0.41458333333333336 0.8861386138613861 0.10694444444444444 0.1188118811881188
5 0.44305555555555554 0.7388613861386139 0.06111111111111111 0.06188118811881188
5 0.4930555555555556 0.8886138613861386 0.058333333333333334 0.06930693069306931
5 0.5930555555555556 0.900990099009901 0.1111111111111111 0.1188118811881188
5 0.6951388888888889 0.943069306930693 0.07083333333333333 0.07920792079207921
5 0.7354166666666667 0.9220297029702971 0.06805555555555555 0.07178217821782178
5 0.7993055555555556 0.9554455445544554 0.06527777777777778 0.06930693069306931
5 0.8326388888888889 0.9381188118811881 0.07361111111111111 0.07425742574257425
5 0.9201388888888888 0.9616336633663366 0.07083333333333333 0.06683168316831684
7 0.19179666666666667 0.7245366666666666 0.069531 0.08333366666666667