2 0.10902777777777778 0.8081683168316832 0.14305555555555555 0.10148514851485149
3 0.2638888888888889 0.8391089108910891 0.15555555555555556 0.07920792079207921
3 0.31527777777777777 0.7846534653465347 0.17777777777777778 0.12376237623762376
5 0.4791666666666667 0.8688118811881188 0.1111111111111111 0.11386138613861387
5 0.5555555555555556 0.870049504950495 0.05555555555555555 0.06188118811881188
5 0.5826388888888889 0.8514851485148515 0.0625 0.06930693069306931
5 0.6604166666666667 0.8849009900990099 0.10972222222222222 0.12128712871287128
5 0.7597222222222222 0.9294554455445545 0.06666666666666667 0.07178217821782178
5 0.7993055555555556 0.905940594059406 0.06805555555555555 0.07920792079207921
5 0.8597222222222223 0.9381188118811881 0.058333333333333334 0.054455445544554455
5 0.8958333333333334 0.9183168316831684 0.06944444444444445 0.07920792079207921
5 0.9777777777777777 0.9579207920792079 0.03611111111111111 0.06930693069306931