2 0.05347222222222222 0.8292079207920792 0.10694444444444444 0.0891089108910891
3 0.18958333333333333 0.8539603960396039 0.15694444444444444 0.0891089108910891
3 0.2465277777777778 0.7945544554455446 0.18472222222222223 0.12376237623762376
5 0.4076388888888889 0.8836633663366337 0.10694444444444444 0.1188118811881188
5 0.43819444444444444 0.7314356435643564 0.059722222222222225 0.06188118811881188
5 0.4847222222222222 0.8861386138613861 0.058333333333333334 0.06930693069306931
5 0.5861111111111111 0.8985148514851485 0.1111111111111111 0.1188118811881188
5 0.6868055555555556 0.9405940594059405 0.07083333333333333 0.07920792079207921
5 0.7277777777777777 0.9220297029702971 0.06944444444444445 0.07178217821782178
5 0.7909722222222222 0.9554455445544554 0.06527777777777778 0.06930693069306931
5 0.8243055555555555 0.9356435643564357 0.07361111111111111 0.07425742574257425
5 0.9131944444444444 0.9616336633663366 0.07083333333333333 0.06683168316831684