2 0.050694444444444445 0.8292079207920792 0.10138888888888889 0.0891089108910891
3 0.1840277777777778 0.8551980198019802 0.15694444444444444 0.09158415841584158
3 0.24097222222222223 0.7945544554455446 0.18472222222222223 0.12376237623762376
5 0.40208333333333335 0.8836633663366337 0.10694444444444444 0.1188118811881188
5 0.4284722222222222 0.7227722772277227 0.059722222222222225 0.0594059405940594
5 0.4791666666666667 0.8861386138613861 0.058333333333333334 0.06930693069306931
5 0.5805555555555556 0.8985148514851485 0.1111111111111111 0.1188118811881188
5 0.68125 0.9405940594059405 0.07083333333333333 0.07920792079207921
5 0.7215277777777778 0.9207920792079208 0.06805555555555555 0.07425742574257425
5 0.7854166666666667 0.9529702970297029 0.06527777777777778 0.06930693069306931
5 0.81875 0.9356435643564357 0.07361111111111111 0.07425742574257425
5 0.9076388888888889 0.9616336633663366 0.07083333333333333 0.06683168316831684