2 0.04513888888888889 0.8304455445544554 0.09027777777777778 0.08663366336633663
3 0.17430555555555555 0.8551980198019802 0.15694444444444444 0.09158415841584158
3 0.23125 0.7920792079207921 0.18472222222222223 0.12376237623762376
5 0.3923611111111111 0.8811881188118812 0.10694444444444444 0.1188118811881188
5 0.4215277777777778 0.7339108910891089 0.05694444444444444 0.08168316831683169
5 0.46944444444444444 0.8836633663366337 0.058333333333333334 0.06930693069306931
5 0.5708333333333333 0.8960396039603961 0.1111111111111111 0.1188118811881188
5 0.6715277777777777 0.9405940594059405 0.07083333333333333 0.07920792079207921
5 0.7118055555555556 0.9207920792079208 0.06805555555555555 0.07425742574257425
5 0.775 0.9529702970297029 0.06666666666666667 0.06930693069306931
5 0.8090277777777778 0.9331683168316832 0.07361111111111111 0.07425742574257425
5 0.8986111111111111 0.9603960396039604 0.07222222222222222 0.06930693069306931