2 0.04375 0.8304455445544554 0.0875 0.08663366336633663
3 0.17291666666666666 0.8551980198019802 0.15694444444444444 0.09158415841584158
3 0.2298611111111111 0.7920792079207921 0.18472222222222223 0.12376237623762376
5 0.38958333333333334 0.8811881188118812 0.10694444444444444 0.1188118811881188
5 0.42430555555555555 0.7487623762376238 0.05694444444444444 0.08168316831683169
5 0.46805555555555556 0.8836633663366337 0.058333333333333334 0.06930693069306931
5 0.5680555555555555 0.8960396039603961 0.1111111111111111 0.1188118811881188
5 0.66875 0.9405940594059405 0.07083333333333333 0.07920792079207921
5 0.7097222222222223 0.9195544554455446 0.06944444444444445 0.07178217821782178
5 0.7722222222222223 0.9517326732673267 0.06666666666666667 0.07178217821782178
5 0.80625 0.9331683168316832 0.07361111111111111 0.07425742574257425
5 0.8972222222222223 0.9603960396039604 0.07222222222222222 0.06930693069306931