2 0.04236111111111111 0.8304455445544554 0.08472222222222223 0.08663366336633663
3 0.16875 0.8551980198019802 0.15694444444444444 0.09158415841584158
3 0.22708333333333333 0.7920792079207921 0.18472222222222223 0.12376237623762376
5 0.38680555555555557 0.8811881188118812 0.10694444444444444 0.1188118811881188
5 0.42430555555555555 0.7772277227722773 0.05694444444444444 0.08415841584158416
5 0.4638888888888889 0.8836633663366337 0.058333333333333334 0.06930693069306931
5 0.5652777777777778 0.8960396039603961 0.1111111111111111 0.1188118811881188
5 0.6659722222222222 0.9381188118811881 0.07083333333333333 0.07920792079207921
5 0.70625 0.9195544554455446 0.06805555555555555 0.07178217821782178
5 0.76875 0.9517326732673267 0.06527777777777778 0.07178217821782178
5 0.8020833333333334 0.9331683168316832 0.07361111111111111 0.07425742574257425
5 0.89375 0.9603960396039604 0.07361111111111111 0.06930693069306931