2 0.04097222222222222 0.8304455445544554 0.08194444444444444 0.08663366336633663
3 0.1673611111111111 0.8551980198019802 0.15694444444444444 0.09158415841584158
3 0.22430555555555556 0.7920792079207921 0.18472222222222223 0.12376237623762376
5 0.3854166666666667 0.8811881188118812 0.10694444444444444 0.1188118811881188
5 0.4222222222222222 0.7883663366336634 0.058333333333333334 0.08168316831683169
5 0.4625 0.8836633663366337 0.058333333333333334 0.06930693069306931
5 0.5625 0.8960396039603961 0.1111111111111111 0.1188118811881188
5 0.6631944444444444 0.9381188118811881 0.07083333333333333 0.07920792079207921
5 0.7034722222222223 0.9183168316831684 0.06805555555555555 0.07425742574257425
5 0.7666666666666667 0.9504950495049505 0.06666666666666667 0.06930693069306931
5 0.8006944444444445 0.9331683168316832 0.07361111111111111 0.07425742574257425
5 0.8916666666666667 0.9603960396039604 0.07222222222222222 0.06930693069306931