2 0.03611111111111111 0.8316831683168316 0.07222222222222222 0.08415841584158416
3 0.15902777777777777 0.8551980198019802 0.15694444444444444 0.09158415841584158
3 0.21597222222222223 0.7920792079207921 0.18472222222222223 0.12376237623762376
5 0.3770833333333333 0.8787128712871287 0.10694444444444444 0.1188118811881188
5 0.4222222222222222 0.7995049504950495 0.06111111111111111 0.07425742574257425
5 0.45416666666666666 0.8811881188118812 0.058333333333333334 0.06930693069306931
5 0.5541666666666667 0.8935643564356436 0.1111111111111111 0.1188118811881188
5 0.6548611111111111 0.9381188118811881 0.07083333333333333 0.07920792079207921
5 0.6951388888888889 0.9183168316831684 0.06805555555555555 0.07425742574257425
5 0.7569444444444444 0.9492574257425742 0.06666666666666667 0.07178217821782178
5 0.7909722222222222 0.9306930693069307 0.07361111111111111 0.07425742574257425
5 0.8840277777777777 0.9591584158415841 0.07361111111111111 0.07178217821782178