0 0.07708333333333334 0.823019801980198 0.15416666666666667 0.10148514851485149
14 0.42291666666666666 0.879950495049505 0.05138888888888889 0.08168316831683169
15 0.44375 0.8972772277227723 0.1375 0.04702970297029703
16 0.7666666666666667 0.8032178217821783 0.06944444444444445 0.06188118811881188
2 0.07013888888888889 0.8985148514851485 0.09583333333333334 0.07425742574257425
2 0.15486111111111112 0.9071782178217822 0.08472222222222223 0.05693069306930693
2 0.23541666666666666 0.9084158415841584 0.08472222222222223 0.06930693069306931
2 0.7972222222222223 0.8254950495049505 0.041666666666666664 0.04702970297029703
5 0.5527777777777778 0.8254950495049505 0.044444444444444446 0.29455445544554454
7 0.7569444444444444 0.905940594059406 0.2222222222222222 0.07920792079207921
12 0.7972222222222223 0.8254950495049505 0.03333333333333333 0.03762376237623763