0 0.07361111111111111 0.823019801980198 0.14722222222222223 0.10148514851485149
14 0.4173611111111111 0.879950495049505 0.05138888888888889 0.08168316831683169
15 0.43819444444444444 0.8972772277227723 0.1375 0.04702970297029703
16 0.7541666666666667 0.8081683168316832 0.06944444444444445 0.06188118811881188
2 0.06319444444444444 0.8985148514851485 0.09583333333333334 0.07425742574257425
2 0.14791666666666667 0.9071782178217822 0.08472222222222223 0.05693069306930693
2 0.22847222222222222 0.9084158415841584 0.08472222222222223 0.06930693069306931
2 0.7847222222222222 0.8304455445544554 0.041666666666666664 0.04702970297029703
5 0.5458333333333333 0.8254950495049505 0.044444444444444446 0.29455445544554454
7 0.75 0.905940594059406 0.2222222222222222 0.07920792079207921
12 0.7847222222222222 0.8304455445544554 0.03333333333333333 0.03762376237623763