0 0.07152777777777777 0.8254950495049505 0.14305555555555555 0.10148514851485149
14 0.4131944444444444 0.879950495049505 0.05138888888888889 0.08168316831683169
15 0.4354166666666667 0.8972772277227723 0.1375 0.04702970297029703
16 0.7472222222222222 0.8106435643564357 0.06944444444444445 0.06188118811881188
2 0.059027777777777776 0.8985148514851485 0.09583333333333334 0.07425742574257425
2 0.14375 0.9071782178217822 0.08472222222222223 0.05693069306930693
2 0.22430555555555556 0.9108910891089109 0.08472222222222223 0.06930693069306931
2 0.7763888888888889 0.8329207920792079 0.041666666666666664 0.04702970297029703
5 0.5430555555555555 0.823019801980198 0.044444444444444446 0.29455445544554454
7 0.7458333333333333 0.905940594059406 0.2222222222222222 0.07920792079207921
12 0.7763888888888889 0.8329207920792079 0.03333333333333333 0.03762376237623763