0 0.06527777777777778 0.8279702970297029 0.13055555555555556 0.10148514851485149
14 0.40347222222222223 0.879950495049505 0.05138888888888889 0.08168316831683169
15 0.42569444444444443 0.8972772277227723 0.1375 0.04702970297029703
16 0.7236111111111111 0.8205445544554455 0.06944444444444445 0.06188118811881188
2 0.04722222222222222 0.8985148514851485 0.09444444444444444 0.07425742574257425
2 0.13194444444444445 0.9071782178217822 0.08333333333333333 0.05693069306930693
2 0.21319444444444444 0.9133663366336634 0.08472222222222223 0.06930693069306931
2 0.7569444444444444 0.8403465346534653 0.041666666666666664 0.04702970297029703
5 0.5319444444444444 0.823019801980198 0.044444444444444446 0.29455445544554454
7 0.7347222222222223 0.9084158415841584 0.2222222222222222 0.07920792079207921
12 0.7569444444444444 0.8403465346534653 0.03333333333333333 0.03762376237623763