0 0.0625 0.8279702970297029 0.125 0.10148514851485149
14 0.3951388888888889 0.879950495049505 0.05138888888888889 0.08168316831683169
15 0.41875 0.8972772277227723 0.1375 0.04702970297029703
16 0.6958333333333333 0.8279702970297029 0.06944444444444445 0.06188118811881188
2 0.04375 0.8985148514851485 0.0875 0.07425742574257425
2 0.12291666666666666 0.9071782178217822 0.08194444444444444 0.05693069306930693
2 0.20625 0.9133663366336634 0.08472222222222223 0.06930693069306931
2 0.7611111111111111 0.823019801980198 0.041666666666666664 0.04702970297029703
5 0.5263888888888889 0.823019801980198 0.044444444444444446 0.29455445544554454
7 0.7263888888888889 0.9084158415841584 0.2222222222222222 0.07920792079207921
12 0.7611111111111111 0.823019801980198 0.03333333333333333 0.03762376237623763