0 0.225 0.6547029702970297 0.08333333333333333 0.05198019801980198
1 0.13819444444444445 0.6571782178217822 0.07916666666666666 0.06188118811881188
14 0.425 0.650990099009901 0.030555555555555555 0.04950495049504951
15 0.4152777777777778 0.6237623762376238 0.041666666666666664 0.04455445544554455
2 0.28402777777777777 0.6794554455445545 0.034722222222222224 0.03712871287128713
2 0.32013888888888886 0.6757425742574258 0.0375 0.034653465346534656
2 0.36180555555555555 0.6757425742574258 0.029166666666666667 0.0297029702970297
3 0.7493055555555556 0.6745049504950495 0.0763888888888889 0.05198019801980198
4 0.05347222222222222 0.620049504950495 0.03194444444444444 0.15594059405940594
5 0.018055555555555554 0.6188118811881188 0.025 0.12376237623762376
24 0.05347222222222222 0.620049504950495 0.025555555555555554 0.12475247524752475
27 0.453125 0.665278 0.120313 0.038889