0 0.4083333333333333 0.8168316831683168 0.26944444444444443 0.07920792079207921
1 0.14305555555555555 0.801980198019802 0.16111111111111112 0.14356435643564355
1 0.25 0.7834158415841584 0.06388888888888888 0.13613861386138615
14 0.7527777777777778 0.8638613861386139 0.05555555555555555 0.0891089108910891
14 0.8611111111111112 0.875 0.058333333333333334 0.10148514851485149
17 0.38125 0.693069306930693 0.043055555555555555 0.18811881188118812
2 0.3902777777777778 0.8811881188118812 0.08888888888888889 0.06930693069306931
2 0.4736111111111111 0.8948019801980198 0.08888888888888889 0.06683168316831684
2 0.55625 0.9034653465346535 0.08472222222222223 0.06435643564356436
4 0.03194444444444444 0.7079207920792079 0.05 0.27722772277227725
5 0.013888888888888888 0.6943069306930693 0.027777777777777776 0.20544554455445543
24 0.03194444444444444 0.7079207920792079 0.04000000000000001 0.2217821782178218