0 0.24166666666666667 0.8292079207920792 0.26666666666666666 0.06435643564356436
1 0.022916666666666665 0.8081683168316832 0.04583333333333333 0.15099009900990099
1 0.08333333333333333 0.7933168316831684 0.06111111111111111 0.10643564356435643
15 0.5347222222222222 0.879950495049505 0.022222222222222223 0.07178217821782178
17 0.23402777777777778 0.7202970297029703 0.04861111111111111 0.20297029702970298
18 0.4340277777777778 0.8477722772277227 0.13194444444444445 0.09653465346534654
2 0.22013888888888888 0.8886138613861386 0.0875 0.06435643564356436
2 0.3013888888888889 0.9071782178217822 0.08333333333333333 0.07178217821782178
2 0.39305555555555555 0.9084158415841584 0.07222222222222222 0.0594059405940594
9 0.7416666666666667 0.9034653465346535 0.05555555555555555 0.07920792079207921
27 0.701562 0.910417 0.309375 0.081944