0 0.20972222222222223 0.6608910891089109 0.08888888888888889 0.04950495049504951
1 0.13472222222222222 0.6534653465346535 0.07222222222222222 0.0594059405940594
14 0.7416666666666667 0.6497524752475248 0.041666666666666664 0.05693069306930693
15 0.42430555555555555 0.655940594059406 0.03194444444444444 0.034653465346534656
17 0.5138888888888888 0.6534653465346535 0.030555555555555555 0.034653465346534656
2 0.28194444444444444 0.6757425742574258 0.03333333333333333 0.034653465346534656
2 0.32083333333333336 0.676980198019802 0.03611111111111111 0.03712871287128713
2 0.36041666666666666 0.676980198019802 0.0375 0.03217821782178218
3 0.7486111111111111 0.6782178217821783 0.06944444444444445 0.04950495049504951
4 0.05694444444444444 0.6138613861386139 0.030555555555555555 0.12376237623762376
24 0.05694444444444444 0.6138613861386139 0.024444444444444446 0.09900990099009901
9 0.463672 0.665278 0.086719 0.025000
27 0.467969 0.664583 0.114062 0.037500