0 0.23055555555555557 0.8366336633663366 0.20555555555555555 0.07425742574257425
1 0.06458333333333334 0.801980198019802 0.12638888888888888 0.13861386138613863
1 0.1638888888888889 0.7772277227722773 0.06666666666666667 0.11386138613861387
17 0.9368055555555556 0.9047029702970297 0.12083333333333333 0.05198019801980198
2 0.2590277777777778 0.6113861386138614 0.09305555555555556 0.06930693069306931
2 0.38958333333333334 0.9047029702970297 0.09027777777777778 0.06683168316831684
2 0.47152777777777777 0.905940594059406 0.09305555555555556 0.0594059405940594
9 0.7763888888888889 0.9022277227722773 0.20833333333333334 0.06683168316831684
22 0.2590277777777778 0.6113861386138614 0.07444444444444445 0.05544554455445545
8 0.38958333333333334 0.9047029702970297 0.07222222222222223 0.05346534653465347
23 0.47152777777777777 0.905940594059406 0.07444444444444445 0.047524752475247525