0 0.24027777777777778 0.8316831683168316 0.20555555555555555 0.07425742574257425
1 0.06805555555555555 0.8032178217821783 0.13333333333333333 0.14108910891089108
1 0.17222222222222222 0.7772277227722773 0.06666666666666667 0.11386138613861387
17 0.9416666666666667 0.9071782178217822 0.1111111111111111 0.05198019801980198
2 0.20208333333333334 0.6262376237623762 0.08472222222222223 0.07920792079207921
2 0.39791666666666664 0.9047029702970297 0.09027777777777778 0.06683168316831684
2 0.48125 0.905940594059406 0.09305555555555556 0.0594059405940594
9 0.7861111111111111 0.9022277227722773 0.20833333333333334 0.06683168316831684
22 0.20208333333333334 0.6262376237623762 0.06777777777777778 0.06336633663366337
8 0.39791666666666664 0.9047029702970297 0.07222222222222223 0.05346534653465347
23 0.48125 0.905940594059406 0.07444444444444445 0.047524752475247525