0 0.24722222222222223 0.8292079207920792 0.20555555555555555 0.07425742574257425
1 0.07083333333333333 0.8032178217821783 0.1388888888888889 0.14108910891089108
1 0.17777777777777778 0.7772277227722773 0.06666666666666667 0.11386138613861387
17 0.9451388888888889 0.9071782178217822 0.10416666666666667 0.05198019801980198
2 0.1763888888888889 0.6410891089108911 0.07777777777777778 0.0891089108910891
2 0.40347222222222223 0.9047029702970297 0.09027777777777778 0.06683168316831684
2 0.48680555555555555 0.905940594059406 0.09305555555555556 0.0594059405940594
9 0.7916666666666666 0.9022277227722773 0.20833333333333334 0.06683168316831684
22 0.1763888888888889 0.6410891089108911 0.06222222222222223 0.07128712871287128
8 0.40347222222222223 0.9047029702970297 0.07222222222222223 0.05346534653465347
23 0.48680555555555555 0.905940594059406 0.07444444444444445 0.047524752475247525