0 0.38263888888888886 0.8378712871287128 0.22361111111111112 0.07673267326732673
1 0.19236111111111112 0.8094059405940595 0.1625 0.1485148514851485
1 0.30972222222222223 0.7858910891089109 0.08888888888888889 0.09653465346534654
19 0.2520833333333333 0.5915841584158416 0.08194444444444444 0.24257425742574257
2 0.5173611111111112 0.8650990099009901 0.09305555555555556 0.05198019801980198
2 0.5361111111111111 0.900990099009901 0.09166666666666666 0.06930693069306931
4 0.08194444444444444 0.7215346534653465 0.05 0.28465346534653463
5 0.06111111111111111 0.7066831683168316 0.03333333333333333 0.2103960396039604
9 0.44583333333333336 0.6534653465346535 0.11944444444444445 0.0594059405940594
24 0.08194444444444444 0.7215346534653465 0.04000000000000001 0.2277227722772277
27 0.44570333333333334 0.6587966666666667 0.2679686666666667 0.10277766666666667