0 0.38263888888888886 0.8378712871287128 0.22361111111111112 0.07673267326732673
1 0.19236111111111112 0.8094059405940595 0.1625 0.1485148514851485
1 0.30972222222222223 0.7858910891089109 0.08888888888888889 0.09653465346534654
19 0.32083333333333336 0.5767326732673267 0.12222222222222222 0.22277227722772278
2 0.5173611111111112 0.8650990099009901 0.09305555555555556 0.05198019801980198
2 0.5361111111111111 0.900990099009901 0.09166666666666666 0.06930693069306931
4 0.09027777777777778 0.724009900990099 0.05 0.28465346534653463
5 0.06944444444444445 0.7116336633663366 0.03333333333333333 0.2103960396039604
9 0.4361111111111111 0.650990099009901 0.11944444444444445 0.0594059405940594
24 0.09027777777777778 0.724009900990099 0.04000000000000001 0.2277227722772277
27 0.4324215 0.6555555 0.24687499999999998 0.123611